Date:	21/02/2008		Time:	10:38		Version no:	0.00		Project name:	55		Sample name:	222		Section name:	section		Position	0.000000	mm	E0	0.000000	keV	E1	1.000000	keV/channel	sample surface	2.000000	cm	Tube anode:	Mo		Tube voltage:	30	kV	Tube current:	50	mA	gain	20		std. database	Duranglass-Mo		resultfile	result		matrix element	11		sample thickness	1.000000		air passage	0.560000	cm	comments	not in position		peaking_time	1.000000	m-sec	trigger_threshold	1008.300781	V	mca_bin_width	29.000000	no:	number_mca_channels	1024.000000	no:	gap_time	0.150000	m-sec	trigger_peaking_time	0.200000	m-sec	GAINDAC	12334		HIGHGAIN	1		TAURC	0		RCTAU	63		RCTAUFRAC	0		livetime	9.990686	seconds	runtime	10.000502	seconds	input_count_rate	1.655242	cps	output_count_rate	1.644217	cps	triggers	16537	seconds	events_in_run	16443	seconds	channel	content		1.000	0.000
2.000	0.000
3.000	0.000
4.000	0.000
5.000	0.000
6.000	0.000
7.000	0.000
8.000	0.000
9.000	0.000
10.000	0.000
11.000	0.000
12.000	0.000
13.000	0.000
14.000	0.000
15.000	0.000
16.000	0.000
17.000	0.000
18.000	0.000
19.000	0.000
20.000	0.000
21.000	0.000
22.000	0.000
23.000	0.000
24.000	0.000
25.000	0.000
26.000	0.000
27.000	0.000
28.000	0.000
29.000	0.000
30.000	0.000
31.000	795.000
32.000	1071.000
33.000	1637.000
34.000	2359.000
35.000	3001.000
36.000	3914.000
37.000	4548.000
38.000	5295.000
39.000	6290.000
40.000	7102.000
41.000	7847.000
42.000	8662.000
43.000	9227.000
44.000	9422.000
45.000	9863.000
46.000	10133.000
47.000	10082.000
48.000	10153.000
49.000	10197.000
50.000	10270.000
51.000	10285.000
52.000	10082.000
53.000	10138.000
54.000	9858.000
55.000	9981.000
56.000	9839.000
57.000	9835.000
58.000	9373.000
59.000	9408.000
60.000	9325.000
61.000	9229.000
62.000	8791.000
63.000	8811.000
64.000	8462.000
65.000	8539.000
66.000	8250.000
67.000	8210.000
68.000	8081.000
69.000	7891.000
70.000	7816.000
71.000	7614.000
72.000	7443.000
73.000	7370.000
74.000	7247.000
75.000	7101.000
76.000	7097.000
77.000	6814.000
78.000	6716.000
79.000	6653.000
80.000	6574.000
81.000	6518.000
82.000	6540.000
83.000	6641.000
84.000	6432.000
85.000	6444.000
86.000	6128.000
87.000	6149.000
88.000	6197.000
89.000	5953.000
90.000	6009.000
91.000	5904.000
92.000	6015.000
93.000	5920.000
94.000	6012.000
95.000	5966.000
96.000	6184.000
97.000	6122.000
98.000	6232.000
99.000	6194.000
100.000	6141.000
101.000	5941.000
102.000	5710.000
103.000	5632.000
104.000	5894.000
105.000	5960.000
106.000	6145.000
107.000	6189.000
108.000	6330.000
109.000	6501.000
110.000	6497.000
111.000	6386.000
112.000	6140.000
113.000	5622.000
114.000	5445.000
115.000	5087.000
116.000	4913.000
117.000	4889.000
118.000	4681.000
119.000	4573.000
120.000	4692.000
121.000	4727.000
122.000	4637.000
123.000	4917.000
124.000	4790.000
125.000	4925.000
126.000	5055.000
127.000	5150.000
128.000	5394.000
129.000	5484.000
130.000	5324.000
131.000	5100.000
132.000	5136.000
133.000	4993.000
134.000	4866.000
135.000	4640.000
136.000	4604.000
137.000	4624.000
138.000	4419.000
139.000	4395.000
140.000	4293.000
141.000	4140.000
142.000	4036.000
143.000	4084.000
144.000	4062.000
145.000	3994.000
146.000	4102.000
147.000	4007.000
148.000	4059.000
149.000	4014.000
150.000	3980.000
151.000	4109.000
152.000	4258.000
153.000	4311.000
154.000	4275.000
155.000	4346.000
156.000	4253.000
157.000	4365.000
158.000	4305.000
159.000	4418.000
160.000	4754.000
161.000	5012.000
162.000	5546.000
163.000	6221.000
164.000	6666.000
165.000	7464.000
166.000	7686.000
167.000	7464.000
168.000	7334.000
169.000	6535.000
170.000	6096.000
171.000	5274.000
172.000	4853.000
173.000	4482.000
174.000	4377.000
175.000	4310.000
176.000	4416.000
177.000	4708.000
178.000	5113.000
179.000	5520.000
180.000	6043.000
181.000	6907.000
182.000	8039.000
183.000	9306.000
184.000	10478.000
185.000	11208.000
186.000	11863.000
187.000	11906.000
188.000	11269.000
189.000	10311.000
190.000	8697.000
191.000	7642.000
192.000	6666.000
193.000	6139.000
194.000	5854.000
195.000	6186.000
196.000	6916.000
197.000	8456.000
198.000	11473.000
199.000	16434.000
200.000	24598.000
201.000	36302.000
202.000	53103.000
203.000	75257.000
204.000	99276.000
205.000	123140.000
206.000	142297.000
207.000	153008.000
208.000	151971.000
209.000	139775.000
210.000	119604.000
211.000	94076.000
212.000	68484.000
213.000	47368.000
214.000	30908.000
215.000	19642.000
216.000	13060.000
217.000	10044.000
218.000	9498.000
219.000	10725.000
220.000	13399.000
221.000	16546.000
222.000	20577.000
223.000	24397.000
224.000	27484.000
225.000	29298.000
226.000	28985.000
227.000	27459.000
228.000	24045.000
229.000	20011.000
230.000	15702.000
231.000	11991.000
232.000	9279.000
233.000	7037.000
234.000	5613.000
235.000	4882.000
236.000	4403.000
237.000	4215.000
238.000	4242.000
239.000	4272.000
240.000	4457.000
241.000	4849.000
242.000	5390.000
243.000	6363.000
244.000	8282.000
245.000	11132.000
246.000	15458.000
247.000	22151.000
248.000	31004.000
249.000	40752.000
250.000	51297.000
251.000	61840.000
252.000	68997.000
253.000	72473.000
254.000	71012.000
255.000	65949.000
256.000	57607.000
257.000	47600.000
258.000	38526.000
259.000	29794.000
260.000	23757.000
261.000	19188.000
262.000	15890.000
263.000	13494.000
264.000	11759.000
265.000	10075.000
266.000	8987.000
267.000	7977.000
268.000	7920.000
269.000	8077.000
270.000	8760.000
271.000	10185.000
272.000	11717.000
273.000	14021.000
274.000	16183.000
275.000	17976.000
276.000	19307.000
277.000	19639.000
278.000	19121.000
279.000	17865.000
280.000	15873.000
281.000	13831.000
282.000	11720.000
283.000	9733.000
284.000	8352.000
285.000	7282.000
286.000	6794.000
287.000	6514.000
288.000	6387.000
289.000	6285.000
290.000	6446.000
291.000	6782.000
292.000	6855.000
293.000	7072.000
294.000	7373.000
295.000	7562.000
296.000	7938.000
297.000	8162.000
298.000	8547.000
299.000	8865.000
300.000	8892.000
301.000	9051.000
302.000	9283.000
303.000	9220.000
304.000	9295.000
305.000	9155.000
306.000	8976.000
307.000	8861.000
308.000	8848.000
309.000	8448.000
310.000	8498.000
311.000	8404.000
312.000	8426.000
313.000	8527.000
314.000	8561.000
315.000	8686.000
316.000	8850.000
317.000	8903.000
318.000	9481.000
319.000	9700.000
320.000	10498.000
321.000	11249.000
322.000	12751.000
323.000	14918.000
324.000	18135.000
325.000	21844.000
326.000	26494.000
327.000	31115.000
328.000	35822.000
329.000	39442.000
330.000	42402.000
331.000	42813.000
332.000	41373.000
333.000	38697.000
334.000	34729.000
335.000	30697.000
336.000	26716.000
337.000	23463.000
338.000	21622.000
339.000	20403.000
340.000	20177.000
341.000	20549.000
342.000	22039.000
343.000	24476.000
344.000	28350.000
345.000	35610.000
346.000	47623.000
347.000	68766.000
348.000	104687.000
349.000	163960.000
350.000	256775.000
351.000	395156.000
352.000	586995.000
353.000	835782.000
354.000	1131651.000
355.000	1452058.000
356.000	1765941.000
357.000	2021891.000
358.000	2185907.000
359.000	2226688.000
360.000	2133480.000
361.000	1925298.000
362.000	1638056.000
363.000	1309873.000
364.000	985990.000
365.000	698835.000
366.000	469783.000
367.000	298270.000
368.000	182488.000
369.000	107580.000
370.000	62706.000
371.000	37896.000
372.000	25094.000
373.000	19064.000
374.000	16184.000
375.000	14954.000
376.000	14787.000
377.000	15212.000
378.000	15665.000
379.000	16745.000
380.000	17704.000
381.000	19650.000
382.000	22242.000
383.000	26402.000
384.000	32530.000
385.000	41808.000
386.000	55957.000
387.000	76254.000
388.000	103887.000
389.000	140966.000
390.000	185555.000
391.000	234457.000
392.000	285343.000
393.000	331858.000
394.000	366183.000
395.000	384467.000
396.000	382212.000
397.000	360009.000
398.000	320376.000
399.000	270459.000
400.000	215803.000
401.000	163410.000
402.000	118702.000
403.000	82595.000
404.000	55515.000
405.000	36765.000
406.000	24705.000
407.000	17286.000
408.000	13217.000
409.000	11067.000
410.000	9934.000
411.000	9508.000
412.000	9614.000
413.000	9572.000
414.000	9924.000
415.000	10003.000
416.000	10489.000
417.000	10418.000
418.000	10679.000
419.000	10752.000
420.000	10881.000
421.000	10686.000
422.000	10768.000
423.000	10603.000
424.000	10356.000
425.000	10426.000
426.000	10320.000
427.000	10168.000
428.000	10335.000
429.000	10413.000
430.000	10431.000
431.000	10742.000
432.000	10727.000
433.000	10662.000
434.000	10727.000
435.000	11033.000
436.000	11223.000
437.000	11420.000
438.000	11555.000
439.000	11684.000
440.000	12085.000
441.000	12528.000
442.000	12864.000
443.000	13496.000
444.000	14019.000
445.000	14685.000
446.000	15511.000
447.000	16493.000
448.000	17355.000
449.000	17898.000
450.000	18609.000
451.000	19130.000
452.000	19222.000
453.000	19240.000
454.000	19023.000
455.000	18548.000
456.000	18361.000
457.000	18313.000
458.000	17827.000
459.000	17950.000
460.000	18191.000
461.000	18047.000
462.000	18342.000
463.000	18766.000
464.000	19452.000
465.000	20181.000
466.000	21245.000
467.000	21870.000
468.000	22450.000
469.000	23145.000
470.000	22838.000
471.000	23431.000
472.000	23061.000
473.000	22729.000
474.000	22145.000
475.000	21695.000
476.000	21541.000
477.000	21395.000
478.000	21579.000
479.000	22007.000
480.000	22481.000
481.000	23455.000
482.000	24057.000
483.000	24402.000
484.000	24566.000
485.000	24206.000
486.000	24206.000
487.000	23582.000
488.000	22916.000
489.000	22461.000
490.000	21072.000
491.000	21179.000
492.000	20635.000
493.000	20239.000
494.000	20315.000
495.000	20260.000
496.000	20744.000
497.000	20644.000
498.000	20816.000
499.000	21023.000
500.000	21303.000
501.000	21262.000
502.000	21600.000
503.000	21651.000
504.000	21710.000
505.000	22122.000
506.000	22136.000
507.000	22811.000
508.000	23054.000
509.000	23377.000
510.000	23517.000
511.000	23897.000
512.000	24166.000
513.000	25173.000
514.000	25822.000
515.000	26651.000
516.000	26984.000
517.000	27334.000
518.000	27741.000
519.000	28240.000
520.000	28232.000
521.000	28169.000
522.000	28362.000
523.000	28430.000
524.000	28569.000
525.000	28500.000
526.000	28885.000
527.000	29047.000
528.000	29549.000
529.000	29710.000
530.000	29722.000
531.000	30276.000
532.000	30788.000
533.000	30927.000
534.000	31738.000
535.000	32178.000
536.000	33250.000
537.000	33320.000
538.000	33787.000
539.000	33976.000
540.000	34194.000
541.000	34444.000
542.000	34498.000
543.000	34118.000
544.000	34369.000
545.000	33401.000
546.000	33428.000
547.000	33111.000
548.000	32389.000
549.000	32175.000
550.000	32420.000
551.000	32428.000
552.000	32500.000
553.000	32287.000
554.000	33105.000
555.000	32851.000
556.000	33209.000
557.000	33442.000
558.000	33469.000
559.000	33352.000
560.000	33332.000
561.000	33332.000
562.000	33084.000
563.000	32897.000
564.000	32999.000
565.000	32884.000
566.000	32247.000
567.000	32716.000
568.000	32568.000
569.000	33197.000
570.000	32816.000
571.000	33213.000
572.000	33536.000
573.000	33412.000
574.000	33342.000
575.000	33926.000
576.000	34069.000
577.000	34130.000
578.000	34089.000
579.000	34348.000
580.000	34404.000
581.000	34574.000
582.000	35500.000
583.000	35292.000
584.000	35740.000
585.000	35865.000
586.000	35915.000
587.000	36578.000
588.000	37154.000
589.000	37031.000
590.000	37445.000
591.000	37590.000
592.000	37951.000
593.000	38209.000
594.000	38457.000
595.000	38399.000
596.000	38688.000
597.000	39445.000
598.000	39488.000
599.000	40159.000
600.000	39990.000
601.000	40413.000
602.000	40816.000
603.000	41305.000
604.000	41538.000
605.000	42264.000
606.000	42080.000
607.000	43463.000
608.000	43032.000
609.000	43409.000
610.000	43526.000
611.000	43274.000
612.000	43229.000
613.000	43385.000
614.000	43855.000
615.000	43438.000
616.000	44063.000
617.000	43836.000
618.000	43786.000
619.000	43665.000
620.000	43767.000
621.000	44074.000
622.000	43942.000
623.000	44023.000
624.000	44018.000
625.000	44439.000
626.000	44986.000
627.000	44619.000
628.000	45266.000
629.000	45677.000
630.000	45428.000
631.000	46189.000
632.000	45977.000
633.000	46192.000
634.000	46429.000
635.000	46073.000
636.000	46584.000
637.000	46262.000
638.000	45903.000
639.000	46218.000
640.000	45608.000
641.000	46087.000
642.000	45786.000
643.000	46197.000
644.000	45762.000
645.000	46234.000
646.000	45819.000
647.000	46340.000
648.000	46380.000
649.000	46693.000
650.000	46501.000
651.000	47044.000
652.000	46802.000
653.000	46493.000
654.000	47086.000
655.000	47308.000
656.000	47173.000
657.000	46816.000
658.000	47295.000
659.000	47557.000
660.000	47711.000
661.000	47971.000
662.000	48084.000
663.000	47486.000
664.000	47705.000
665.000	48058.000
666.000	47435.000
667.000	47611.000
668.000	47328.000
669.000	47597.000
670.000	47304.000
671.000	47701.000
672.000	47820.000
673.000	47241.000
674.000	47353.000
675.000	47624.000
676.000	47433.000
677.000	47954.000
678.000	47997.000
679.000	48580.000
680.000	48236.000
681.000	48690.000
682.000	49099.000
683.000	49290.000
684.000	49535.000
685.000	49538.000
686.000	49482.000
687.000	50065.000
688.000	50645.000
689.000	50718.000
690.000	50695.000
691.000	51041.000
692.000	51901.000
693.000	51777.000
694.000	52189.000
695.000	52134.000
696.000	52639.000
697.000	52819.000
698.000	53213.000
699.000	53629.000
700.000	54330.000
701.000	54434.000
702.000	54415.000
703.000	54599.000
704.000	55211.000
705.000	54923.000
706.000	55759.000
707.000	55486.000
708.000	56614.000
709.000	56493.000
710.000	56026.000
711.000	57000.000
712.000	56862.000
713.000	57125.000
714.000	57171.000
715.000	57599.000
716.000	58601.000
717.000	58400.000
718.000	58430.000
719.000	58353.000
720.000	58857.000
721.000	58638.000
722.000	58943.000
723.000	58868.000
724.000	59666.000
725.000	59398.000
726.000	59698.000
727.000	60252.000
728.000	60534.000
729.000	59731.000
730.000	60051.000
731.000	60460.000
732.000	60400.000
733.000	60089.000
734.000	60360.000
735.000	60544.000
736.000	60436.000
737.000	60119.000
738.000	60753.000
739.000	60592.000
740.000	61063.000
741.000	61238.000
742.000	61777.000
743.000	61656.000
744.000	61990.000
745.000	62795.000
746.000	63043.000
747.000	62985.000
748.000	63032.000
749.000	63480.000
750.000	63570.000
751.000	63022.000
752.000	63629.000
753.000	62918.000
754.000	62913.000
755.000	62873.000
756.000	62318.000
757.000	62677.000
758.000	62039.000
759.000	62282.000
760.000	62334.000
761.000	62071.000
762.000	62227.000
763.000	62298.000
764.000	61728.000
765.000	61926.000
766.000	61775.000
767.000	61676.000
768.000	62380.000
769.000	62619.000
770.000	62151.000
771.000	62838.000
772.000	62189.000
773.000	63184.000
774.000	63620.000
775.000	64629.000
776.000	65023.000
777.000	66052.000
778.000	68690.000
779.000	71286.000
780.000	76112.000
781.000	80575.000
782.000	86873.000
783.000	94554.000
784.000	102603.000
785.000	113021.000
786.000	123119.000
787.000	132443.000
788.000	141053.000
789.000	149108.000
790.000	154026.000
791.000	157155.000
792.000	156188.000
793.000	152564.000
794.000	147305.000
795.000	139591.000
796.000	129714.000
797.000	119563.000
798.000	109015.000
799.000	99840.000
800.000	91654.000
801.000	84155.000
802.000	78793.000
803.000	74615.000
804.000	71486.000
805.000	68658.000
806.000	67407.000
807.000	66614.000
808.000	65565.000
809.000	65731.000
810.000	65006.000
811.000	65934.000
812.000	65178.000
813.000	66057.000
814.000	66095.000
815.000	65933.000
816.000	66284.000
817.000	66336.000
818.000	66655.000
819.000	66723.000
820.000	67069.000
821.000	67313.000
822.000	67447.000
823.000	68118.000
824.000	68360.000
825.000	69569.000
826.000	70220.000
827.000	70854.000
828.000	71902.000
829.000	72352.000
830.000	73572.000
831.000	74303.000
832.000	75867.000
833.000	76642.000
834.000	76977.000
835.000	77217.000
836.000	77680.000
837.000	77462.000
838.000	77481.000
839.000	77366.000
840.000	77099.000
841.000	76304.000
842.000	75011.000
843.000	75095.000
844.000	74610.000
845.000	73991.000
846.000	73405.000
847.000	73540.000
848.000	73395.000
849.000	74208.000
850.000	74149.000
851.000	74036.000
852.000	73962.000
853.000	74043.000
854.000	74891.000
855.000	75303.000
856.000	75806.000
857.000	75368.000
858.000	75843.000
859.000	76826.000
860.000	77218.000
861.000	77402.000
862.000	77667.000
863.000	78084.000
864.000	79815.000
865.000	80161.000
866.000	80836.000
867.000	81853.000
868.000	83120.000
869.000	84640.000
870.000	86650.000
871.000	89170.000
872.000	91532.000
873.000	94486.000
874.000	97329.000
875.000	101915.000
876.000	105456.000
877.000	108900.000
878.000	113433.000
879.000	117588.000
880.000	120488.000
881.000	124810.000
882.000	126680.000
883.000	128452.000
884.000	128475.000
885.000	129234.000
886.000	128880.000
887.000	127718.000
888.000	126581.000
889.000	124445.000
890.000	123172.000
891.000	121999.000
892.000	122033.000
893.000	121720.000
894.000	122915.000
895.000	124063.000
896.000	126329.000
897.000	129675.000
898.000	133127.000
899.000	138762.000
900.000	143888.000
901.000	149385.000
902.000	156448.000
903.000	162873.000
904.000	170896.000
905.000	179093.000
906.000	188354.000
907.000	197790.000
908.000	206793.000
909.000	217517.000
910.000	227949.000
911.000	237772.000
912.000	247641.000
913.000	257648.000
914.000	266835.000
915.000	275591.000
916.000	284018.000
917.000	291211.000
918.000	297689.000
919.000	301844.000
920.000	304845.000
921.000	307841.000
922.000	308069.000
923.000	307418.000
924.000	304198.000
925.000	301398.000
926.000	295534.000
927.000	290605.000
928.000	283250.000
929.000	275063.000
930.000	267671.000
931.000	257742.000
932.000	248320.000
933.000	237886.000
934.000	227637.000
935.000	217954.000
936.000	207377.000
937.000	198331.000
938.000	188884.000
939.000	178871.000
940.000	170068.000
941.000	161597.000
942.000	154555.000
943.000	146787.000
944.000	139712.000
945.000	133544.000
946.000	127669.000
947.000	123402.000
948.000	118340.000
949.000	113974.000
950.000	109946.000
951.000	106724.000
952.000	103401.000
953.000	101374.000
954.000	99605.000
955.000	97021.000
956.000	96094.000
957.000	95751.000
958.000	95721.000
959.000	97047.000
960.000	99191.000
961.000	102658.000
962.000	107614.000
963.000	114598.000
964.000	123274.000
965.000	134208.000
966.000	146765.000
967.000	161984.000
968.000	176518.000
969.000	194029.000
970.000	210639.000
971.000	227724.000
972.000	242768.000
973.000	256188.000
974.000	264446.000
975.000	270844.000
976.000	272428.000
977.000	269262.000
978.000	261880.000
979.000	248758.000
980.000	233711.000
981.000	216476.000
982.000	197856.000
983.000	178300.000
984.000	159878.000
985.000	142420.000
986.000	126988.000
987.000	113626.000
988.000	103120.000
989.000	95225.000
990.000	88661.000
991.000	83739.000
992.000	80366.000
993.000	77052.000
994.000	75910.000
995.000	75007.000
996.000	73888.000
997.000	73875.000
998.000	73146.000
999.000	73477.000
1000.000	74031.000
1001.000	73694.000
1002.000	74566.000
1003.000	75882.000
1004.000	76499.000
1005.000	77217.000
1006.000	78276.000
1007.000	79006.000
1008.000	79740.000
1009.000	80986.000
1010.000	82092.000
1011.000	83696.000
1012.000	85273.000
1013.000	86710.000
1014.000	87709.000
1015.000	89915.000
1016.000	91838.000
1017.000	92496.000
1018.000	94868.000
1019.000	96527.000
1020.000	98190.000
1021.000	98887.000
1022.000	100705.000
1023.000	101901.000
1024.000	102238.000
