C:\Data\ITRAX\YAN_Aug 2013_Mo-Tube_Reanalysed_USE\2 mm data\YAN8B2\2\XRF data     06/08/2013  re-evaluated data
peakarea
filename	position (mm)	sample surface	validity	E-gain	E-offset	F-slope	F-offset	kcps	MSE	Al	Si	P	S	Cl	Ar	K	Ca	Ti	V	Cr	Mn	Fe	Co	Ni	Cu	Zn	As	Se	Br	Rb	Sr	Y	Zr	Sn	Cs	Ba	Ta	W	Ir	Pt	Au	Hg	Pb	Th	U	D1	S1	S2	S3	Mo inc	Mo coh	
C:\Data\ITRAX\YAN_Aug 2013_Mo-Tube_Reanalysed_USE\2 mm data\YAN8B2\2\XRF data\L000000.spe	1.55	7.09	1	0.017888	-0.007645	0.007426	0.122432	1625.71899	0.84	0	0	0	6	6	72	0	5	0	0	9	0	39	0	0	9	0	0	0	17	9	27	14	75	0	4	4	6	26	0	16	0	0	43	0	13	0	0	0	0	2115	440	
C:\Data\ITRAX\YAN_Aug 2013_Mo-Tube_Reanalysed_USE\2 mm data\YAN8B2\2\XRF data\L000001.spe	3.54	7.13	1	0.017886	-0.007645	0.007434	0.122432	2954.35205	0.99	0	0	0	15	0	91	0	0	0	0	0	9	230	37	0	19	7	23	0	0	52	125	75	189	5	0	0	0	22	0	28	0	20	0	25	42	7	0	0	0	4187	1575	
C:\Data\ITRAX\YAN_Aug 2013_Mo-Tube_Reanalysed_USE\2 mm data\YAN8B2\2\XRF data\L000002.spe	5.49	7.13	1	0.017886	-0.007645	0.007434	0.122432	3538.72192	1.10	0	8	13	6	0	89	6	0	12	0	11	0	154	32	0	17	12	0	34	19	42	173	50	305	0	0	0	6	22	0	4	0	0	17	29	43	0	0	0	1878825391465210	4645	1831	
C:\Data\ITRAX\YAN_Aug 2013_Mo-Tube_Reanalysed_USE\2 mm data\YAN8B2\2\XRF data\L000003.spe	7.48	7.13	1	0.017886	-0.007645	0.007434	0.122432	10399.97754	1.25	21	21	10	22	0	73	157	306	332	42	9	85	15515	112	0	103	123	109	36	0	195	808	34	518	0	0	0	47	102	51	9	11	14	0	19	0	18	46	19	0	11616	4535	
C:\Data\ITRAX\YAN_Aug 2013_Mo-Tube_Reanalysed_USE\2 mm data\YAN8B2\2\XRF data\L000004.spe	9.53	7.13	1	0.017886	-0.007645	0.007434	0.122432	11604.11816	1.39	10	20	0	0	0	14	233	512	480	55	30	158	22409	192	0	90	140	0	11	0	183	802	37	483	0	0	0	46	138	66	75	46	49	67	16	31	13	28	10	2069372362344216	11545	4508	
C:\Data\ITRAX\YAN_Aug 2013_Mo-Tube_Reanalysed_USE\2 mm data\YAN8B2\2\XRF data\L000005.spe	11.48	7.39	1	0.017886	-0.007645	0.007434	0.122432	17231.03516	1.35	0	31	13	0	0	44	528	1499	1147	112	53	350	54169	368	13	203	199	13	49	0	260	871	89	468	0	0	19	91	219	134	59	32	12	0	19	0	77	162	0	0	12808	4787	
C:\Data\ITRAX\YAN_Aug 2013_Mo-Tube_Reanalysed_USE\2 mm data\YAN8B2\2\XRF data\L000006.spe	13.53	7.40	1	0.017886	-0.007645	0.007432	0.122432	16586.56641	1.37	18	37	0	0	0	53	406	1559	967	112	60	338	48090	208	0	124	312	21	76	0	266	874	138	647	0	0	0	69	119	87	29	27	15	41	34	0	0	241	0	525571802792142	13955	4952	
C:\Data\ITRAX\YAN_Aug 2013_Mo-Tube_Reanalysed_USE\2 mm data\YAN8B2\2\XRF data\L000007.spe	15.48	7.38	1	0.017886	-0.007645	0.007432	0.122432	11598.21680	1.25	0	27	14	18	11	57	163	261	360	49	13	111	19969	169	9	61	107	24	86	25	203	830	100	608	0	8	10	50	86	48	8	0	12	0	31	89	38	9	0	2389856226658446	13058	4597	
C:\Data\ITRAX\YAN_Aug 2013_Mo-Tube_Reanalysed_USE\2 mm data\YAN8B2\2\XRF data\L000008.spe	17.52	7.28	1	0.017886	-0.007645	0.007432	0.122432	6923.35303	1.45	38	11	26	29	23	104	25	49	13	13	0	13	1457	27	0	26	30	22	36	29	133	588	133	383	0	0	7	19	64	15	15	0	0	0	0	31	104	0	11	0	9945	3763	
C:\Data\ITRAX\YAN_Aug 2013_Mo-Tube_Reanalysed_USE\2 mm data\YAN8B2\2\XRF data\L000009.spe	19.47	7.15	1	0.017886	-0.007645	0.007432	0.122432	8393.47852	1.48	11	10	17	25	19	92	14	5	7	0	0	0	561	57	0	0	32	0	52	0	196	704	108	530	0	0	0	19	35	0	0	0	0	22	49	25	0	0	13	2583769316905578	12428	4644	
C:\Data\ITRAX\YAN_Aug 2013_Mo-Tube_Reanalysed_USE\2 mm data\YAN8B2\2\XRF data\L000010.spe	21.53	6.84	1	0.017886	-0.007645	0.007432	0.122432	14922.95117	1.28	34	22	22	42	0	83	104	378	289	25	23	61	15833	132	0	20	142	0	31	28	256	1213	12	858	11	11	0	40	85	9	69	29	0	46	36	0	7	10	42	3247999291708302	18412	6947	
C:\Data\ITRAX\YAN_Aug 2013_Mo-Tube_Reanalysed_USE\2 mm data\YAN8B2\2\XRF data\L000011.spe	23.48	6.72	1	0.017886	-0.007645	0.007432	0.122432	21416.52539	1.18	0	21	0	0	121	60	352	1526	986	55	19	397	51544	254	0	92	284	92	0	0	424	1327	51	870	0	0	11	82	179	88	60	0	52	0	50	79	60	228	16	830024863992786	19837	6930	
C:\Data\ITRAX\YAN_Aug 2013_Mo-Tube_Reanalysed_USE\2 mm data\YAN8B2\2\XRF data\L000012.spe	25.53	6.68	1	0.017886	-0.007645	0.007432	0.122432	20897.15039	1.22	21	25	9	21	9	52	380	1142	881	93	67	313	48982	208	0	172	280	93	68	0	412	1372	191	862	0	0	26	44	184	99	94	71	27	9	86	0	0	326	0	1286502417956078	19716	7256	
C:\Data\ITRAX\YAN_Aug 2013_Mo-Tube_Reanalysed_USE\2 mm data\YAN8B2\2\XRF data\L000013.spe	27.49	6.66	1	0.017886	-0.007645	0.007432	0.122432	18132.08984	1.21	12	45	22	19	10	53	363	625	814	84	31	210	37368	321	0	117	156	37	10	0	366	1173	85	868	0	0	41	31	141	70	78	0	7	0	0	0	0	68	0	4080214893731745	18165	6340	
C:\Data\ITRAX\YAN_Aug 2013_Mo-Tube_Reanalysed_USE\2 mm data\YAN8B2\2\XRF data\L000014.spe	29.54	6.65	1	0.017886	-0.007645	0.007432	0.122432	22347.87695	1.22	11	7	0	0	0	28	513	1403	1411	102	52	434	63863	383	0	157	300	77	0	0	294	1039	118	954	0	0	67	59	212	133	137	64	100	7	44	0	50	262	0	0	18465	6521	
C:\Data\ITRAX\YAN_Aug 2013_Mo-Tube_Reanalysed_USE\2 mm data\YAN8B2\2\XRF data\L000015.spe	31.48	6.67	1	0.017886	-0.007645	0.007432	0.122432	18585.06641	1.36	0	9	4	0	5	73	346	763	939	30	59	281	45566	261	0	46	195	131	66	0	248	1059	91	793	0	0	64	94	154	59	28	37	0	0	60	97	47	144	0	4294391688922938	17065	5976	
C:\Data\ITRAX\YAN_Aug 2013_Mo-Tube_Reanalysed_USE\2 mm data\YAN8B2\2\XRF data\L000016.spe	33.52	6.70	1	0.017886	-0.007645	0.007432	0.122432	21583.41797	1.26	0	20	0	0	0	0	456	1118	1112	79	42	373	55280	415	0	91	280	72	0	0	357	1426	100	852	0	0	73	91	269	100	139	0	124	20	48	61	35	200	0	3474730424596824	18933	6629	
C:\Data\ITRAX\YAN_Aug 2013_Mo-Tube_Reanalysed_USE\2 mm data\YAN8B2\2\XRF data\L000017.spe	35.48	6.74	1	0.017886	-0.007645	0.007432	0.122432	24174.38672	1.23	8	0	0	27	0	21	633	1479	1326	136	73	414	65252	501	0	437	270	0	0	0	361	1468	105	936	5	0	86	105	227	136	74	60	61	57	54	0	76	287	0	1321247223288237	20563	7234	
C:\Data\ITRAX\YAN_Aug 2013_Mo-Tube_Reanalysed_USE\2 mm data\YAN8B2\2\XRF data\L000018.spe	37.53	6.77	1	0.017886	-0.007645	0.007432	0.122432	20195.38477	1.23	0	11	24	6	0	43	408	2062	910	78	74	417	47231	286	0	73	190	123	0	0	329	1420	0	799	0	0	31	63	147	96	69	101	53	0	79	0	0	155	0	0	18275	6898	
C:\Data\ITRAX\YAN_Aug 2013_Mo-Tube_Reanalysed_USE\2 mm data\YAN8B2\2\XRF data\L000019.spe	39.48	6.78	1	0.017886	-0.007645	0.007432	0.122432	19523.81836	1.13	21	15	0	18	0	47	419	1648	944	43	19	412	48030	519	0	45	190	89	53	0	287	1228	160	789	11	0	37	83	158	76	53	0	45	0	49	33	135	61	0	3041192222737166	17345	6420	
C:\Data\ITRAX\YAN_Aug 2013_Mo-Tube_Reanalysed_USE\2 mm data\YAN8B2\2\XRF data\L000020.spe	41.53	6.78	1	0.017886	-0.007645	0.007432	0.122432	13018.14746	1.30	11	27	0	12	0	59	234	448	515	66	18	170	29603	177	0	128	155	0	31	0	287	779	91	429	0	0	0	51	152	53	45	0	0	0	17	0	36	68	16	2680699686711852	12555	4652	
C:\Data\ITRAX\YAN_Aug 2013_Mo-Tube_Reanalysed_USE\2 mm data\YAN8B2\2\XRF data\L000021.spe	43.53	6.77	1	0.017886	-0.007645	0.007432	0.122432	19678.31055	1.26	0	44	0	9	0	69	541	1823	1183	66	86	347	52408	194	0	95	219	41	74	0	358	1158	0	841	0	0	56	91	115	96	85	98	122	5	0	27	59	198	20	1877866837528172	16638	6368	
C:\Data\ITRAX\YAN_Aug 2013_Mo-Tube_Reanalysed_USE\2 mm data\YAN8B2\2\XRF data\L000022.spe	45.47	6.81	1	0.017886	-0.007645	0.007432	0.122432	17493.52344	1.09	6	20	18	22	7	74	327	722	651	69	62	129	33235	328	0	37	178	41	143	0	311	1155	162	717	0	6	42	64	170	60	65	49	68	20	109	0	0	7	24	0	17676	6270	
C:\Data\ITRAX\YAN_Aug 2013_Mo-Tube_Reanalysed_USE\2 mm data\YAN8B2\2\XRF data\L000023.spe	47.53	6.81	1	0.017886	-0.007645	0.007432	0.122432	24903.95117	1.57	0	21	0	0	0	11	575	2524	1308	103	23	547	64525	485	0	52	258	92	29	0	371	1868	170	845	0	0	62	115	206	144	102	38	83	0	71	52	0	246	0	0	21528	7677	
C:\Data\ITRAX\YAN_Aug 2013_Mo-Tube_Reanalysed_USE\2 mm data\YAN8B2\2\XRF data\L000024.spe	49.48	6.83	1	0.017886	-0.007645	0.007432	0.122432	18147.08789	1.27	0	29	10	0	0	37	295	770	797	64	42	255	42072	192	0	66	181	89	50	0	275	1282	210	801	0	0	0	54	172	28	0	0	0	0	35	36	22	183	0	0	17743	6602	
C:\Data\ITRAX\YAN_Aug 2013_Mo-Tube_Reanalysed_USE\2 mm data\YAN8B2\2\XRF data\L000025.spe	51.53	6.81	1	0.017886	-0.007645	0.007432	0.122432	18325.88086	1.19	0	33	10	18	0	59	526	753	1016	110	54	311	51185	323	0	35	164	115	23	0	317	994	106	775	0	0	35	73	209	79	29	14	46	0	0	52	52	99	9	387678636074437	15517	5569	
C:\Data\ITRAX\YAN_Aug 2013_Mo-Tube_Reanalysed_USE\2 mm data\YAN8B2\2\XRF data\L000026.spe	53.48	6.79	1	0.017886	-0.007645	0.007432	0.122432	17430.32422	1.28	11	0	0	17	15	52	430	2036	855	106	48	375	41319	325	0	56	206	0	59	0	372	939	129	737	0	0	32	80	139	124	79	59	66	0	30	0	0	51	15	0	15755	5716	
C:\Data\ITRAX\YAN_Aug 2013_Mo-Tube_Reanalysed_USE\2 mm data\YAN8B2\2\XRF data\L000027.spe	55.53	6.77	1	0.017886	-0.007645	0.007432	0.122432	12237.88574	1.31	8	32	5	35	0	92	190	643	303	21	12	103	16601	182	0	51	142	0	79	39	230	1043	180	614	0	0	0	62	118	57	31	28	65	59	72	49	48	0	19	0	14063	5319	
C:\Data\ITRAX\YAN_Aug 2013_Mo-Tube_Reanalysed_USE\2 mm data\YAN8B2\2\XRF data\L000028.spe	57.48	6.72	1	0.017886	-0.007645	0.007432	0.122432	17875.10352	1.22	0	23	0	14	0	72	639	785	948	66	57	260	46965	360	0	46	178	0	87	0	362	1101	141	779	0	0	95	93	162	83	67	27	0	14	74	11	0	80	7	3436032555090478	16134	5823	
C:\Data\ITRAX\YAN_Aug 2013_Mo-Tube_Reanalysed_USE\2 mm data\YAN8B2\2\XRF data\L000029.spe	59.53	6.66	1	0.017886	-0.007645	0.007432	0.122432	15027.54492	1.26	0	20	9	16	20	68	419	782	758	59	14	219	33312	174	0	226	136	58	85	0	317	959	173	612	0	0	15	48	110	65	32	7	45	0	5	0	127	0	15	4014486417575832	14036	5530	
C:\Data\ITRAX\YAN_Aug 2013_Mo-Tube_Reanalysed_USE\2 mm data\YAN8B2\2\XRF data\L000030.spe	61.48	6.63	1	0.017886	-0.007645	0.007432	0.122432	20475.87109	1.21	0	35	12	18	0	77	787	674	1206	114	75	237	50079	66	0	80	123	120	156	0	408	1182	183	902	0	0	13	103	204	104	42	0	66	0	0	0	209	274	0	1025803237664663	18655	6557	
C:\Data\ITRAX\YAN_Aug 2013_Mo-Tube_Reanalysed_USE\2 mm data\YAN8B2\2\XRF data\L000031.spe	63.53	6.64	1	0.017886	-0.007645	0.007432	0.122432	19693.31250	1.33	9	32	0	26	0	52	537	537	1061	56	53	169	48888	329	0	63	207	21	123	0	357	1173	52	707	0	0	56	64	175	122	72	53	36	0	0	0	103	184	0	3305118663880074	18058	6644	
C:\Data\ITRAX\YAN_Aug 2013_Mo-Tube_Reanalysed_USE\2 mm data\YAN8B2\2\XRF data\L000032.spe	65.48	6.60	1	0.017886	-0.007645	0.007432	0.122432	19822.90625	1.23	0	15	0	0	0	47	787	1685	1207	111	64	323	49650	315	0	81	282	92	104	0	346	1374	181	720	0	0	14	86	188	79	95	80	55	0	0	7	67	80	0	2290324148266923	17344	6510	
C:\Data\ITRAX\YAN_Aug 2013_Mo-Tube_Reanalysed_USE\2 mm data\YAN8B2\2\XRF data\L000033.spe	67.52	6.59	1	0.017886	-0.007645	0.007432	0.122432	14484.17285	1.28	20	0	4	11	26	71	377	269	501	7	14	120	25891	267	0	0	143	76	8	0	313	1044	49	587	0	0	68	69	124	71	46	38	21	0	0	0	92	0	26	785228935217249	15426	5572	
C:\Data\ITRAX\YAN_Aug 2013_Mo-Tube_Reanalysed_USE\2 mm data\YAN8B2\2\XRF data\L000034.spe	69.48	6.56	1	0.017886	-0.007645	0.007432	0.122432	15360.82813	1.20	26	27	0	11	0	78	344	566	757	46	12	185	36389	344	0	7	150	16	51	0	253	946	89	722	0	0	0	83	130	46	22	60	0	64	87	26	21	50	0	657028763237280	14253	5348	
C:\Data\ITRAX\YAN_Aug 2013_Mo-Tube_Reanalysed_USE\2 mm data\YAN8B2\2\XRF data\L000035.spe	71.53	6.52	1	0.017886	-0.007645	0.007432	0.122432	17181.33789	1.14	14	17	18	19	0	52	468	429	847	25	15	167	40899	215	0	0	183	0	78	0	355	1332	114	844	0	0	38	88	157	52	13	0	19	66	21	0	31	90	0	0	15867	5911	
C:\Data\ITRAX\YAN_Aug 2013_Mo-Tube_Reanalysed_USE\2 mm data\YAN8B2\2\XRF data\L000036.spe	73.48	6.54	1	0.017886	-0.007645	0.007432	0.122432	17183.33594	1.22	10	0	0	21	0	67	405	1443	663	15	66	352	40803	189	0	30	242	105	99	0	350	1296	115	768	0	0	57	90	219	84	86	20	35	7	35	0	100	128	26	3995000939113215	15747	6359	
C:\Data\ITRAX\YAN_Aug 2013_Mo-Tube_Reanalysed_USE\2 mm data\YAN8B2\2\XRF data\L000037.spe	75.52	6.52	1	0.017886	-0.007645	0.007432	0.122432	18261.88477	1.16	0	18	6	31	0	81	358	2606	794	54	27	520	39477	324	0	7	195	0	18	0	313	1407	178	679	0	0	18	55	165	100	112	88	84	147	75	82	0	116	9	664063120461568	17124	6633	
C:\Data\ITRAX\YAN_Aug 2013_Mo-Tube_Reanalysed_USE\2 mm data\YAN8B2\2\XRF data\L000038.spe	77.48	6.52	1	0.017886	-0.007645	0.007432	0.122432	14986.34570	1.32	0	20	26	0	0	61	392	1288	895	67	73	384	39812	230	0	28	211	33	45	0	260	1102	40	585	0	0	37	116	159	97	118	17	53	0	0	11	73	166	0	3207419539090813	12930	4869	
C:\Data\ITRAX\YAN_Aug 2013_Mo-Tube_Reanalysed_USE\2 mm data\YAN8B2\2\XRF data\L000039.spe	79.53	6.51	1	0.017886	-0.007645	0.007432	0.122432	10568.16895	1.35	12	24	0	0	0	62	174	533	461	51	32	150	24831	80	0	42	98	38	0	0	161	659	0	511	0	0	5	22	112	62	68	8	22	0	0	0	92	78	0	2428210291615550	9543	4126	
C:\Data\ITRAX\YAN_Aug 2013_Mo-Tube_Reanalysed_USE\2 mm data\YAN8B2\2\XRF data\L000040.spe	81.53	6.52	1	0.017886	-0.007645	0.007432	0.122432	20124.39063	1.24	6	18	0	9	0	72	510	2309	1421	139	54	434	62327	343	0	61	254	0	54	0	265	1460	120	626	0	0	71	66	212	76	115	0	80	68	0	0	51	182	35	362773220927577	14735	5819	
C:\Data\ITRAX\YAN_Aug 2013_Mo-Tube_Reanalysed_USE\2 mm data\YAN8B2\2\XRF data\L000041.spe	83.48	6.57	1	0.017886	-0.007645	0.007432	0.122432	18068.99219	1.16	29	38	6	0	4	64	298	4510	723	39	55	639	44692	191	0	57	298	0	95	0	344	1323	213	857	0	0	38	87	153	102	107	83	34	133	142	0	42	193	0	0	15604	5977	
C:\Data\ITRAX\YAN_Aug 2013_Mo-Tube_Reanalysed_USE\2 mm data\YAN8B2\2\XRF data\L000042.spe	85.53	6.56	1	0.017886	-0.007645	0.007432	0.122432	14312.78223	1.31	21	35	34	26	6	105	328	1757	555	59	27	348	28493	135	12	0	157	0	7	0	192	1227	119	654	14	0	20	56	105	58	83	70	24	46	0	36	0	48	0	4137765559116132	13957	5459	
C:\Data\ITRAX\YAN_Aug 2013_Mo-Tube_Reanalysed_USE\2 mm data\YAN8B2\2\XRF data\L000043.spe	87.48	6.50	1	0.017886	-0.007645	0.007432	0.122432	16925.94922	1.22	24	37	19	29	0	106	440	1030	918	86	65	271	42534	124	0	59	200	108	53	0	324	1095	92	635	0	13	67	106	153	72	39	14	20	0	145	0	0	177	0	3042569546130912	15085	5493	
C:\Data\ITRAX\YAN_Aug 2013_Mo-Tube_Reanalysed_USE\2 mm data\YAN8B2\2\XRF data\L000044.spe	89.52	6.47	1	0.017886	-0.007645	0.007432	0.122432	18322.67773	1.20	0	0	13	0	0	57	488	987	1061	109	64	371	51712	179	0	66	174	0	65	0	344	1058	91	685	0	0	0	61	142	119	26	56	116	60	0	0	62	237	24	2616980923188218	15288	5636	
C:\Data\ITRAX\YAN_Aug 2013_Mo-Tube_Reanalysed_USE\2 mm data\YAN8B2\2\XRF data\L000045.spe	91.48	6.46	1	0.017886	-0.007645	0.007432	0.122432	17446.52344	1.35	6	0	0	23	0	66	536	1232	1044	81	74	339	51020	326	9	39	281	0	92	0	302	877	73	552	0	5	55	89	225	113	67	30	61	94	19	0	0	160	0	0	14137	4954	
C:\Data\ITRAX\YAN_Aug 2013_Mo-Tube_Reanalysed_USE\2 mm data\YAN8B2\2\XRF data\L000046.spe	93.53	6.46	1	0.017886	-0.007645	0.007432	0.122432	16902.45117	1.40	6	0	0	0	0	56	440	1092	1064	98	39	327	53632	122	0	10	252	0	64	0	219	680	116	518	0	0	23	79	160	88	80	75	35	56	36	0	32	223	0	1339075050764663	12791	4599	
C:\Data\ITRAX\YAN_Aug 2013_Mo-Tube_Reanalysed_USE\2 mm data\YAN8B2\2\XRF data\L000047.spe	95.48	6.45	1	0.017886	-0.007645	0.007432	0.122432	18513.67188	1.21	0	10	16	7	0	46	417	962	1042	88	77	331	51441	325	0	29	262	71	76	0	221	995	107	679	0	0	50	109	238	92	66	41	63	26	7	46	56	113	9	3946476514601786	15566	5634	
C:\Data\ITRAX\YAN_Aug 2013_Mo-Tube_Reanalysed_USE\2 mm data\YAN8B2\2\XRF data\L000048.spe	97.53	6.43	1	0.017886	-0.007645	0.007432	0.122432	19275.43164	1.15	0	44	0	13	0	74	448	1635	984	91	60	385	50627	399	0	94	198	81	0	0	322	1245	67	806	0	0	12	106	238	53	69	0	71	0	28	8	0	108	0	0	16499	5895	
C:\Data\ITRAX\YAN_Aug 2013_Mo-Tube_Reanalysed_USE\2 mm data\YAN8B2\2\XRF data\L000049.spe	99.48	6.42	1	0.017886	-0.007645	0.007432	0.122432	21762.90625	1.25	12	13	0	14	0	39	498	1194	969	50	21	349	57569	146	0	138	247	0	0	0	317	1408	222	878	0	0	39	90	172	90	120	116	79	123	0	89	37	340	0	3177145941739772	18562	6989	
C:\Data\ITRAX\YAN_Aug 2013_Mo-Tube_Reanalysed_USE\2 mm data\YAN8B2\2\XRF data\L000050.spe	101.59	6.40	1	0.017886	-0.007645	0.007432	0.122432	18396.37695	1.06	6	23	25	7	0	65	298	1804	851	55	77	396	42417	129	0	57	192	123	28	0	267	1360	118	776	0	0	42	40	157	71	52	16	83	40	60	0	92	203	0	0	16870	6532	
C:\Data\ITRAX\YAN_Aug 2013_Mo-Tube_Reanalysed_USE\2 mm data\YAN8B2\2\XRF data\L000051.spe	103.48	6.38	1	0.017886	-0.007645	0.007432	0.122432	19465.22461	1.16	0	20	15	18	0	88	438	881	1168	15	72	239	44268	150	0	101	254	16	0	0	379	1243	115	907	0	0	57	71	216	147	61	0	38	49	78	27	17	204	0	0	17944	6684	
C:\Data\ITRAX\YAN_Aug 2013_Mo-Tube_Reanalysed_USE\2 mm data\YAN8B2\2\XRF data\L000052.spe	105.53	6.35	1	0.017886	-0.007645	0.007432	0.122432	17184.93750	1.20	0	9	0	11	0	84	264	1404	787	45	32	253	32428	197	0	60	134	0	91	0	328	1083	109	899	0	0	5	13	128	58	25	0	0	69	0	12	0	48	32	0	17670	6456	
C:\Data\ITRAX\YAN_Aug 2013_Mo-Tube_Reanalysed_USE\2 mm data\YAN8B2\2\XRF data\L000053.spe	107.48	6.33	1	0.017886	-0.007645	0.007432	0.122432	12912.15234	1.32	10	0	15	36	0	94	96	218	265	31	33	34	13303	187	0	18	138	0	55	0	272	1040	109	720	0	8	0	42	117	60	78	56	29	56	40	0	0	17	13	3995318865786612	15314	5992	
C:\Data\ITRAX\YAN_Aug 2013_Mo-Tube_Reanalysed_USE\2 mm data\YAN8B2\2\XRF data\L000054.spe	109.52	6.23	1	0.017886	-0.007645	0.007432	0.122432	21288.02930	1.15	0	48	14	19	0	47	438	1315	1009	45	50	336	49527	542	0	12	270	49	95	0	353	1552	127	1007	0	0	17	142	206	91	17	0	12	69	15	12	97	95	0	0	19598	7245	
C:\Data\ITRAX\YAN_Aug 2013_Mo-Tube_Reanalysed_USE\2 mm data\YAN8B2\2\XRF data\L000055.spe	111.47	6.23	1	0.017886	-0.007645	0.007432	0.122432	20278.08203	1.32	14	26	0	11	0	69	365	2183	1017	122	72	455	58347	233	0	81	362	100	43	0	247	1357	112	713	0	0	56	79	198	59	66	0	39	0	42	0	61	282	0	2553602510921448	16418	6136	
C:\Data\ITRAX\YAN_Aug 2013_Mo-Tube_Reanalysed_USE\2 mm data\YAN8B2\2\XRF data\L000056.spe	113.54	6.27	1	0.017886	-0.007645	0.007432	0.122432	15262.13574	1.24	35	45	19	19	14	81	111	400	272	47	14	129	20338	139	0	53	292	79	79	0	211	1222	174	844	0	0	0	75	106	49	23	34	0	48	51	22	0	71	17	0	17804	6510	
C:\Data\ITRAX\YAN_Aug 2013_Mo-Tube_Reanalysed_USE\2 mm data\YAN8B2\2\XRF data\L000057.spe	115.48	6.18	1	0.017886	-0.007645	0.007432	0.122432	20321.58008	1.20	0	4	0	9	0	48	329	1232	925	64	47	364	49249	261	0	92	517	32	72	0	287	1466	152	944	0	0	0	84	105	99	88	160	90	107	14	28	44	237	16	2105351991779160	19671	6739	
C:\Data\ITRAX\YAN_Aug 2013_Mo-Tube_Reanalysed_USE\2 mm data\YAN8B2\2\XRF data\L000058.spe	117.53	6.15	1	0.017886	-0.007645	0.007432	0.122432	17836.00391	1.17	0	36	0	38	0	56	192	1163	696	30	34	276	36336	190	0	62	355	141	101	25	301	1476	69	846	0	0	24	70	130	63	79	65	38	0	100	0	78	140	0	0	17856	6733	
C:\Data\ITRAX\YAN_Aug 2013_Mo-Tube_Reanalysed_USE\2 mm data\YAN8B2\2\XRF data\L000059.spe	119.53	6.17	1	0.017886	-0.007645	0.007432	0.122432	22237.28320	1.21	36	24	0	16	0	26	323	1661	967	105	46	459	63673	376	0	70	441	117	88	0	275	1425	36	868	0	0	37	88	173	91	68	48	93	0	0	0	102	230	0	0	18341	6688	
C:\Data\ITRAX\YAN_Aug 2013_Mo-Tube_Reanalysed_USE\2 mm data\YAN8B2\2\XRF data\L000060.spe	121.47	6.21	1	0.017886	-0.007645	0.007432	0.122432	21346.82813	1.38	0	6	0	0	0	54	382	2592	1004	67	87	559	66977	226	0	67	441	115	63	0	267	1229	136	866	0	0	53	110	172	43	72	13	78	26	78	0	0	321	0	1012913747046078	16500	6306	
C:\Data\ITRAX\YAN_Aug 2013_Mo-Tube_Reanalysed_USE\2 mm data\YAN8B2\2\XRF data\L000061.spe	123.52	6.23	1	0.017886	-0.007645	0.007432	0.122432	18076.89258	1.25	20	30	0	26	0	68	348	1599	810	111	108	338	49761	183	0	60	383	117	0	0	157	1472	270	606	0	0	38	76	144	69	0	22	4	6	129	53	0	159	0	0	15713	5602	
C:\Data\ITRAX\YAN_Aug 2013_Mo-Tube_Reanalysed_USE\2 mm data\YAN8B2\2\XRF data\L000062.spe	125.48	6.22	1	0.017886	-0.007645	0.007432	0.122432	13096.94336	1.24	15	15	12	0	0	82	218	651	469	41	14	162	26967	72	0	0	187	0	72	0	157	915	218	524	0	0	22	85	84	30	35	56	26	107	36	0	0	105	12	3519109925046316	13347	4850	
C:\Data\ITRAX\YAN_Aug 2013_Mo-Tube_Reanalysed_USE\2 mm data\YAN8B2\2\XRF data\L000063.spe	127.54	6.19	1	0.017886	-0.007645	0.007432	0.122432	8344.18066	1.54	8	0	9	26	21	95	18	136	71	12	8	37	4191	89	10	35	98	36	59	45	112	699	146	451	14	5	0	19	69	5	26	20	0	0	0	0	82	0	18	3405722753583960	11055	4264	
C:\Data\ITRAX\YAN_Aug 2013_Mo-Tube_Reanalysed_USE\2 mm data\YAN8B2\2\XRF data\L000064.spe	129.47	6.04	1	0.017886	-0.007645	0.007432	0.122432	7132.74219	1.28	20	0	0	24	12	79	28	95	41	4	0	0	4049	113	0	13	106	55	21	65	82	652	62	423	0	0	0	23	49	46	24	18	0	0	29	32	0	0	19	0	9303	3536	
C:\Data\ITRAX\YAN_Aug 2013_Mo-Tube_Reanalysed_USE\2 mm data\YAN8B2\2\XRF data\L000065.spe	131.54	6.07	1	0.017886	-0.007645	0.007432	0.122432	12766.95898	1.46	19	30	0	8	0	25	182	483	498	59	55	207	32505	266	0	41	299	159	33	0	213	1027	117	497	0	0	57	55	157	64	54	41	37	0	0	0	66	61	7	0	10974	4326	
C:\Data\ITRAX\YAN_Aug 2013_Mo-Tube_Reanalysed_USE\2 mm data\YAN8B2\2\XRF data\L000066.spe	133.48	6.09	1	0.017886	-0.007645	0.007432	0.122432	26783.35742	1.42	0	0	0	0	0	0	447	2785	1475	228	99	567	102541	722	0	53	455	0	106	0	237	1164	89	859	0	0	43	130	193	111	25	82	88	73	22	0	132	353	0	0	16884	6048	
C:\Data\ITRAX\YAN_Aug 2013_Mo-Tube_Reanalysed_USE\2 mm data\YAN8B2\2\XRF data\L000067.spe	135.53	6.27	1	0.017886	-0.007645	0.007432	0.122432	12842.05566	1.31	23	33	0	9	7	65	183	1062	558	69	67	242	34790	180	19	113	375	79	0	0	92	639	51	492	0	0	30	56	80	47	26	14	17	0	0	0	88	112	0	0	10925	4245	
C:\Data\ITRAX\YAN_Aug 2013_Mo-Tube_Reanalysed_USE\2 mm data\YAN8B2\2\XRF data\L000068.spe	137.48	6.25	1	0.017886	-0.007645	0.007432	0.122432	17957.49805	1.34	28	15	12	31	14	49	299	2198	929	124	86	386	45612	355	0	9	405	0	15	0	129	1355	109	630	0	11	47	65	145	87	102	69	74	82	159	0	0	40	44	4272716406100179	15896	5816	
C:\Data\ITRAX\YAN_Aug 2013_Mo-Tube_Reanalysed_USE\2 mm data\YAN8B2\2\XRF data\L000069.spe	139.54	6.29	1	0.017886	-0.007645	0.007432	0.122432	22331.97852	1.30	0	12	0	0	18	20	362	2216	1123	122	52	477	61431	446	0	58	431	125	50	0	337	1440	228	928	0	0	30	129	204	16	72	26	66	0	18	0	0	240	0	4085196822618986	18963	6953	
C:\Data\ITRAX\YAN_Aug 2013_Mo-Tube_Reanalysed_USE\2 mm data\YAN8B2\2\XRF data\L000070.spe	141.47	6.37	1	0.017886	-0.007645	0.007432	0.122432	11639.81641	1.27	31	7	0	18	12	83	132	1001	296	9	34	248	20525	128	9	59	208	45	43	0	189	927	99	493	0	0	0	9	85	72	37	0	32	0	17	0	0	49	0	3224619075428886	12973	4671	
C:\Data\ITRAX\YAN_Aug 2013_Mo-Tube_Reanalysed_USE\2 mm data\YAN8B2\2\XRF data\L000071.spe	143.53	6.34	1	0.017886	-0.007645	0.007432	0.122432	13073.54297	1.33	0	10	6	22	8	73	305	1750	671	66	57	326	34631	164	0	55	262	13	0	0	235	960	72	515	0	0	52	53	128	69	47	0	19	20	0	0	32	58	0	1933021502283878	11053	4002	
C:\Data\ITRAX\YAN_Aug 2013_Mo-Tube_Reanalysed_USE\2 mm data\YAN8B2\2\XRF data\L000072.spe	145.49	6.23	1	0.017886	-0.007645	0.007432	0.122432	22160.78906	1.22	17	23	0	6	0	39	557	2988	1511	123	81	557	74125	426	0	84	419	133	93	0	295	1255	139	800	0	0	54	145	140	78	105	82	43	0	23	0	133	187	0	0	16396	5875	
C:\Data\ITRAX\YAN_Aug 2013_Mo-Tube_Reanalysed_USE\2 mm data\YAN8B2\2\XRF data\L000073.spe	147.53	6.29	1	0.017886	-0.007645	0.007432	0.122432	11701.71289	1.21	0	13	16	0	7	88	113	497	426	55	11	151	20738	0	0	35	138	0	11	0	97	770	117	510	0	8	0	42	97	25	35	0	30	46	20	0	0	119	0	0	12546	4778	
C:\Data\ITRAX\YAN_Aug 2013_Mo-Tube_Reanalysed_USE\2 mm data\YAN8B2\2\XRF data\L000074.spe	149.47	6.24	1	0.017886	-0.007645	0.007432	0.122432	18628.96484	1.23	0	12	0	0	0	86	322	2609	921	57	37	498	52832	340	0	0	268	0	6	0	178	1051	70	591	0	0	71	60	172	55	75	0	31	99	59	45	32	111	0	3300303964836888	15503	5719	
C:\Data\ITRAX\YAN_Aug 2013_Mo-Tube_Reanalysed_USE\2 mm data\YAN8B2\2\XRF data\L000075.spe	151.53	6.26	1	0.017886	-0.007645	0.007432	0.122432	18910.44922	1.27	0	23	13	0	0	49	343	1504	917	91	78	362	52292	492	0	12	336	48	43	0	251	1132	166	788	0	0	14	113	208	100	101	0	76	112	67	0	0	102	0	3990791414434943	16131	6033	
C:\Data\ITRAX\YAN_Aug 2013_Mo-Tube_Reanalysed_USE\2 mm data\YAN8B2\2\XRF data\L000076.spe	153.49	6.28	1	0.017886	-0.007645	0.007432	0.122432	15224.63477	1.33	0	20	10	19	0	59	208	1222	653	63	20	204	34806	178	0	91	222	113	0	0	238	817	230	815	0	0	15	62	133	78	56	38	41	41	57	0	39	40	0	4071107428035726	14876	5276	
C:\Data\ITRAX\YAN_Aug 2013_Mo-Tube_Reanalysed_USE\2 mm data\YAN8B2\2\XRF data\L000077.spe	155.54	6.27	1	0.017886	-0.007645	0.007432	0.122432	19187.13672	1.13	17	12	0	38	4	55	279	2431	947	77	49	428	48949	410	0	51	229	123	59	0	237	1271	96	729	0	0	32	67	185	92	60	21	82	0	48	27	59	80	0	0	16907	6234	
C:\Data\ITRAX\YAN_Aug 2013_Mo-Tube_Reanalysed_USE\2 mm data\YAN8B2\2\XRF data\L000078.spe	157.53	6.26	1	0.017886	-0.007645	0.007432	0.122432	13969.59766	1.24	8	0	11	34	0	67	115	642	412	13	20	88	21243	139	0	43	132	121	45	0	188	950	92	591	0	0	13	35	101	26	38	75	31	0	118	0	0	47	28	881550039334551	15614	5670	
C:\Data\ITRAX\YAN_Aug 2013_Mo-Tube_Reanalysed_USE\2 mm data\YAN8B2\2\XRF data\L000079.spe	159.48	6.23	1	0.017886	-0.007645	0.007432	0.122432	11507.82227	1.38	24	16	16	21	17	99	56	350	197	55	17	66	12489	176	0	31	148	65	21	0	142	916	144	611	0	0	0	27	79	19	0	16	22	43	0	0	0	0	18	4680783741187332	14006	5164	
C:\Data\ITRAX\YAN_Aug 2013_Mo-Tube_Reanalysed_USE\2 mm data\YAN8B2\2\XRF data\L000080.spe	161.53	6.13	1	0.017886	-0.007645	0.007432	0.122432	14140.09082	1.32	0	30	21	36	10	62	165	954	416	31	13	152	27095	184	0	20	152	158	86	7	49	896	260	660	0	0	12	49	155	52	8	0	30	0	27	0	112	10	0	3974242115239564	14921	5313	
C:\Data\ITRAX\YAN_Aug 2013_Mo-Tube_Reanalysed_USE\2 mm data\YAN8B2\2\XRF data\L000081.spe	165.00	6.06	1	0.017886	-0.007645	0.007432	0.122432	9377.02832	1.61	20	42	14	44	30	96	9	180	48	0	10	31	3810	118	10	21	40	0	98	0	124	820	234	672	9	4	5	53	46	14	0	0	0	12	19	0	42	0	33	3133666686636093	13018	5122	
C:\Data\ITRAX\YAN_Aug 2013_Mo-Tube_Reanalysed_USE\2 mm data\YAN8B2\2\XRF data\L000082.spe	166.89	6.00	1	0.017886	-0.007645	0.007432	0.122432	8221.78809	1.55	31	15	18	43	21	82	12	55	35	0	0	11	2312	70	22	33	76	82	0	33	80	770	193	449	0	0	0	18	59	10	47	0	0	0	28	0	30	0	14	0	11671	4513	
C:\Data\ITRAX\YAN_Aug 2013_Mo-Tube_Reanalysed_USE\2 mm data\YAN8B2\2\XRF data\L000083.spe	169.00	5.99	1	0.017886	-0.007645	0.007432	0.122432	12104.09180	1.33	16	38	40	42	22	102	69	590	234	49	18	98	15563	192	0	15	103	174	8	0	118	952	171	731	12	0	4	34	71	30	0	0	0	0	37	51	0	0	0	0	14187	5536	
C:\Data\ITRAX\YAN_Aug 2013_Mo-Tube_Reanalysed_USE\2 mm data\YAN8B2\2\XRF data\L000084.spe	170.89	5.94	1	0.017886	-0.007645	0.007432	0.122432	12447.27539	1.21	18	9	0	24	19	95	86	666	266	4	23	107	16187	142	0	60	146	20	62	86	141	1022	110	811	0	0	21	20	134	64	45	13	0	37	0	28	46	46	34	4319984784093931	14126	5542	
C:\Data\ITRAX\YAN_Aug 2013_Mo-Tube_Reanalysed_USE\2 mm data\YAN8B2\2\XRF data\L000085.spe	172.86	6.00	1	0.017886	-0.007645	0.007432	0.122432	14971.34668	1.32	8	0	28	23	0	36	139	1437	521	58	24	274	33343	197	0	77	197	87	68	0	184	1193	86	687	0	0	0	55	116	32	96	48	37	41	35	0	72	81	10	0	14353	5745	
C:\Data\ITRAX\YAN_Aug 2013_Mo-Tube_Reanalysed_USE\2 mm data\YAN8B2\2\XRF data\L000086.spe	173.54	6.00	1	0.017886	-0.007645	0.007432	0.122432	15003.84570	1.33	0	32	0	12	13	58	168	1654	527	49	34	329	32815	258	0	0	151	168	35	0	191	1031	68	753	0	0	14	57	170	66	42	12	5	0	55	0	41	22	20	3150810574849796	13894	5553	
C:\Data\ITRAX\YAN_Aug 2013_Mo-Tube_Reanalysed_USE\2 mm data\YAN8B2\2\XRF data\L000087.spe	175.47	6.02	1	0.017886	-0.007645	0.007432	0.122432	20174.28516	1.27	0	0	0	6	0	54	333	2880	1205	62	88	563	58232	323	0	0	242	90	31	0	145	1320	140	789	0	0	24	96	158	111	128	68	107	49	89	24	22	222	0	0	15834	6007	
C:\Data\ITRAX\YAN_Aug 2013_Mo-Tube_Reanalysed_USE\2 mm data\YAN8B2\2\XRF data\L000088.spe	177.53	6.08	1	0.017886	-0.007645	0.007432	0.122432	17240.83398	1.20	7	19	18	0	0	97	231	1705	727	64	43	320	38333	140	0	35	265	0	44	0	155	1185	52	842	0	0	22	58	160	32	48	0	49	150	60	52	0	141	12	0	16788	5931	
C:\Data\ITRAX\YAN_Aug 2013_Mo-Tube_Reanalysed_USE\2 mm data\YAN8B2\2\XRF data\L000089.spe	179.49	6.15	1	0.017886	-0.007645	0.007432	0.122432	10199.68848	1.68	4	15	20	30	9	109	0	20	0	0	0	0	907	85	10	0	68	0	31	0	123	1083	121	714	0	0	0	44	44	8	0	7	0	76	10	31	7	0	14	4064451837831308	15457	5616	
C:\Data\ITRAX\YAN_Aug 2013_Mo-Tube_Reanalysed_USE\2 mm data\YAN8B2\2\XRF data\L000090.spe	181.54	6.07	1	0.017886	-0.007645	0.007432	0.122432	7755.70996	1.77	0	16	9	23	8	100	5	16	0	0	0	7	497	73	0	18	57	0	0	25	96	827	52	508	0	0	19	15	78	15	0	0	0	93	24	0	0	0	8	0	11333	4328	
C:\Data\ITRAX\YAN_Aug 2013_Mo-Tube_Reanalysed_USE\2 mm data\YAN8B2\2\XRF data\L000091.spe	183.49	5.76	1	0.017886	-0.007645	0.007432	0.122432	14688.06348	1.24	10	13	0	9	0	25	169	935	684	65	17	272	36590	193	0	50	159	120	73	0	142	974	53	645	0	0	19	58	133	50	47	12	37	0	13	0	36	134	0	3654500113620140	12736	5150	
C:\Data\ITRAX\YAN_Aug 2013_Mo-Tube_Reanalysed_USE\2 mm data\YAN8B2\2\XRF data\L000092.spe	185.54	5.80	1	0.017886	-0.007645	0.007432	0.122432	20007.99414	1.23	25	0	12	0	0	33	303	1786	1159	132	63	432	54668	420	0	58	272	165	42	0	251	1207	116	780	48	0	11	107	182	73	19	49	39	0	15	21	14	196	6	3608209469650356	17243	6351	
C:\Data\ITRAX\YAN_Aug 2013_Mo-Tube_Reanalysed_USE\2 mm data\YAN8B2\2\XRF data\L000093.spe	187.49	6.01	1	0.017886	-0.007645	0.007432	0.122432	17452.12500	1.29	0	0	0	10	0	81	195	2629	817	149	31	497	46722	254	0	10	226	225	35	0	115	1063	183	620	0	0	0	84	192	87	59	14	76	0	13	42	71	160	9	0	14861	5487	
C:\Data\ITRAX\YAN_Aug 2013_Mo-Tube_Reanalysed_USE\2 mm data\YAN8B2\2\XRF data\L000094.spe	189.54	6.02	1	0.017886	-0.007645	0.007432	0.122432	15969.19922	1.25	0	42	12	14	23	66	228	1702	686	24	46	370	41484	138	0	70	245	129	62	0	126	1038	92	557	0	9	26	96	151	92	10	0	0	0	49	0	107	106	0	950737453208778	14309	5376	
C:\Data\ITRAX\YAN_Aug 2013_Mo-Tube_Reanalysed_USE\2 mm data\YAN8B2\2\XRF data\L000095.spe	191.48	6.05	1	0.017886	-0.007645	0.007432	0.122432	7216.23682	1.37	24	17	22	27	6	89	10	87	29	9	0	0	3782	68	6	11	67	32	15	60	66	638	64	402	0	0	0	29	76	11	7	12	10	0	79	79	0	0	5	0	9686	3707	
C:\Data\ITRAX\YAN_Aug 2013_Mo-Tube_Reanalysed_USE\2 mm data\YAN8B2\2\XRF data\L000096.spe	193.53	5.97	1	0.017886	-0.007645	0.007432	0.122432	10426.77637	1.32	11	14	14	13	20	97	36	291	176	17	0	63	14080	162	0	32	121	51	71	27	143	758	174	517	0	0	13	33	96	27	22	0	0	7	9	0	48	0	8	0	12176	4463	
C:\Data\ITRAX\YAN_Aug 2013_Mo-Tube_Reanalysed_USE\2 mm data\YAN8B2\2\XRF data\L000097.spe	195.53	5.95	1	0.017886	-0.007645	0.007432	0.122432	8145.59082	1.52	22	11	29	30	0	75	17	46	17	0	0	11	2301	40	13	27	86	100	0	0	97	702	151	396	0	8	6	41	41	14	15	0	0	0	8	0	13	10	5	3368318389025186	11721	4249	
C:\Data\ITRAX\YAN_Aug 2013_Mo-Tube_Reanalysed_USE\2 mm data\YAN8B2\2\XRF data\L000098.spe	197.49	5.89	1	0.017886	-0.007645	0.007432	0.122432	7939.10107	1.76	0	35	12	23	17	116	6	28	5	0	0	0	1187	66	0	21	45	0	54	39	50	724	152	506	0	0	0	38	32	0	0	12	0	36	30	0	0	0	0	3495329754665272	11981	4391	
C:\Data\ITRAX\YAN_Aug 2013_Mo-Tube_Reanalysed_USE\2 mm data\YAN8B2\2\XRF data\L000099.spe	199.53	5.76	1	0.017886	-0.007645	0.007432	0.122432	6011.29785	1.47	13	13	15	11	7	81	11	17	15	0	0	0	998	14	0	13	61	41	30	0	159	453	56	361	0	0	0	0	8	23	0	37	0	0	30	0	61	0	11	0	8701	3261	
C:\Data\ITRAX\YAN_Aug 2013_Mo-Tube_Reanalysed_USE\2 mm data\YAN8B2\2\XRF data\L000100.spe	201.49	5.63	1	0.017886	-0.007645	0.007432	0.122432	7721.11182	1.55	11	0	23	14	0	110	14	29	17	6	0	6	2311	111	0	29	83	42	19	11	110	662	62	428	0	7	0	18	65	21	44	0	0	0	27	0	6	0	15	0	10762	4004	
C:\Data\ITRAX\YAN_Aug 2013_Mo-Tube_Reanalysed_USE\2 mm data\YAN8B2\2\XRF data\L000101.spe	203.53	5.53	1	0.017886	-0.007645	0.007432	0.122432	8159.79004	1.73	16	28	22	30	7	96	21	17	15	0	9	7	2939	132	0	24	59	0	69	0	168	730	73	356	8	7	0	30	56	19	22	50	22	47	17	0	0	0	5	0	11350	4345	
C:\Data\ITRAX\YAN_Aug 2013_Mo-Tube_Reanalysed_USE\2 mm data\YAN8B2\2\XRF data\L000102.spe	205.48	5.54	1	0.017886	-0.007645	0.007432	0.122432	7447.92578	1.67	12	21	28	19	7	100	0	0	10	0	0	0	417	85	0	0	55	0	107	25	123	653	53	450	0	0	0	32	36	0	0	0	0	37	74	0	38	0	11	3104815869864438	11398	4112	
C:\Data\ITRAX\YAN_Aug 2013_Mo-Tube_Reanalysed_USE\2 mm data\YAN8B2\2\XRF data\L000103.spe	207.53	5.49	1	0.017886	-0.007645	0.007432	0.122432	6429.27783	1.62	0	0	9	15	0	70	0	0	0	0	0	0	202	50	0	4	38	0	6	41	34	564	97	258	0	0	0	6	32	0	0	0	0	15	88	0	0	0	11	0	9860	3716	
C:\Data\ITRAX\YAN_Aug 2013_Mo-Tube_Reanalysed_USE\2 mm data\YAN8B2\2\XRF data\L000104.spe	209.51	5.40	1	0.017886	-0.007645	0.007432	0.122432	6571.37012	1.78	5	37	17	21	8	67	0	0	17	9	0	0	156	26	0	0	10	0	13	56	68	536	164	398	0	0	0	16	22	0	4	0	12	72	111	0	0	0	0	0	10008	3814	
C:\Data\ITRAX\YAN_Aug 2013_Mo-Tube_Reanalysed_USE\2 mm data\YAN8B2\2\XRF data\L000105.spe	211.54	5.32	1	0.017886	-0.007645	0.007432	0.122432	6632.66699	1.59	0	0	23	0	0	77	4	0	9	0	0	0	203	32	0	0	22	49	0	38	92	516	93	346	0	0	0	19	21	10	0	0	0	0	29	0	0	0	4	0	10032	3850	
C:\Data\ITRAX\YAN_Aug 2013_Mo-Tube_Reanalysed_USE\2 mm data\YAN8B2\2\XRF data\L000106.spe	213.49	5.26	1	0.017886	-0.007645	0.007432	0.122432	6556.97119	1.75	16	9	25	23	5	94	8	7	0	0	0	0	205	0	0	11	28	0	56	50	78	589	26	363	0	4	0	11	32	0	0	0	0	22	51	0	0	7	0	2892335943761164	9883	3876	
C:\Data\ITRAX\YAN_Aug 2013_Mo-Tube_Reanalysed_USE\2 mm data\YAN8B2\2\XRF data\L000107.spe	215.54	5.21	1	0.017886	-0.007645	0.007432	0.122432	6113.29297	1.54	21	0	10	29	7	83	0	0	0	0	0	0	160	52	0	6	30	0	39	0	124	522	42	321	0	0	0	27	25	0	0	0	0	14	0	13	14	0	12	0	9357	3601	
C:\Data\ITRAX\YAN_Aug 2013_Mo-Tube_Reanalysed_USE\2 mm data\YAN8B2\2\XRF data\L000108.spe	217.49	5.15	1	0.017886	-0.007645	0.007432	0.122432	5923.00195	1.63	5	12	16	37	10	104	0	0	0	0	0	4	107	41	0	7	44	0	68	25	88	544	64	320	11	6	6	5	23	0	0	0	0	57	32	0	0	0	19	2141697821099026	9222	3341	
C:\Data\ITRAX\YAN_Aug 2013_Mo-Tube_Reanalysed_USE\2 mm data\YAN8B2\2\XRF data\L000109.spe	219.53	5.08	1	0.017886	-0.007645	0.007432	0.122432	4772.56104	1.27	0	0	18	15	0	67	10	5	0	5	0	0	147	11	0	22	18	0	29	49	71	391	124	252	0	0	0	16	47	27	0	0	0	100	41	33	0	0	0	0	7103	2730	
C:\Data\ITRAX\YAN_Aug 2013_Mo-Tube_Reanalysed_USE\2 mm data\YAN8B2\2\XRF data\L000110.spe	221.50	5.00	1	0.017886	-0.007645	0.007432	0.122432	2336.28296	0.88	9	6	10	13	0	73	0	5	0	0	0	0	99	25	0	0	0	0	17	0	41	143	44	129	0	0	0	16	8	0	0	0	13	0	0	0	44	0	0	0	3254	1280	
C:\Data\ITRAX\YAN_Aug 2013_Mo-Tube_Reanalysed_USE\2 mm data\YAN8B2\2\XRF data\L000111.spe	225.00	5.08	1	0.017886	-0.007645	0.007432	0.122432	4172.79102	1.09	5	0	0	14	0	90	6	5	12	5	0	0	245	46	0	22	30	0	21	0	42	329	71	240	0	0	0	0	21	0	28	0	18	51	28	0	0	0	13	1561042060910892	5878	2223	
C:\Data\ITRAX\YAN_Aug 2013_Mo-Tube_Reanalysed_USE\2 mm data\YAN8B2\2\XRF data\L000112.spe	227.00	5.33	1	0.017886	-0.007645	0.007432	0.122432	5226.23779	1.18	15	8	0	5	4	77	0	0	0	0	0	0	127	49	6	13	26	69	62	0	0	350	83	261	0	0	0	5	31	0	0	0	0	0	37	33	9	0	4	0	7799	2916	
C:\Data\ITRAX\YAN_Aug 2013_Mo-Tube_Reanalysed_USE\2 mm data\YAN8B2\2\XRF data\L000113.spe	229.00	5.49	1	0.017886	-0.007645	0.007432	0.122432	6793.75879	1.46	5	0	0	5	0	81	0	6	5	0	4	0	297	66	0	0	51	0	29	0	128	621	43	323	0	0	0	20	22	19	5	26	0	0	79	0	10	0	16	3132633559851898	9970	3711	
C:\Data\ITRAX\YAN_Aug 2013_Mo-Tube_Reanalysed_USE\2 mm data\YAN8B2\2\XRF data\L000114.spe	231.00	5.68	1	0.017886	-0.007645	0.007432	0.122432	6305.88379	1.41	15	6	6	11	5	84	6	18	7	0	0	0	451	48	0	8	38	11	43	12	105	537	0	396	0	0	0	22	27	19	21	0	0	13	12	0	14	0	11	0	9136	3493	
C:\Data\ITRAX\YAN_Aug 2013_Mo-Tube_Reanalysed_USE\2 mm data\YAN8B2\2\XRF data\L000115.spe	233.00	5.85	1	0.017886	-0.007645	0.007432	0.122432	4052.39697	1.23	9	11	17	8	0	101	0	11	0	0	0	5	181	34	0	0	19	0	27	26	32	366	44	192	0	0	0	14	21	0	5	15	0	23	39	0	0	0	0	0	5804	2167	
C:\Data\ITRAX\YAN_Aug 2013_Mo-Tube_Reanalysed_USE\2 mm data\YAN8B2\2\XRF data\L000116.spe	235.00	5.95	1	0.017886	-0.007645	0.007432	0.122432	3734.71191	1.13	0	0	0	0	0	82	0	4	0	0	0	9	237	54	0	5	19	0	25	0	80	257	85	258	0	0	0	0	30	0	19	8	0	8	0	0	47	0	7	2487930118639848	5324	2159	
C:\Data\ITRAX\YAN_Aug 2013_Mo-Tube_Reanalysed_USE\2 mm data\YAN8B2\2\XRF data\L000117.spe	237.00	6.00	1	0.017886	-0.007645	0.007432	0.122432	3350.13208	1.00	0	0	0	7	10	75	0	12	7	0	0	0	672	27	0	28	27	60	0	0	35	302	46	157	0	0	0	0	49	18	13	0	5	0	0	0	20	0	5	1314161221214581	4547	1831	
C:\Data\ITRAX\YAN_Aug 2013_Mo-Tube_Reanalysed_USE\2 mm data\YAN8B2\2\XRF data\L000118.spe	239.00	6.04	1	0.017886	-0.007645	0.007432	0.122432	7883.90479	1.26	0	8	15	12	0	69	22	489	148	30	15	111	10906	76	6	90	98	0	14	0	142	723	0	371	6	0	0	23	63	26	37	31	0	43	12	0	8	35	6	0	8523	3495	
C:\Data\ITRAX\YAN_Aug 2013_Mo-Tube_Reanalysed_USE\2 mm data\YAN8B2\2\XRF data\L000119.spe	241.00	6.04	1	0.017886	-0.007645	0.007432	0.122432	15727.51074	1.25	13	23	0	6	0	67	87	847	372	71	53	358	35801	295	29	200	208	60	0	0	177	1358	78	498	0	0	0	78	202	127	119	64	59	52	50	0	34	78	0	429123698347453	14408	5205	
C:\Data\ITRAX\YAN_Aug 2013_Mo-Tube_Reanalysed_USE\2 mm data\YAN8B2\2\XRF data\L000120.spe	241.55	6.15	1	0.017886	-0.007645	0.007432	0.122432	15686.51270	1.25	12	43	13	19	0	43	161	1779	649	95	57	399	40151	219	0	234	133	46	46	0	80	1327	79	490	0	0	0	19	149	66	82	66	35	53	124	25	0	116	0	2495634436596972	13776	5198	
C:\Data\ITRAX\YAN_Aug 2013_Mo-Tube_Reanalysed_USE\2 mm data\YAN8B2\2\XRF data\L000121.spe	243.48	6.25	1	0.017886	-0.007645	0.007432	0.122432	20127.58984	1.20	0	28	0	17	0	35	193	2522	755	100	57	567	53605	287	0	123	142	49	118	0	183	1613	161	589	0	0	44	82	164	86	116	64	44	32	32	38	45	135	9	0	17255	5932	
C:\Data\ITRAX\YAN_Aug 2013_Mo-Tube_Reanalysed_USE\2 mm data\YAN8B2\2\XRF data\L000122.spe	245.54	6.30	1	0.017886	-0.007645	0.007432	0.122432	17400.12695	1.19	5	8	6	29	0	80	129	1819	405	57	46	337	36591	285	0	161	182	0	0	0	6	1795	144	665	0	0	35	46	166	79	38	27	34	42	22	57	0	104	0	0	16649	6339	
C:\Data\ITRAX\YAN_Aug 2013_Mo-Tube_Reanalysed_USE\2 mm data\YAN8B2\2\XRF data\L000123.spe	247.49	6.34	1	0.017886	-0.007645	0.007432	0.122432	17255.03320	1.23	0	24	0	40	0	72	193	3989	519	46	48	503	34481	175	0	107	153	44	106	0	85	2099	106	403	0	0	0	126	173	63	78	80	81	59	98	29	31	141	0	3339858218932315	16629	6755	
C:\Data\ITRAX\YAN_Aug 2013_Mo-Tube_Reanalysed_USE\2 mm data\YAN8B2\2\XRF data\L000124.spe	249.54	6.33	1	0.017886	-0.007645	0.007432	0.122432	11039.94629	1.30	19	12	27	34	7	99	29	883	129	17	19	142	11800	129	16	64	100	72	49	0	149	1571	0	470	0	0	0	76	93	55	16	14	0	0	79	0	0	0	12	3004827569756676	12757	5236	
C:\Data\ITRAX\YAN_Aug 2013_Mo-Tube_Reanalysed_USE\2 mm data\YAN8B2\2\XRF data\L000125.spe	251.49	6.23	1	0.017886	-0.007645	0.007432	0.122432	20760.65820	1.24	0	20	0	7	0	22	128	3012	765	62	88	547	47997	507	0	143	253	154	11	0	168	2139	145	628	0	0	16	98	175	84	148	0	27	0	74	32	6	91	0	0	18770	7184	
C:\Data\ITRAX\YAN_Aug 2013_Mo-Tube_Reanalysed_USE\2 mm data\YAN8B2\2\XRF data\L000126.spe	253.54	6.26	1	0.017886	-0.007645	0.007432	0.122432	22787.25781	1.23	10	20	16	37	0	67	212	3233	756	93	37	582	55773	411	0	167	241	64	0	0	84	1969	54	651	0	0	7	86	191	60	157	78	0	0	27	0	0	198	24	0	19766	7616	
C:\Data\ITRAX\YAN_Aug 2013_Mo-Tube_Reanalysed_USE\2 mm data\YAN8B2\2\XRF data\L000127.spe	255.49	6.33	1	0.017886	-0.007645	0.007432	0.122432	21454.52344	1.22	0	18	11	19	8	44	194	2387	721	70	41	534	49670	482	0	160	242	106	66	0	119	2348	149	743	0	0	17	74	135	56	62	50	38	6	0	0	64	85	0	3954854543999810	20025	7394	
C:\Data\ITRAX\YAN_Aug 2013_Mo-Tube_Reanalysed_USE\2 mm data\YAN8B2\2\XRF data\L000128.spe	257.52	6.34	1	0.017886	-0.007645	0.007432	0.122432	13045.14453	1.47	15	13	8	23	13	81	0	30	28	0	0	0	2168	147	0	83	49	0	88	51	63	1795	70	616	7	0	0	9	101	0	0	0	6	31	114	45	0	0	9	5572460584885621	18978	6891	
C:\Data\ITRAX\YAN_Aug 2013_Mo-Tube_Reanalysed_USE\2 mm data\YAN8B2\2\XRF data\L000129.spe	259.46	6.26	1	0.017886	-0.007645	0.007432	0.122432	10587.26855	1.81	10	32	0	46	17	92	0	4	28	0	0	0	699	67	6	32	48	0	12	15	10	1504	121	472	0	0	0	12	68	0	28	0	0	27	113	0	0	0	13	4086264624711839	15684	5826	
C:\Data\ITRAX\YAN_Aug 2013_Mo-Tube_Reanalysed_USE\2 mm data\YAN8B2\2\XRF data\L000130.spe	261.51	6.00	1	0.017886	-0.007645	0.007432	0.122432	14073.59277	1.23	18	30	4	29	0	62	83	867	327	43	28	154	20885	197	0	50	134	71	90	0	44	1858	142	483	0	0	0	47	144	44	28	28	0	0	0	8	82	40	0	0	15944	5934	
C:\Data\ITRAX\YAN_Aug 2013_Mo-Tube_Reanalysed_USE\2 mm data\YAN8B2\2\XRF data\L000131.spe	265.00	5.78	1	0.017886	-0.007645	0.007432	0.122432	12268.08496	1.22	0	22	20	27	0	91	27	415	172	33	12	93	12835	213	0	71	104	105	12	58	133	1606	66	503	0	0	0	47	109	35	30	23	0	0	24	0	94	0	0	3354084171068015	14909	5682	
C:\Data\ITRAX\YAN_Aug 2013_Mo-Tube_Reanalysed_USE\2 mm data\YAN8B2\2\XRF data\L000132.spe	267.00	5.71	1	0.017886	-0.007645	0.007432	0.122432	11054.94531	1.41	19	6	6	52	13	97	22	210	84	0	0	55	7047	196	0	49	92	0	54	20	50	1536	17	616	5	0	0	19	88	13	39	0	24	61	72	0	0	0	17	0	14561	5442	
C:\Data\ITRAX\YAN_Aug 2013_Mo-Tube_Reanalysed_USE\2 mm data\YAN8B2\2\XRF data\L000133.spe	269.00	5.65	1	0.017886	-0.007645	0.007432	0.122432	9813.80664	1.69	42	8	11	28	11	93	16	37	15	0	6	16	1879	73	0	52	70	0	59	10	117	1403	0	434	0	0	0	11	61	40	14	44	0	35	55	0	17	0	0	3480120486767958	13882	5493	
C:\Data\ITRAX\YAN_Aug 2013_Mo-Tube_Reanalysed_USE\2 mm data\YAN8B2\2\XRF data\L000134.spe	271.00	5.64	1	0.017886	-0.007645	0.007432	0.122432	10450.87598	1.79	25	26	22	48	18	108	20	73	42	6	0	37	3859	102	18	39	101	23	60	18	85	1695	0	442	8	16	0	38	48	43	0	24	0	0	11	0	0	0	29	0	14284	5610	
C:\Data\ITRAX\YAN_Aug 2013_Mo-Tube_Reanalysed_USE\2 mm data\YAN8B2\2\XRF data\L000135.spe	273.00	5.64	1	0.017886	-0.007645	0.007432	0.122432	8843.95605	1.77	18	7	27	24	8	116	10	35	0	0	0	0	1520	118	0	15	43	27	92	0	42	1128	132	407	0	9	0	25	38	8	0	17	0	0	29	34	35	0	27	0	12735	4918	
C:\Data\ITRAX\YAN_Aug 2013_Mo-Tube_Reanalysed_USE\2 mm data\YAN8B2\2\XRF data\L000136.spe	275.00	5.64	1	0.017886	-0.007645	0.007432	0.122432	8840.15625	1.91	22	4	12	25	7	101	10	0	9	11	0	0	696	116	5	39	46	0	32	25	29	1255	48	522	8	7	0	19	55	0	7	0	0	75	10	0	0	0	19	3678181678844680	12578	4896	
C:\Data\ITRAX\YAN_Aug 2013_Mo-Tube_Reanalysed_USE\2 mm data\YAN8B2\2\XRF data\L000137.spe	277.00	5.62	1	0.017886	-0.007645	0.007432	0.122432	9085.24414	1.66	20	14	19	38	4	101	0	0	0	0	0	0	577	108	0	14	26	0	61	6	58	1487	0	335	6	0	7	0	31	0	0	0	0	68	79	0	0	0	0	3674404366778256	13122	5169	
C:\Data\ITRAX\YAN_Aug 2013_Mo-Tube_Reanalysed_USE\2 mm data\YAN8B2\2\XRF data\L000138.spe	278.85	5.60	1	0.017886	-0.007645	0.007432	0.122432	9235.93555	1.60	12	30	21	0	13	81	0	7	12	0	0	0	615	109	0	24	71	22	39	83	113	1356	0	429	0	0	0	19	50	11	0	22	0	17	70	0	0	0	6	0	13153	5146	
C:\Data\ITRAX\YAN_Aug 2013_Mo-Tube_Reanalysed_USE\2 mm data\YAN8B2\2\XRF data\L000139.spe	279.52	5.95	1	0.017886	-0.007645	0.007432	0.122432	8372.88086	1.88	12	4	16	28	10	92	12	7	0	0	0	0	479	90	0	0	54	0	58	29	96	1583	147	469	0	8	17	35	49	0	20	0	0	16	0	41	45	0	0	0	12242	4675	
C:\Data\ITRAX\YAN_Aug 2013_Mo-Tube_Reanalysed_USE\2 mm data\YAN8B2\2\XRF data\L000140.spe	281.48	6.89	1	0.017886	-0.007645	0.007432	0.122432	4927.45313	1.27	15	15	0	25	7	106	0	0	0	0	0	0	91	31	0	0	0	0	19	19	58	777	78	149	4	6	0	10	24	0	0	0	0	34	0	0	61	0	5	686665247648989	7165	2684	
C:\Data\ITRAX\YAN_Aug 2013_Mo-Tube_Reanalysed_USE\2 mm data\YAN8B2\2\XRF data\L000141.spe	283.52	6.89	1	0.017886	-0.007645	0.007432	0.122432	4938.55176	1.27	0	0	0	15	0	103	0	0	6	0	0	7	89	35	0	22	23	0	19	15	9	687	88	195	0	0	0	9	6	0	5	0	4	33	43	32	0	0	12	0	7241	2738	
C:\Data\ITRAX\YAN_Aug 2013_Mo-Tube_Reanalysed_USE\2 mm data\YAN8B2\2\XRF data\L000142.spe	285.47	6.89	1	0.017886	-0.007645	0.007432	0.122432	2048.39697	1.09	0	0	0	10	0	97	0	0	0	0	0	0	70	27	0	0	0	0	0	7	8	142	0	93	0	0	0	23	0	7	0	0	0	13	0	0	5	0	0	595148859389548	2956	1049	
C:\Data\ITRAX\YAN_Aug 2013_Mo-Tube_Reanalysed_USE\2 mm data\YAN8B2\2\XRF data\L000143.spe	287.51	6.89	1	0.017886	-0.007645	0.007432	0.122432	2010.09900	0.83	0	10	0	6	0	93	0	0	0	0	0	0	68	19	0	21	5	0	25	35	0	216	39	76	0	0	7	7	10	5	0	22	0	34	5	27	8	0	0	716425709879957	2851	1047	
C:\Data\ITRAX\YAN_Aug 2013_Mo-Tube_Reanalysed_USE\2 mm data\YAN8B2\2\XRF data\L000144.spe	289.47	6.89	1	0.017886	-0.007645	0.007432	0.122432	3862.90601	1.12	0	20	5	12	0	65	0	0	0	0	0	0	58	11	0	10	17	0	39	0	22	483	24	191	0	0	0	7	11	0	0	0	0	7	26	10	0	0	0	0	5594	2065	
C:\Data\ITRAX\YAN_Aug 2013_Mo-Tube_Reanalysed_USE\2 mm data\YAN8B2\2\XRF data\L000145.spe	291.52	6.61	1	0.017886	-0.007645	0.007432	0.122432	4337.58203	1.10	15	0	4	10	8	98	0	5	5	0	0	0	284	21	0	0	15	0	0	14	18	537	30	221	5	0	0	12	13	24	9	0	16	0	6	25	77	0	10	0	6132	2377	
C:\Data\ITRAX\YAN_Aug 2013_Mo-Tube_Reanalysed_USE\2 mm data\YAN8B2\2\XRF data\L000146.spe	295.00	6.29	1	0.017886	-0.007645	0.007432	0.122432	13256.43457	1.26	0	18	12	0	12	83	121	1258	318	53	23	200	24134	219	0	121	127	0	20	0	65	1827	108	561	0	0	39	28	103	32	77	0	26	47	81	15	0	0	0	3858224059444503	13156	5134	
C:\Data\ITRAX\YAN_Aug 2013_Mo-Tube_Reanalysed_USE\2 mm data\YAN8B2\2\XRF data\L000147.spe	297.00	6.28	1	0.017886	-0.007645	0.007432	0.122432	12502.07324	1.23	33	36	13	25	7	93	128	1605	403	43	48	280	27445	101	0	90	122	35	33	0	76	1369	49	436	0	0	12	54	152	87	103	0	66	0	0	0	57	107	0	465599826516083	11205	4252	
C:\Data\ITRAX\YAN_Aug 2013_Mo-Tube_Reanalysed_USE\2 mm data\YAN8B2\2\XRF data\L000148.spe	299.00	6.36	1	0.017886	-0.007645	0.007432	0.122432	16152.19043	1.39	15	15	0	12	0	70	138	1558	458	71	28	307	34018	200	0	144	189	233	83	0	99	2173	0	601	0	0	8	95	173	125	79	0	0	0	0	0	57	163	0	0	15427	6027	
C:\Data\ITRAX\YAN_Aug 2013_Mo-Tube_Reanalysed_USE\2 mm data\YAN8B2\2\XRF data\L000149.spe	299.53	6.41	1	0.017886	-0.007645	0.007432	0.122432	24012.09375	1.34	0	22	0	0	0	21	334	4627	1176	100	82	738	70177	444	0	263	316	0	42	0	152	2751	155	728	0	0	17	67	245	119	119	70	46	127	51	0	0	246	0	3422835797585215	17541	6795	
C:\Data\ITRAX\YAN_Aug 2013_Mo-Tube_Reanalysed_USE\2 mm data\YAN8B2\2\XRF data\L000150.spe	303.00	6.45	1	0.017886	-0.007645	0.007432	0.122432	12397.87793	1.32	15	21	11	11	23	84	26	386	137	0	15	84	8746	185	18	231	105	0	17	11	110	1884	57	582	0	0	0	59	117	57	0	0	0	11	0	103	0	0	7	0	15969	6192	
C:\Data\ITRAX\YAN_Aug 2013_Mo-Tube_Reanalysed_USE\2 mm data\YAN8B2\2\XRF data\L000151.spe	305.00	6.45	1	0.017886	-0.007645	0.007432	0.122432	7691.81299	1.43	27	0	12	32	0	70	0	39	11	0	0	13	823	95	0	59	50	0	0	0	112	869	0	347	0	0	4	23	80	0	0	0	0	52	0	0	0	0	16	2651173714058456	10960	4161	
C:\Data\ITRAX\YAN_Aug 2013_Mo-Tube_Reanalysed_USE\2 mm data\YAN8B2\2\XRF data\L000152.spe	307.00	6.46	1	0.017886	-0.007645	0.007432	0.122432	12772.95898	1.30	0	16	11	20	10	90	47	556	233	23	13	179	19917	214	0	57	148	135	0	0	47	1560	145	451	0	0	10	50	117	41	53	29	35	0	0	75	68	0	11	0	13875	5686	
C:\Data\ITRAX\YAN_Aug 2013_Mo-Tube_Reanalysed_USE\2 mm data\YAN8B2\2\XRF data\L000153.spe	309.00	6.51	1	0.017886	-0.007645	0.007432	0.122432	15354.72852	1.23	0	20	6	16	6	88	184	1758	528	50	55	337	33540	364	5	235	147	0	0	0	184	1431	58	665	0	0	49	32	161	82	59	0	41	49	70	0	0	20	0	1703067321128996	14099	5399	
C:\Data\ITRAX\YAN_Aug 2013_Mo-Tube_Reanalysed_USE\2 mm data\YAN8B2\2\XRF data\L000154.spe	311.00	6.62	1	0.017886	-0.007645	0.007432	0.122432	17252.23438	1.35	17	13	6	10	0	66	209	2258	723	58	57	426	43154	276	18	183	253	34	0	0	134	1487	125	457	0	0	28	68	173	74	17	0	26	0	0	20	78	95	0	0	15285	5670	
C:\Data\ITRAX\YAN_Aug 2013_Mo-Tube_Reanalysed_USE\2 mm data\YAN8B2\2\XRF data\L000155.spe	311.53	6.68	1	0.017886	-0.007645	0.007432	0.122432	17247.13477	1.41	0	0	0	0	0	47	146	2058	720	81	62	522	48268	394	0	228	216	0	0	0	159	1435	30	602	0	0	24	50	175	75	128	38	75	101	46	0	0	166	7	2886254781316418	13316	4898	
C:\Data\ITRAX\YAN_Aug 2013_Mo-Tube_Reanalysed_USE\2 mm data\YAN8B2\2\XRF data\L000156.spe	313.51	6.73	1	0.017886	-0.007645	0.007432	0.122432	19559.81836	1.27	17	40	13	0	0	41	295	1906	910	83	21	486	53536	551	0	211	233	63	94	0	116	1491	0	602	0	0	49	126	203	127	41	69	16	0	0	0	58	69	0	0	16145	5941	
C:\Data\ITRAX\YAN_Aug 2013_Mo-Tube_Reanalysed_USE\2 mm data\YAN8B2\2\XRF data\L000157.spe	315.47	6.76	1	0.017886	-0.007645	0.007432	0.122432	24235.08203	1.30	0	0	0	20	0	25	490	2471	1245	101	93	538	71249	607	0	173	270	99	0	0	257	1933	139	836	0	0	51	147	179	116	87	144	43	61	34	0	73	221	0	0	18777	6668	
C:\Data\ITRAX\YAN_Aug 2013_Mo-Tube_Reanalysed_USE\2 mm data\YAN8B2\2\XRF data\L000158.spe	317.51	6.81	1	0.017886	-0.007645	0.007432	0.122432	22766.75391	1.27	0	41	10	33	0	35	538	2262	1103	93	87	473	64671	485	0	162	252	0	132	0	300	1797	209	1020	0	0	61	52	226	84	92	0	60	122	97	47	0	257	0	2734379674606244	18427	6914	
C:\Data\ITRAX\YAN_Aug 2013_Mo-Tube_Reanalysed_USE\2 mm data\YAN8B2\2\XRF data\L000159.spe	319.47	6.81	1	0.017886	-0.007645	0.007432	0.122432	19548.91797	1.24	0	0	0	0	0	52	388	1729	1021	81	60	364	49337	320	0	152	242	46	144	0	316	1583	160	715	0	0	12	130	168	131	33	33	57	27	54	47	0	79	12	0	17120	6242	
C:\Data\ITRAX\YAN_Aug 2013_Mo-Tube_Reanalysed_USE\2 mm data\YAN8B2\2\XRF data\L000160.spe	321.52	6.80	1	0.017886	-0.007645	0.007432	0.122432	20695.35938	1.06	5	36	0	16	9	70	392	1668	925	146	77	405	50151	269	0	200	268	23	28	0	233	1631	219	900	0	0	32	91	181	79	68	48	40	7	0	16	0	205	25	3197426228461028	18372	6887	
C:\Data\ITRAX\YAN_Aug 2013_Mo-Tube_Reanalysed_USE\2 mm data\YAN8B2\2\XRF data\L000161.spe	323.46	6.81	1	0.017886	-0.007645	0.007432	0.122432	21817.80664	1.14	0	29	8	0	0	38	466	2119	1097	78	62	462	55589	269	0	175	186	8	29	0	193	1941	251	877	0	0	9	105	223	66	100	31	44	33	0	114	104	316	0	1683915696316462	18869	6717	
C:\Data\ITRAX\YAN_Aug 2013_Mo-Tube_Reanalysed_USE\2 mm data\YAN8B2\2\XRF data\L000162.spe	325.51	6.81	1	0.017886	-0.007645	0.007432	0.122432	23122.74023	1.39	6	0	0	0	0	44	377	1956	963	72	56	432	53221	513	0	191	232	213	76	0	331	1851	141	951	0	0	28	90	242	97	163	0	52	0	0	0	68	72	0	0	20910	7432	
C:\Data\ITRAX\YAN_Aug 2013_Mo-Tube_Reanalysed_USE\2 mm data\YAN8B2\2\XRF data\L000163.spe	327.47	6.80	1	0.017886	-0.007645	0.007432	0.122432	20318.97852	1.26	5	21	0	10	0	60	391	1364	1228	76	25	320	49741	243	0	151	195	94	40	0	272	1921	262	880	0	0	36	104	227	92	30	14	17	29	89	58	0	198	6	4264072457321814	18336	6725	
C:\Data\ITRAX\YAN_Aug 2013_Mo-Tube_Reanalysed_USE\2 mm data\YAN8B2\2\XRF data\L000164.spe	329.51	6.79	1	0.017886	-0.007645	0.007432	0.122432	11973.19922	1.16	26	20	0	35	22	95	85	490	196	44	5	104	12349	113	0	40	81	0	123	0	177	1195	0	554	0	0	0	63	85	44	0	53	25	42	0	0	79	23	0	0	14939	5552	
C:\Data\ITRAX\YAN_Aug 2013_Mo-Tube_Reanalysed_USE\2 mm data\YAN8B2\2\XRF data\L000165.spe	333.00	6.64	1	0.017886	-0.007645	0.007432	0.122432	10903.05273	1.32	13	5	16	31	0	91	71	375	186	0	0	48	10369	245	0	77	87	15	10	50	190	1265	94	536	0	0	10	29	81	62	24	0	0	17	133	0	0	0	20	3194225333969954	13504	5117	
C:\Data\ITRAX\YAN_Aug 2013_Mo-Tube_Reanalysed_USE\2 mm data\YAN8B2\2\XRF data\L000166.spe	335.00	6.57	1	0.017886	-0.007645	0.007432	0.122432	9141.64063	1.41	0	8	4	40	0	88	8	87	61	0	0	10	3898	136	0	33	42	0	97	0	181	1111	105	543	0	0	0	56	78	44	0	13	15	16	61	82	0	0	23	3610096907350614	12472	4849	
C:\Data\ITRAX\YAN_Aug 2013_Mo-Tube_Reanalysed_USE\2 mm data\YAN8B2\2\XRF data\L000167.spe	337.00	6.57	1	0.017886	-0.007645	0.007432	0.122432	10208.48828	1.39	0	17	20	41	13	118	56	386	103	24	15	63	6830	90	0	16	55	109	67	0	238	1278	58	476	0	14	11	34	50	11	14	43	43	0	16	0	91	27	0	3965428549537508	13272	5060	
C:\Data\ITRAX\YAN_Aug 2013_Mo-Tube_Reanalysed_USE\2 mm data\YAN8B2\2\XRF data\L000168.spe	339.00	6.63	1	0.017886	-0.007645	0.007432	0.122432	10798.65723	1.18	0	5	7	19	11	82	141	1321	290	25	31	149	13746	62	0	50	88	36	26	29	92	1275	68	413	0	0	5	48	71	52	4	25	0	59	118	16	0	20	0	3082685965611972	12488	4693	
C:\Data\ITRAX\YAN_Aug 2013_Mo-Tube_Reanalysed_USE\2 mm data\YAN8B2\2\XRF data\L000169.spe	341.00	6.68	1	0.017886	-0.007645	0.007432	0.122432	10569.86816	1.28	6	5	9	26	12	94	47	528	247	24	17	104	12242	61	0	30	78	10	0	6	0	1321	29	484	8	0	0	37	93	26	44	0	0	7	0	53	16	0	20	0	12436	4809	
C:\Data\ITRAX\YAN_Aug 2013_Mo-Tube_Reanalysed_USE\2 mm data\YAN8B2\2\XRF data\L000170.spe	343.00	6.72	1	0.017886	-0.007645	0.007432	0.122432	10147.79102	1.26	10	0	21	13	21	98	116	433	234	46	28	80	14706	148	34	55	147	15	34	0	146	1142	153	517	0	0	10	91	97	44	28	0	36	38	8	9	0	9	29	0	11348	4366	
C:\Data\ITRAX\YAN_Aug 2013_Mo-Tube_Reanalysed_USE\2 mm data\YAN8B2\2\XRF data\L000171.spe	345.00	6.74	1	0.017886	-0.007645	0.007432	0.122432	13590.81738	1.24	32	22	9	42	25	79	129	1449	404	64	64	292	25082	148	8	119	181	127	0	0	37	1490	137	630	0	8	0	55	145	51	89	0	34	0	0	30	56	106	0	2992948154788126	13801	5221	
C:\Data\ITRAX\YAN_Aug 2013_Mo-Tube_Reanalysed_USE\2 mm data\YAN8B2\2\XRF data\L000172.spe	347.00	6.82	1	0.017886	-0.007645	0.007432	0.122432	18599.26758	1.27	0	36	0	16	0	70	212	2902	723	89	78	525	44878	380	0	111	232	114	86	5	136	2158	198	661	0	0	8	104	201	100	41	22	66	0	0	44	152	47	0	4389812192580734	16322	6184	
C:\Data\ITRAX\YAN_Aug 2013_Mo-Tube_Reanalysed_USE\2 mm data\YAN8B2\2\XRF data\L000173.spe	347.52	6.93	1	0.017886	-0.007645	0.007432	0.122432	22107.09180	1.15	4	18	0	0	0	15	338	3055	1118	131	102	680	65201	568	0	283	236	102	107	0	196	1843	12	726	0	0	0	60	205	81	95	62	167	13	0	34	163	93	0	0	16743	6548	
C:\Data\ITRAX\YAN_Aug 2013_Mo-Tube_Reanalysed_USE\2 mm data\YAN8B2\2\XRF data\L000174.spe	349.47	6.98	1	0.017886	-0.007645	0.007432	0.122432	22771.65820	1.10	7	29	0	13	0	49	356	3987	1106	122	72	695	65182	691	19	257	240	0	0	0	113	2004	69	850	0	0	43	126	251	119	116	24	56	78	5	88	0	96	0	0	17832	6496	
C:\Data\ITRAX\YAN_Aug 2013_Mo-Tube_Reanalysed_USE\2 mm data\YAN8B2\2\XRF data\L000175.spe	351.52	7.02	1	0.017886	-0.007645	0.007432	0.122432	21092.44141	1.18	0	18	10	0	0	37	398	4156	1266	100	112	748	71407	465	0	296	230	45	0	0	141	1786	105	642	0	0	24	41	270	78	102	31	33	0	0	0	127	299	0	918743246772627	14316	5306	
C:\Data\ITRAX\YAN_Aug 2013_Mo-Tube_Reanalysed_USE\2 mm data\YAN8B2\2\XRF data\L000176.spe	355.00	7.03	1	0.017886	-0.007645	0.007432	0.122432	12831.35645	1.32	0	21	7	43	7	95	149	1270	443	88	57	243	27191	105	0	113	155	73	14	0	107	1327	127	363	0	19	11	95	140	75	0	0	0	0	0	0	58	94	13	3084784766422886	12642	4646	
C:\Data\ITRAX\YAN_Aug 2013_Mo-Tube_Reanalysed_USE\2 mm data\YAN8B2\2\XRF data\L000177.spe	357.00	7.06	1	0.017886	-0.007645	0.007432	0.122432	19752.50977	1.26	0	11	0	23	0	70	255	1893	710	83	70	532	51886	438	0	130	226	82	0	0	231	1694	22	662	0	0	7	96	212	64	88	71	113	65	38	0	0	156	29	3501095662298338	16766	6248	
C:\Data\ITRAX\YAN_Aug 2013_Mo-Tube_Reanalysed_USE\2 mm data\YAN8B2\2\XRF data\L000178.spe	357.47	7.18	1	0.017886	-0.007645	0.007432	0.122432	20560.46680	1.35	7	24	8	0	0	61	328	2633	949	122	97	515	58907	527	36	323	313	85	13	0	253	1796	89	636	0	0	33	86	288	126	98	0	61	10	52	0	0	168	0	3858684569469013	16448	6082	
C:\Data\ITRAX\YAN_Aug 2013_Mo-Tube_Reanalysed_USE\2 mm data\YAN8B2\2\XRF data\L000179.spe	359.53	7.24	1	0.017886	-0.007645	0.007432	0.122432	19373.62891	1.21	0	8	6	13	0	62	260	2518	776	90	75	533	47057	453	0	208	220	50	24	0	100	1724	0	724	0	0	11	36	230	115	153	0	87	54	87	0	28	108	0	0	17147	6392	
C:\Data\ITRAX\YAN_Aug 2013_Mo-Tube_Reanalysed_USE\2 mm data\YAN8B2\2\XRF data\L000180.spe	361.46	7.27	1	0.017886	-0.007645	0.007432	0.122432	21243.93359	1.17	29	0	0	9	0	44	263	2759	925	148	70	539	55980	379	0	173	261	0	179	8	152	1649	86	636	8	0	18	110	182	108	99	124	72	126	100	0	43	165	28	0	17776	6675	
C:\Data\ITRAX\YAN_Aug 2013_Mo-Tube_Reanalysed_USE\2 mm data\YAN8B2\2\XRF data\L000181.spe	363.52	7.32	1	0.017886	-0.007645	0.007432	0.122432	20596.16406	1.33	12	32	12	15	8	49	316	5044	972	120	51	728	59133	315	0	82	254	70	39	0	67	1609	37	630	0	0	36	91	233	152	90	14	128	64	103	47	0	239	0	0	15705	6106	
C:\Data\ITRAX\YAN_Aug 2013_Mo-Tube_Reanalysed_USE\2 mm data\YAN8B2\2\XRF data\L000182.spe	365.47	7.36	1	0.017886	-0.007645	0.007432	0.122432	19816.50586	1.16	0	16	10	17	0	76	281	3863	792	77	52	677	50980	393	0	160	226	98	41	0	143	1986	274	753	0	0	27	38	155	86	74	71	29	0	89	13	0	136	0	833943946139889	16865	6472	
C:\Data\ITRAX\YAN_Aug 2013_Mo-Tube_Reanalysed_USE\2 mm data\YAN8B2\2\XRF data\L000183.spe	367.53	7.37	1	0.017886	-0.007645	0.007432	0.122432	23112.43945	1.32	0	0	0	0	0	21	356	3014	1170	89	76	675	70834	303	0	218	275	64	35	0	137	1968	165	810	0	0	57	63	226	101	93	0	34	21	0	0	154	291	0	2498319046103276	17541	6795	
C:\Data\ITRAX\YAN_Aug 2013_Mo-Tube_Reanalysed_USE\2 mm data\YAN8B2\2\XRF data\L000184.spe	369.46	7.39	1	0.017886	-0.007645	0.007432	0.122432	22510.87109	1.16	0	0	0	0	0	46	329	3105	1079	127	9	588	63771	469	0	121	279	38	36	5	257	1822	131	767	0	0	27	96	251	109	66	44	30	42	0	0	63	180	0	3221581187397241	18058	6892	
C:\Data\ITRAX\YAN_Aug 2013_Mo-Tube_Reanalysed_USE\2 mm data\YAN8B2\2\XRF data\L000185.spe	371.51	7.40	1	0.017886	-0.007645	0.007432	0.122432	19593.21680	1.22	7	38	0	25	0	61	373	3058	1037	118	103	662	58880	282	0	192	172	0	52	0	205	1894	175	547	0	0	26	49	151	73	61	67	9	41	46	0	41	218	21	0	14900	5904	
C:\Data\ITRAX\YAN_Aug 2013_Mo-Tube_Reanalysed_USE\2 mm data\YAN8B2\2\XRF data\L000186.spe	373.46	7.37	1	0.017886	-0.007645	0.007432	0.122432	16690.36133	1.10	0	0	0	8	0	78	389	2204	969	116	36	399	41248	274	0	149	186	108	89	0	199	1848	156	619	0	0	35	61	208	141	108	32	63	0	42	0	69	108	0	0	13983	5607	
C:\Data\ITRAX\YAN_Aug 2013_Mo-Tube_Reanalysed_USE\2 mm data\YAN8B2\2\XRF data\L000187.spe	375.52	7.33	1	0.017886	-0.007645	0.007432	0.122432	16952.55078	1.09	7	30	9	35	195	71	221	2755	694	23	27	479	35188	113	0	84	130	47	90	0	156	1702	204	856	0	0	28	57	141	58	34	50	31	0	0	13	70	157	17	3643441245034306	15739	6344	
C:\Data\ITRAX\YAN_Aug 2013_Mo-Tube_Reanalysed_USE\2 mm data\YAN8B2\2\XRF data\L000188.spe	377.47	7.28	1	0.017886	-0.007645	0.007432	0.122432	9855.80566	1.38	5	7	10	24	0	97	19	54	41	0	7	18	1368	66	0	66	70	27	52	0	46	795	0	510	0	0	0	10	111	37	42	0	23	15	15	0	18	0	8	0	14533	4881	
C:\Data\ITRAX\YAN_Aug 2013_Mo-Tube_Reanalysed_USE\2 mm data\YAN8B2\2\XRF data\L000189.spe	379.52	7.18	1	0.017886	-0.007645	0.007432	0.122432	12400.17578	2.12	0	10	21	37	5	115	5	0	13	0	0	0	180	76	8	25	51	31	45	62	142	1078	84	186	0	0	0	38	61	0	0	0	0	25	62	27	8	0	0	0	21748	5271	
C:\Data\ITRAX\YAN_Aug 2013_Mo-Tube_Reanalysed_USE\2 mm data\YAN8B2\2\XRF data\L000190.spe	381.46	6.96	1	0.017886	-0.007645	0.007432	0.122432	3595.21899	1.22	0	0	11	0	5	88	0	5	0	0	9	0	38	0	9	21	100	0	49	38	55	140	48	0	0	0	0	15	23	0	0	11	0	31	0	24	0	0	0	0	5947	1609	