Date:	8/20/2008		Time:	11:42 AM		Version no:	0.00		Project name:	55		Sample name:	222		Section name:	section		Position	0.000000	mm	E0	0.000000	keV	E1	1.000000	keV/channel	sample surface	2.000000	cm	Tube anode:	Mo		Tube voltage:	30	kV	Tube current:	50	mA	gain	20		std. database			resultfile	result		matrix element	11		sample thickness	1.000000		air passage	0.560000	cm	comments	not in position		peaking_time	3.000000	m-sec	trigger_threshold	1229.166667	V	mca_bin_width	22.090000	no:	number_mca_channels	1024.000000	no:	gap_time	0.400000	m-sec	trigger_peaking_time	0.150000	m-sec	GAINDAC	9455		HIGHGAIN	1		TAURC	0		RCTAU	53		RCTAUFRAC	32768		livetime	9.946694	seconds	runtime	10.000502	seconds	input_count_rate	6.383829	cps	output_count_rate	5.739112	cps	triggers	63498	seconds	events_in_run	57394	seconds	channel	content		1.000	0.000
2.000	0.000
3.000	0.000
4.000	0.000
5.000	0.000
6.000	0.000
7.000	0.000
8.000	0.000
9.000	0.000
10.000	0.000
11.000	0.000
12.000	0.000
13.000	0.000
14.000	0.000
15.000	0.000
16.000	0.000
17.000	0.000
18.000	0.000
19.000	0.000
20.000	0.000
21.000	0.000
22.000	0.000
23.000	0.000
24.000	0.000
25.000	0.000
26.000	0.000
27.000	0.000
28.000	0.000
29.000	0.000
30.000	0.000
31.000	184.000
32.000	233.000
33.000	320.000
34.000	400.000
35.000	436.000
36.000	524.000
37.000	622.000
38.000	729.000
39.000	844.000
40.000	949.000
41.000	1114.000
42.000	1208.000
43.000	1374.000
44.000	1490.000
45.000	1679.000
46.000	1680.000
47.000	1825.000
48.000	1949.000
49.000	2077.000
50.000	2174.000
51.000	2240.000
52.000	2295.000
53.000	2427.000
54.000	2354.000
55.000	2377.000
56.000	2353.000
57.000	2394.000
58.000	2390.000
59.000	2395.000
60.000	2439.000
61.000	2427.000
62.000	2426.000
63.000	2363.000
64.000	2324.000
65.000	2377.000
66.000	2325.000
67.000	2304.000
68.000	2304.000
69.000	2249.000
70.000	2154.000
71.000	2219.000
72.000	2181.000
73.000	2126.000
74.000	2152.000
75.000	2138.000
76.000	2066.000
77.000	2109.000
78.000	2071.000
79.000	2075.000
80.000	2100.000
81.000	2077.000
82.000	2071.000
83.000	2118.000
84.000	1999.000
85.000	1927.000
86.000	1977.000
87.000	1888.000
88.000	1851.000
89.000	1840.000
90.000	1913.000
91.000	1976.000
92.000	2140.000
93.000	2349.000
94.000	2711.000
95.000	2898.000
96.000	2984.000
97.000	2961.000
98.000	2602.000
99.000	2353.000
100.000	2194.000
101.000	2089.000
102.000	2102.000
103.000	2092.000
104.000	2301.000
105.000	2471.000
106.000	2745.000
107.000	2869.000
108.000	3034.000
109.000	2822.000
110.000	2872.000
111.000	2631.000
112.000	2429.000
113.000	2232.000
114.000	2010.000
115.000	1754.000
116.000	1749.000
117.000	1624.000
118.000	1697.000
119.000	1657.000
120.000	1651.000
121.000	1812.000
122.000	1846.000
123.000	2208.000
124.000	2512.000
125.000	2713.000
126.000	2904.000
127.000	3010.000
128.000	2807.000
129.000	2629.000
130.000	2324.000
131.000	2079.000
132.000	1874.000
133.000	1783.000
134.000	1679.000
135.000	1568.000
136.000	1517.000
137.000	1452.000
138.000	1392.000
139.000	1288.000
140.000	1253.000
141.000	1226.000
142.000	1207.000
143.000	1161.000
144.000	1233.000
145.000	1150.000
146.000	1206.000
147.000	1227.000
148.000	1209.000
149.000	1170.000
150.000	1221.000
151.000	1253.000
152.000	1217.000
153.000	1245.000
154.000	1221.000
155.000	1265.000
156.000	1288.000
157.000	1427.000
158.000	1752.000
159.000	2056.000
160.000	2663.000
161.000	3057.000
162.000	3547.000
163.000	3596.000
164.000	3426.000
165.000	2725.000
166.000	2244.000
167.000	1737.000
168.000	1448.000
169.000	1235.000
170.000	1160.000
171.000	1061.000
172.000	1174.000
173.000	1267.000
174.000	1389.000
175.000	1456.000
176.000	1671.000
177.000	2013.000
178.000	2460.000
179.000	3103.000
180.000	3827.000
181.000	4588.000
182.000	4601.000
183.000	4421.000
184.000	3737.000
185.000	3176.000
186.000	2422.000
187.000	1780.000
188.000	1427.000
189.000	1352.000
190.000	1326.000
191.000	1468.000
192.000	1658.000
193.000	2318.000
194.000	3567.000
195.000	5562.000
196.000	9952.000
197.000	17380.000
198.000	29096.000
199.000	45386.000
200.000	64655.000
201.000	84278.000
202.000	96093.000
203.000	98406.000
204.000	90249.000
205.000	72914.000
206.000	53122.000
207.000	35240.000
208.000	20898.000
209.000	11378.000
210.000	6243.000
211.000	3599.000
212.000	2666.000
213.000	2632.000
214.000	3451.000
215.000	4887.000
216.000	6981.000
217.000	9751.000
218.000	12715.000
219.000	14988.000
220.000	16479.000
221.000	16414.000
222.000	14648.000
223.000	11825.000
224.000	8641.000
225.000	5775.000
226.000	3928.000
227.000	2521.000
228.000	1669.000
229.000	1213.000
230.000	1044.000
231.000	917.000
232.000	932.000
233.000	813.000
234.000	931.000
235.000	950.000
236.000	995.000
237.000	1076.000
238.000	1286.000
239.000	1760.000
240.000	2566.000
241.000	4105.000
242.000	6515.000
243.000	9822.000
244.000	14176.000
245.000	18515.000
246.000	22565.000
247.000	24599.000
248.000	24391.000
249.000	22108.000
250.000	18478.000
251.000	14180.000
252.000	10604.000
253.000	8074.000
254.000	6096.000
255.000	4918.000
256.000	4441.000
257.000	3639.000
258.000	3196.000
259.000	2546.000
260.000	2173.000
261.000	1864.000
262.000	1773.000
263.000	1829.000
264.000	2257.000
265.000	2614.000
266.000	3360.000
267.000	3961.000
268.000	4825.000
269.000	5531.000
270.000	6161.000
271.000	6300.000
272.000	5940.000
273.000	5167.000
274.000	4327.000
275.000	3376.000
276.000	2637.000
277.000	2045.000
278.000	1754.000
279.000	1539.000
280.000	1529.000
281.000	1540.000
282.000	1453.000
283.000	1552.000
284.000	1675.000
285.000	1748.000
286.000	1767.000
287.000	1853.000
288.000	2001.000
289.000	2000.000
290.000	2141.000
291.000	2241.000
292.000	2294.000
293.000	2361.000
294.000	2436.000
295.000	2548.000
296.000	2574.000
297.000	2584.000
298.000	2565.000
299.000	2501.000
300.000	2349.000
301.000	2381.000
302.000	2156.000
303.000	2150.000
304.000	2038.000
305.000	1965.000
306.000	2047.000
307.000	1952.000
308.000	1962.000
309.000	2027.000
310.000	2007.000
311.000	2117.000
312.000	2199.000
313.000	2274.000
314.000	2598.000
315.000	3009.000
316.000	3784.000
317.000	5182.000
318.000	6737.000
319.000	9126.000
320.000	11427.000
321.000	13785.000
322.000	15708.000
323.000	16387.000
324.000	15849.000
325.000	14421.000
326.000	12294.000
327.000	9659.000
328.000	7703.000
329.000	5974.000
330.000	4974.000
331.000	4304.000
332.000	3829.000
333.000	3797.000
334.000	3904.000
335.000	4322.000
336.000	4698.000
337.000	5507.000
338.000	6821.000
339.000	9385.000
340.000	14627.000
341.000	24701.000
342.000	43805.000
343.000	76638.000
344.000	129598.000
345.000	208735.000
346.000	311654.000
347.000	435326.000
348.000	560476.000
349.000	668425.000
350.000	731888.000
351.000	741472.000
352.000	691091.000
353.000	594996.000
354.000	470949.000
355.000	345540.000
356.000	235672.000
357.000	148969.000
358.000	88520.000
359.000	49750.000
360.000	27740.000
361.000	15912.000
362.000	9878.000
363.000	7006.000
364.000	6159.000
365.000	5455.000
366.000	5397.000
367.000	5287.000
368.000	5475.000
369.000	5476.000
370.000	5811.000
371.000	5970.000
372.000	6313.000
373.000	6748.000
374.000	7529.000
375.000	8726.000
376.000	10142.000
377.000	13108.000
378.000	17652.000
379.000	24442.000
380.000	34847.000
381.000	49256.000
382.000	66465.000
383.000	87124.000
384.000	105842.000
385.000	120113.000
386.000	128340.000
387.000	127761.000
388.000	117806.000
389.000	101481.000
390.000	81654.000
391.000	61590.000
392.000	43766.000
393.000	29703.000
394.000	19558.000
395.000	13072.000
396.000	9099.000
397.000	6811.000
398.000	5776.000
399.000	5303.000
400.000	5118.000
401.000	4856.000
402.000	5043.000
403.000	5022.000
404.000	5063.000
405.000	5367.000
406.000	5526.000
407.000	5511.000
408.000	5552.000
409.000	5708.000
410.000	5730.000
411.000	5759.000
412.000	5835.000
413.000	5643.000
414.000	5607.000
415.000	5711.000
416.000	5721.000
417.000	5595.000
418.000	5894.000
419.000	5749.000
420.000	5925.000
421.000	5876.000
422.000	6048.000
423.000	6065.000
424.000	6171.000
425.000	6268.000
426.000	6293.000
427.000	6404.000
428.000	6625.000
429.000	6909.000
430.000	7135.000
431.000	7695.000
432.000	8177.000
433.000	9161.000
434.000	10859.000
435.000	12613.000
436.000	14793.000
437.000	17473.000
438.000	19439.000
439.000	21500.000
440.000	22250.000
441.000	22161.000
442.000	21324.000
443.000	19497.000
444.000	17234.000
445.000	15104.000
446.000	13279.000
447.000	11862.000
448.000	10680.000
449.000	9866.000
450.000	9897.000
451.000	9277.000
452.000	9509.000
453.000	9449.000
454.000	9683.000
455.000	10033.000
456.000	10165.000
457.000	10082.000
458.000	10529.000
459.000	10641.000
460.000	10949.000
461.000	11207.000
462.000	11126.000
463.000	11509.000
464.000	12115.000
465.000	13406.000
466.000	14971.000
467.000	17028.000
468.000	19889.000
469.000	22458.000
470.000	25010.000
471.000	27068.000
472.000	28354.000
473.000	28392.000
474.000	27518.000
475.000	25402.000
476.000	23080.000
477.000	20460.000
478.000	17996.000
479.000	16063.000
480.000	14707.000
481.000	13902.000
482.000	13572.000
483.000	13759.000
484.000	14116.000
485.000	14333.000
486.000	14625.000
487.000	14711.000
488.000	14822.000
489.000	14884.000
490.000	14708.000
491.000	14409.000
492.000	13984.000
493.000	14138.000
494.000	13607.000
495.000	13738.000
496.000	13472.000
497.000	13630.000
498.000	13827.000
499.000	14184.000
500.000	14456.000
501.000	14405.000
502.000	14760.000
503.000	15210.000
504.000	15456.000
505.000	15707.000
506.000	15740.000
507.000	15910.000
508.000	16225.000
509.000	16213.000
510.000	16397.000
511.000	16406.000
512.000	16585.000
513.000	16400.000
514.000	16668.000
515.000	17300.000
516.000	17278.000
517.000	17795.000
518.000	18514.000
519.000	18848.000
520.000	19543.000
521.000	20356.000
522.000	20979.000
523.000	20981.000
524.000	21393.000
525.000	21371.000
526.000	21222.000
527.000	21177.000
528.000	20718.000
529.000	20694.000
530.000	20341.000
531.000	19633.000
532.000	19396.000
533.000	19431.000
534.000	19533.000
535.000	19198.000
536.000	19397.000
537.000	19386.000
538.000	19529.000
539.000	19418.000
540.000	19661.000
541.000	19655.000
542.000	20125.000
543.000	20193.000
544.000	20164.000
545.000	20604.000
546.000	20721.000
547.000	21225.000
548.000	20596.000
549.000	20961.000
550.000	20988.000
551.000	20958.000
552.000	20940.000
553.000	21357.000
554.000	21369.000
555.000	21409.000
556.000	21624.000
557.000	21811.000
558.000	21865.000
559.000	22043.000
560.000	22508.000
561.000	22256.000
562.000	22635.000
563.000	22638.000
564.000	22937.000
565.000	23211.000
566.000	23277.000
567.000	23439.000
568.000	23834.000
569.000	23867.000
570.000	23921.000
571.000	24242.000
572.000	24587.000
573.000	25048.000
574.000	25526.000
575.000	25347.000
576.000	25728.000
577.000	25474.000
578.000	25768.000
579.000	26163.000
580.000	25885.000
581.000	26179.000
582.000	26309.000
583.000	26452.000
584.000	26144.000
585.000	26303.000
586.000	26251.000
587.000	26952.000
588.000	26725.000
589.000	26951.000
590.000	27104.000
591.000	27604.000
592.000	27747.000
593.000	28057.000
594.000	27976.000
595.000	28551.000
596.000	28393.000
597.000	28451.000
598.000	28849.000
599.000	29260.000
600.000	29205.000
601.000	29264.000
602.000	29281.000
603.000	29830.000
604.000	30115.000
605.000	30165.000
606.000	30410.000
607.000	31239.000
608.000	31119.000
609.000	31749.000
610.000	31772.000
611.000	32189.000
612.000	32516.000
613.000	32889.000
614.000	33390.000
615.000	32879.000
616.000	32976.000
617.000	32906.000
618.000	33343.000
619.000	33397.000
620.000	33230.000
621.000	32884.000
622.000	33364.000
623.000	33530.000
624.000	33757.000
625.000	33480.000
626.000	33762.000
627.000	33877.000
628.000	34072.000
629.000	34165.000
630.000	34241.000
631.000	34353.000
632.000	34592.000
633.000	34809.000
634.000	34776.000
635.000	35284.000
636.000	35741.000
637.000	35914.000
638.000	35975.000
639.000	36255.000
640.000	36695.000
641.000	37067.000
642.000	37677.000
643.000	38270.000
644.000	38843.000
645.000	39923.000
646.000	41030.000
647.000	41939.000
648.000	43262.000
649.000	44334.000
650.000	44800.000
651.000	45347.000
652.000	45376.000
653.000	44958.000
654.000	44274.000
655.000	43934.000
656.000	42965.000
657.000	41908.000
658.000	41217.000
659.000	40503.000
660.000	40422.000
661.000	40226.000
662.000	39902.000
663.000	40387.000
664.000	40082.000
665.000	39885.000
666.000	40347.000
667.000	40073.000
668.000	40317.000
669.000	41200.000
670.000	40966.000
671.000	40994.000
672.000	40923.000
673.000	41228.000
674.000	41267.000
675.000	41660.000
676.000	41923.000
677.000	42165.000
678.000	42667.000
679.000	42437.000
680.000	42808.000
681.000	42732.000
682.000	43212.000
683.000	43457.000
684.000	43681.000
685.000	44102.000
686.000	43955.000
687.000	44543.000
688.000	44404.000
689.000	44375.000
690.000	44847.000
691.000	44834.000
692.000	44958.000
693.000	45321.000
694.000	45404.000
695.000	45662.000
696.000	45677.000
697.000	46059.000
698.000	45662.000
699.000	46092.000
700.000	46157.000
701.000	46739.000
702.000	46551.000
703.000	46562.000
704.000	46668.000
705.000	47183.000
706.000	47390.000
707.000	47162.000
708.000	46820.000
709.000	47337.000
710.000	47018.000
711.000	47841.000
712.000	47227.000
713.000	47838.000
714.000	47919.000
715.000	48251.000
716.000	48433.000
717.000	48992.000
718.000	49008.000
719.000	49168.000
720.000	49352.000
721.000	50205.000
722.000	50295.000
723.000	50689.000
724.000	51013.000
725.000	51491.000
726.000	51871.000
727.000	52490.000
728.000	52712.000
729.000	52748.000
730.000	53035.000
731.000	53157.000
732.000	52487.000
733.000	52848.000
734.000	52853.000
735.000	52706.000
736.000	52972.000
737.000	52509.000
738.000	52157.000
739.000	52379.000
740.000	52526.000
741.000	52168.000
742.000	52453.000
743.000	52213.000
744.000	52380.000
745.000	52666.000
746.000	52936.000
747.000	52415.000
748.000	52940.000
749.000	52957.000
750.000	53212.000
751.000	53167.000
752.000	53607.000
753.000	53400.000
754.000	54119.000
755.000	54064.000
756.000	54824.000
757.000	54836.000
758.000	55962.000
759.000	57095.000
760.000	58953.000
761.000	61126.000
762.000	64935.000
763.000	70018.000
764.000	76647.000
765.000	85434.000
766.000	95547.000
767.000	106852.000
768.000	119371.000
769.000	131834.000
770.000	143091.000
771.000	152755.000
772.000	159700.000
773.000	161419.000
774.000	160287.000
775.000	155072.000
776.000	146434.000
777.000	135383.000
778.000	122236.000
779.000	109803.000
780.000	97279.000
781.000	87226.000
782.000	78490.000
783.000	70735.000
784.000	66041.000
785.000	61787.000
786.000	59795.000
787.000	58178.000
788.000	57158.000
789.000	57011.000
790.000	56148.000
791.000	56503.000
792.000	56344.000
793.000	56435.000
794.000	56549.000
795.000	56639.000
796.000	56367.000
797.000	56742.000
798.000	56601.000
799.000	57246.000
800.000	57151.000
801.000	57173.000
802.000	57453.000
803.000	57788.000
804.000	57647.000
805.000	57713.000
806.000	58672.000
807.000	58597.000
808.000	58403.000
809.000	59208.000
810.000	59421.000
811.000	59421.000
812.000	60361.000
813.000	61025.000
814.000	61257.000
815.000	61677.000
816.000	61638.000
817.000	61847.000
818.000	62279.000
819.000	62134.000
820.000	61951.000
821.000	61293.000
822.000	61360.000
823.000	61528.000
824.000	61321.000
825.000	60695.000
826.000	60770.000
827.000	61325.000
828.000	61138.000
829.000	61107.000
830.000	61292.000
831.000	61131.000
832.000	61255.000
833.000	61731.000
834.000	61630.000
835.000	61863.000
836.000	62695.000
837.000	62239.000
838.000	62955.000
839.000	63183.000
840.000	63343.000
841.000	63819.000
842.000	63932.000
843.000	64459.000
844.000	64888.000
845.000	65159.000
846.000	65573.000
847.000	66213.000
848.000	66740.000
849.000	67668.000
850.000	68221.000
851.000	69453.000
852.000	70701.000
853.000	72168.000
854.000	73770.000
855.000	76384.000
856.000	78348.000
857.000	81720.000
858.000	84548.000
859.000	87657.000
860.000	91061.000
861.000	94272.000
862.000	96829.000
863.000	99405.000
864.000	101335.000
865.000	102662.000
866.000	102609.000
867.000	102713.000
868.000	102142.000
869.000	100206.000
870.000	99562.000
871.000	98850.000
872.000	98895.000
873.000	99636.000
874.000	100497.000
875.000	103119.000
876.000	105269.000
877.000	108849.000
878.000	112161.000
879.000	117266.000
880.000	122183.000
881.000	128712.000
882.000	135439.000
883.000	142379.000
884.000	150104.000
885.000	158663.000
886.000	167608.000
887.000	177318.000
888.000	186578.000
889.000	196979.000
890.000	207105.000
891.000	217526.000
892.000	229033.000
893.000	238861.000
894.000	246402.000
895.000	255287.000
896.000	261212.000
897.000	267391.000
898.000	273059.000
899.000	275730.000
900.000	277550.000
901.000	278122.000
902.000	278029.000
903.000	275203.000
904.000	270112.000
905.000	264837.000
906.000	258467.000
907.000	250926.000
908.000	243015.000
909.000	232939.000
910.000	224168.000
911.000	214606.000
912.000	204691.000
913.000	194440.000
914.000	184150.000
915.000	174364.000
916.000	164147.000
917.000	155159.000
918.000	146880.000
919.000	137840.000
920.000	130384.000
921.000	124055.000
922.000	117830.000
923.000	111073.000
924.000	105908.000
925.000	101348.000
926.000	96881.000
927.000	92832.000
928.000	89635.000
929.000	85902.000
930.000	82838.000
931.000	80273.000
932.000	78218.000
933.000	76068.000
934.000	74903.000
935.000	73777.000
936.000	73106.000
937.000	73602.000
938.000	74533.000
939.000	76010.000
940.000	78831.000
941.000	83090.000
942.000	88876.000
943.000	96150.000
944.000	104929.000
945.000	115544.000
946.000	126654.000
947.000	139547.000
948.000	151846.000
949.000	164413.000
950.000	175870.000
951.000	184772.000
952.000	190923.000
953.000	194041.000
954.000	193192.000
955.000	188922.000
956.000	180674.000
957.000	170862.000
958.000	157000.000
959.000	142631.000
960.000	127942.000
961.000	114378.000
962.000	101008.000
963.000	90335.000
964.000	81130.000
965.000	72969.000
966.000	68472.000
967.000	63645.000
968.000	61165.000
969.000	59235.000
970.000	57976.000
971.000	57146.000
972.000	56646.000
973.000	56274.000
974.000	56332.000
975.000	56918.000
976.000	56477.000
977.000	56640.000
978.000	57233.000
979.000	58180.000
980.000	58704.000
981.000	58911.000
982.000	59763.000
983.000	60971.000
984.000	61942.000
985.000	62734.000
986.000	63589.000
987.000	64916.000
988.000	66068.000
989.000	67762.000
990.000	69260.000
991.000	70842.000
992.000	72167.000
993.000	73908.000
994.000	75065.000
995.000	76681.000
996.000	77609.000
997.000	79718.000
998.000	80508.000
999.000	81353.000
1000.000	83127.000
1001.000	83717.000
1002.000	84438.000
1003.000	84554.000
1004.000	84649.000
1005.000	85126.000
1006.000	84292.000
1007.000	84048.000
1008.000	83662.000
1009.000	82048.000
1010.000	81049.000
1011.000	80561.000
1012.000	78762.000
1013.000	77394.000
1014.000	75538.000
1015.000	74129.000
1016.000	71262.000
1017.000	69474.000
1018.000	67517.000
1019.000	65255.000
1020.000	63133.000
1021.000	61263.000
1022.000	58878.000
1023.000	57660.000
1024.000	55303.000
