depth	min	max	median	mean
0	-56.88	-56.31	-56.6	-56.6
1	35.95	49.57	42.62	42.7
2	128.52	155.8	141.87	142
3	221.11	262.05	241.11	241.29
4	313.66	368.26	340.32	340.59
5	406.21	474.45	439.56	439.89
6	482.85	551.23	512.19	513.28
7	548.1	659	583.5	586.68
8	609.97	771.05	654.93	660.07
9	666.66	881.58	726.34	733.47
10	722.01	993.76	798.01	806.87
11	889.28	1099.48	961.01	966.09
12	1026.07	1216.4	1130.11	1125.32
13	1138.46	1394.55	1295.84	1284.55
14	1251.42	1595.34	1457.72	1443.78
15	1354.94	1797.31	1621.17	1603.01
16	1465.35	1862.39	1702.95	1689.71
17	1536.28	1957.98	1785.55	1776.41
18	1587.24	2075.95	1871.7	1863.12
19	1623.7	2211.11	1961.05	1949.82
20	1655.37	2359.41	2050.66	2036.52
21	1705.48	2379	2094.56	2078.84
22	1738.91	2401.4	2140.86	2121.16
23	1765.35	2437.23	2182.88	2163.48
24	1797.58	2490.12	2226.12	2205.79
25	1827.15	2560.47	2265.97	2248.11
26	1859.26	2575.71	2299	2277.99
27	1893.27	2594.4	2331.98	2307.86
28	1919.3	2616.45	2362.53	2337.73
29	1944.5	2649.39	2392.36	2367.61
30	1968.91	2687.68	2423.27	2397.48
31	2019.34	2698.82	2456.08	2427.53
32	2072.81	2711.53	2488.57	2457.58
33	2103.41	2726.36	2521.29	2487.63
34	2135.14	2749.51	2556.25	2517.68
35	2161.55	2779.55	2589.7	2547.73
36	2216.73	2785.99	2621.4	2577.13
37	2253.31	2794.92	2654.11	2606.53
38	2289.07	2803.83	2685.34	2635.93
39	2318.68	2819.92	2716	2665.33
40	2341.45	2842.33	2748.58	2694.72
41	2359.56	2848.65	2761.17	2709.06
42	2376.8	2857.52	2773	2723.4
43	2393.59	2868.99	2785.69	2737.74
44	2407.33	2882.67	2796.33	2752.08
45	2420.85	2903.4	2806.36	2766.42
46	2437.57	2911.25	2816.11	2777.61
47	2455.81	2920.5	2826.06	2788.79
48	2467.87	2930.26	2836.24	2799.98
49	2483	2942.75	2845.7	2811.16
50	2492.59	2956.95	2854.48	2822.35
51	2502.24	2963.3	2861.7	2829.82
52	2511.17	2972.63	2868.64	2837.3
53	2523.74	2983.07	2874.55	2844.78
54	2533.36	2994.02	2880.48	2852.25
55	2541.48	3007.2	2886.75	2859.73
56	2549.59	3013.6	2893.55	2867.05
57	2560.54	3022.26	2900.15	2874.36
58	2570.68	3030.7	2906.34	2881.68
59	2581.61	3041.49	2912.54	2889
60	2589.59	3052.85	2918.54	2896.32
61	2599.89	3060.28	2925.36	2903.54
62	2610.21	3069.17	2932.64	2910.76
63	2619.41	3076.86	2939.2	2917.98
64	2625.94	3086.83	2945.2	2925.2
65	2635.03	3097.59	2951.47	2932.42
66	2646.27	3103.48	2958.63	2939.85
67	2659.16	3108.85	2965.55	2947.28
68	2670.57	3117.26	2972.24	2954.71
69	2679.61	3125.61	2978.46	2962.13
70	2691.18	3137.68	2985.42	2969.56
71	2702.15	3143.74	2992.73	2977.34
72	2714.62	3151.84	3000.28	2985.11
73	2725.46	3161.4	3007.22	2992.88
74	2735.99	3171.8	3013.73	3000.66
75	2746.12	3182.52	3020.35	3008.43
76	2757.83	3191.84	3029.11	3017.09
77	2772.23	3200.11	3036.59	3025.75
78	2782.46	3209.81	3044.75	3034.41
79	2791.67	3221.91	3053.2	3043.07
80	2802.55	3233.32	3060.67	3051.73
81	2816.54	3242.56	3069.67	3060.63
82	2826.96	3250.92	3077.91	3069.54
83	2837.37	3260.07	3086.24	3078.44
84	2842.93	3270.13	3094.54	3087.34
85	2853.23	3282.57	3102.36	3096.24
86	2865.04	3291.32	3110.95	3104.78
87	2876.43	3298.73	3119.28	3113.31
88	2883.78	3307.78	3128.05	3121.85
89	2892.34	3318.11	3136.63	3130.39
90	2901	3331.4	3144.77	3138.92
91	2914.08	3338.91	3153.04	3147.58
92	2927.9	3346.89	3161.19	3156.24
93	2939.63	3356.42	3168.59	3164.9
94	2950.97	3366.64	3175.67	3173.56
95	2959.94	3378.21	3184	3182.22
96	2972.83	3384.28	3192.63	3190.95
97	2985.09	3392.83	3201.49	3199.67
98	2995.54	3400.98	3210	3208.4
99	3007.04	3409.36	3219.32	3217.12
100	3017.27	3422.59	3227.92	3225.85
101	3029.8	3426.85	3235.36	3234.36
102	3042.07	3434.14	3243.53	3242.86
103	3052.13	3439.09	3251.88	3251.37
104	3061.2	3448.7	3260.82	3259.87
105	3068.68	3457.95	3268.4	3268.38
106	3085.2	3466.67	3276.65	3276.88
107	3096.9	3474.86	3285.31	3285.38
108	3103.78	3481.63	3293.78	3293.88
109	3113.49	3490.21	3302.18	3302.38
110	3120.5	3500.08	3310.21	3310.88
111	3133.78	3506.22	3318.81	3319.67
112	3146.71	3513.27	3327.9	3328.47
113	3156.93	3521.28	3336.69	3337.26
114	3163.62	3530.26	3345.11	3346.05
115	3171.89	3539.58	3353.4	3354.84
116	3188.03	3547.74	3361.99	3363.66
117	3200.33	3556.86	3370.85	3372.48
118	3212.59	3563.1	3378.77	3381.3
119	3224.3	3574.54	3387.88	3390.12
120	3234.34	3582.76	3396.61	3398.94
121	3248.91	3590.27	3406.72	3410.08
122	3261.64	3598.16	3418.51	3421.22
123	3275.94	3606.5	3428.84	3432.37
124	3286.24	3620.93	3440.25	3443.51
125	3293.51	3633.26	3451.68	3454.65
126	3307.62	3640.9	3462.07	3465.5
127	3320.32	3654.8	3472.22	3476.35
128	3328.94	3667.83	3483.04	3487.19
129	3337.19	3680.61	3493.46	3498.04
130	3345.54	3700.02	3504.03	3508.89
131	3357.75	3709.27	3515.36	3519.93
132	3369.35	3718.45	3526.74	3530.98
133	3378.03	3728.74	3537.49	3542.02
134	3386.5	3740.35	3549.27	3553.07
135	3394.47	3756.01	3559.93	3564.12
136	3408.6	3762.35	3570.3	3575.07
137	3420.08	3772.93	3582.04	3586.02
138	3429.24	3780.44	3592.5	3596.98
139	3437.48	3791.45	3603.36	3607.93
140	3442.96	3805.48	3615.05	3618.89
141	3459.87	3815.54	3625.89	3629.82
142	3471.56	3824.57	3637.12	3640.74
143	3482.99	3838.18	3647.9	3651.67
144	3494.68	3854.01	3658.51	3662.6
145	3502.69	3872.63	3668.83	3673.53
146	3515.82	3886.66	3681.27	3686.06
147	3525.68	3902.39	3693.16	3698.59
148	3535.36	3916.77	3706.02	3711.11
149	3544.9	3936.26	3717.9	3723.64
150	3551.28	3956.41	3729.2	3736.17
151	3563.3	3967.19	3742.32	3749.04
152	3575.56	3979.27	3754.62	3761.9
153	3585.3	3992.36	3767.46	3774.77
154	3594.53	4010.26	3779.77	3787.63
155	3602.11	4033.01	3792.36	3800.5
156	3617.14	4047.65	3806.78	3815.1
157	3631.18	4060.34	3820.96	3829.7
158	3641.76	4075.51	3835.69	3844.31
159	3651.78	4095.58	3851.26	3858.91
160	3661.15	4119.98	3867.3	3873.51
161	3682.37	4135.32	3887.02	3893.08
162	3699.18	4153.33	3907.89	3912.66
163	3710.09	4175.38	3927.23	3932.23
164	3719.48	4197.33	3947.16	3951.8
165	3731.81	4231.86	3965.54	3971.38
166	3753.47	4242.82	3984.39	3990.36
167	3774.31	4255.29	4005.95	4009.34
168	3785.88	4273.75	4025.92	4028.32
169	3797.2	4294.77	4047.09	4047.3
170	3808.17	4322.21	4065.87	4066.28
171	3829.1	4332.5	4086.38	4085.79
172	3848.77	4344.12	4106.7	4105.3
173	3866.42	4358.06	4127.17	4124.82
174	3877.07	4375.32	4149.07	4144.33
175	3889.36	4399.69	4169.69	4163.84
176	3916.9	4408.05	4190.22	4183.17
177	3938.6	4420.32	4209.9	4202.5
178	3959.92	4432.49	4230.88	4221.83
179	3972.91	4446.38	4253.84	4241.16
180	3983.99	4471.81	4273.32	4260.5
181	4010.62	4480.5	4293.45	4278.87
182	4031.08	4489.43	4317.26	4297.25
183	4055.1	4502.65	4339.84	4315.63
184	4073.51	4517.41	4364.72	4334.01
185	4087.81	4536.16	4385.35	4352.38
186	4104.73	4544.64	4403.57	4364.8
187	4117.48	4553.07	4419.75	4377.23
188	4129.43	4565.3	4430.62	4389.65
189	4142.85	4580.9	4438.6	4402.07
190	4155.36	4598.01	4446.98	4414.49
191	4166.34	4607.9	4455.59	4424.36
192	4175.99	4619.47	4462.57	4434.23
193	4188.66	4631.03	4470.21	4444.1
194	4197.32	4644.08	4478.84	4453.98
195	4206.39	4661.2	4486.47	4463.85
196	4218.67	4670.11	4495.9	4473.9
197	4229.55	4680.46	4504.04	4483.96
198	4239.65	4691.93	4512.59	4494.02
199	4249.17	4702.67	4521.29	4504.07
200	4257.52	4716.95	4529.61	4514.13
201	4272.97	4723.89	4539.5	4524.26
202	4286.16	4731.44	4548.78	4534.38
203	4299.28	4740.07	4557.53	4544.51
204	4307.91	4751.42	4567.22	4554.64
205	4314.83	4763.34	4576.72	4564.77
206	4330.77	4772.57	4586.24	4574.76
207	4344.1	4780.77	4595.8	4584.75
208	4356.4	4791.89	4605.11	4594.75
209	4369.54	4804.53	4614.77	4604.74
210	4379.17	4819.08	4624.13	4614.73
211	4391.06	4826.29	4633.03	4624.64
212	4401.31	4835.65	4642.81	4634.54
213	4410.83	4844.57	4652.82	4644.44
214	4419.89	4853.88	4663.04	4654.35
215	4427.79	4866.36	4671.57	4664.25
216	4444.87	4872.1	4681.21	4674.6
217	4460.27	4881.24	4691.96	4684.95
218	4471.94	4890.89	4702.38	4695.3
219	4484.25	4903.09	4711.61	4705.65
220	4492.25	4915.42	4721.87	4716
221	4507.28	4921.22	4731.32	4725.94
222	4522	4929.37	4741.43	4735.89
223	4536.27	4938.31	4751.28	4745.84
224	4548.4	4948.19	4760.14	4755.79
225	4557.8	4957.42	4770.66	4765.73
226	4573.3	4963.77	4780.6	4775.64
227	4588.77	4971.49	4790.13	4785.54
228	4597.28	4980.02	4800.43	4795.44
229	4606.56	4988.07	4810.19	4805.34
230	4613.47	5001.05	4820.03	4815.24
231	4631.7	5006.61	4829.06	4825.53
232	4643.53	5013.84	4839.05	4835.81
233	4653.99	5023.45	4848.85	4846.09
234	4666.04	5033.12	4859	4856.38
235	4676.49	5043.56	4869.2	4866.66
236	4693.06	5050.85	4878.76	4876.58
237	4709.02	5057.49	4888.71	4886.5
238	4720.91	5067.27	4898.56	4896.43
239	4731.47	5075.34	4907.87	4906.35
240	4740.07	5086.53	4916.94	4916.27
241	4760.87	5096	4926.38	4926.48
242	4779.24	5102.08	4935.84	4936.69
243	4791.98	5111.53	4945.33	4946.89
244	4803.27	5124.42	4955.25	4957.1
245	4811.94	5132.94	4965.32	4967.31
246	4833.24	5142.66	4974.01	4977.21
247	4848.43	5150.86	4982.21	4987.1
248	4859.71	5159.14	4991.54	4997
249	4870.6	5167.9	5000.61	5006.89
250	4879.82	5181.53	5010.92	5016.79
251	4891.76	5188.32	5018.17	5025.27
252	4901.38	5196.48	5026.71	5033.76
253	4912.37	5206.43	5035.23	5042.25
254	4919.46	5216.75	5043.75	5050.73
255	4925.74	5229.01	5052.51	5059.22
256	4934.07	5235.93	5060.22	5066.99
257	4942.19	5243.57	5068.16	5074.76
258	4947.95	5254.21	5075.98	5082.53
259	4954.82	5266.39	5083.88	5090.3
260	4961.36	5275.51	5091.48	5098.07
261	4970.37	5284.4	5099.45	5105.89
262	4980.34	5294.48	5107.56	5113.71
263	4988.58	5304.22	5115.58	5121.53
264	4995.61	5315.42	5123.7	5129.35
265	5001.41	5326.88	5132.07	5137.17
266	5012.87	5335.57	5139.28	5144.76
267	5021.17	5341.31	5146.51	5152.36
268	5030.89	5346.68	5154.29	5159.95
269	5036.94	5355.49	5161.9	5167.55
270	5043.08	5366.25	5170.17	5175.14
271	5052.76	5371.96	5177.11	5182.91
272	5061.15	5378.55	5184.53	5190.67
273	5069.52	5387.78	5192.22	5198.44
274	5075.37	5398.65	5200.01	5206.2
275	5081.95	5409.94	5207.63	5213.97
276	5095.59	5415.5	5214.98	5221.78
277	5106.55	5420.32	5222.38	5229.59
278	5112.68	5425.78	5230.11	5237.4
279	5118.33	5433.65	5237.46	5245.2
280	5126.29	5441.67	5245.98	5253.01
281	5136.09	5452.83	5258.51	5264.64
282	5147.41	5467.54	5270.19	5276.27
283	5156.78	5480.9	5280.76	5287.89
284	5167.48	5495.52	5290.76	5299.52
285	5175.15	5514.73	5300.52	5311.15
286	5186.7	5527.85	5313.74	5323.94
287	5197.59	5544.94	5326.77	5336.73
288	5205.71	5561.59	5340.49	5349.52
289	5212.92	5580.86	5353.02	5362.31
290	5219.07	5603.58	5364.15	5375.11
291	5240.84	5626.96	5386.99	5397.5
292	5256.46	5660.69	5409.66	5419.89
293	5266.68	5700.93	5430.26	5442.28
294	5276.88	5745.78	5450.24	5464.67
295	5285.16	5790.05	5467.83	5487.07
296	5305.58	5815.9	5490.73	5509.82
297	5319.64	5848.99	5514.52	5532.58
298	5335.78	5885.63	5536.98	5555.34
299	5345.72	5932.1	5558.12	5578.1
300	5356.08	5982.89	5579.07	5600.85
301	5379.17	6005.16	5602.41	5623.64
302	5396.6	6030.32	5623.35	5646.42
303	5412.9	6064.22	5647.15	5669.2
304	5425.48	6101.09	5669.58	5691.99
305	5436.16	6146.02	5689.7	5714.77
306	5470.91	6178.36	5719.76	5745.56
307	5496.05	6221.48	5753.53	5776.35
308	5517.08	6258.99	5785.97	5807.14
309	5530.97	6310.78	5816.67	5837.92
310	5545.86	6370.64	5844.13	5868.71
311	5602.36	6435.61	5912.55	5935.1
312	5638.25	6506.47	5982.06	6001.48
313	5664.03	6589.09	6048.01	6067.87
314	5686.44	6702.46	6111.36	6134.25
315	5707.58	6846.15	6171.18	6200.64
316	5769.36	6890.42	6239.8	6266.6
317	5814.78	6951.29	6310.14	6332.57
318	5850.5	7024.99	6384.19	6398.54
319	5882.84	7107.03	6452.08	6464.5
320	5907.55	7243.78	6513.92	6530.47
321	5995.76	7280.9	6586.8	6600.57
322	6060.37	7322.75	6664	6670.68
323	6113.17	7388.36	6739.98	6740.78
324	6147.44	7464.89	6813.04	6810.88
325	6184.03	7560.03	6876.9	6880.98
326	6269.56	7598.94	6940.05	6943.96
327	6332.66	7634.42	7008.02	7006.94
328	6378.1	7687.08	7077.18	7069.91
329	6426.07	7761.41	7139.16	7132.89
330	6465.12	7863.11	7205.87	7195.87
331	6562.6	7894.99	7269.82	7259.41
332	6651.59	7927.92	7336.37	7322.95
333	6711.96	7961.18	7404.51	7386.49
334	6763.6	8012.44	7478.55	7450.03
335	6798.77	8071.58	7544.77	7513.57
336	6907.74	8096.64	7610.14	7581.33
337	7004.94	8118.94	7680.63	7649.09
338	7085.74	8146.79	7755.71	7716.86
339	7145.96	8190.19	7831.06	7784.62
340	7198.52	8252.82	7899.54	7852.38
341	7377.92	8266.69	7953.66	7919.55
342	7555.06	8283.97	8009.54	7986.71
343	7705.98	8302.38	8068.69	8053.88
344	7819.81	8327.55	8134.12	8121.05
345	7899.48	8378.71	8200.43	8188.22
346	8035.37	8394.26	8248.59	8244.03
347	8125.75	8424.04	8310.21	8299.84
348	8177.14	8529.04	8363.85	8355.65
349	8205.27	8679.43	8403.94	8411.46
350	8221.38	8840.05	8443.01	8467.27
351	8260.69	8901.84	8497.85	8518.29
352	8285.91	8987.16	8546.92	8569.3
353	8300.79	9075.6	8594.2	8620.32
354	8317.3	9193.37	8638.85	8671.34
355	8328.16	9321.93	8683.77	8722.36
356	8368.25	9380.17	8734.46	8771.64
357	8397.49	9454.19	8783.81	8820.92
358	8416.6	9539.47	8828.98	8870.21
359	8435.93	9620.18	8875.66	8919.49
360	8453.55	9741.22	8915.73	8968.77
