C:\Data\BAS_sjro\ARD1B     8/20/2008  re-evaluated data																																											
peakarea																																											
filename	position (mm)	sample surface	validity	E-gain	E-offset	F-slope	F-offset	kcps	MSE	Al	Si	P	S	Cl	Ar	K	Ca	Ti	V	Cr	Mn	Fe	Co	Ni	Cu	Zn	Ga	As	Se	Br	Rb	Sr	Zr	Cs	Ba	Ta	W	Ir	Pt	Pb	D1	inc	coh
C:\Data\BAS_sjro\ARD1B\XRF data\L000000.spe	0.04	8	1	0.018321	-0.005868	0.009528	0.091842	11524	1.15	6	17	0	22	0	56	87	1966	794	36	0	295	24761	219	0	203	227	26	0	16	175	59	2218	558	0	0	0	18	15	44	50	29	13592	4527
C:\Data\BAS_sjro\ARD1B\XRF data\L000001.spe	2.04	7.73	1	0.018321	-0.005868	0.00953	0.091842	9541	1.15	0	13	9	19	9	73	23	824	274	8	5	79	9843	64	0	109	150	0	0	30	160	0	2058	799	0	28	21	26	21	33	63	9	14986	4804
C:\Data\BAS_sjro\ARD1B\XRF data\L000002.spe	4.04	7.76	1	0.018321	-0.005842	0.009532	0.091842	9216	1.12	5	27	9	18	0	47	41	726	296	0	0	124	9008	53	0	78	134	12	117	5	74	0	2227	819	0	0	0	51	27	48	0	9	14618	4864
C:\Data\BAS_sjro\ARD1B\XRF data\L000003.spe	6.04	7.75	0	0.018321	-0.005823	0.009532	0.091842	6677	1.08	8	6	22	24	9	85	12	225	66	19	6	34	3226	45	0	26	49	0	0	0	82	22	1893	591	10	7	11	22	30	45	14	0	11486	4003
C:\Data\BAS_sjro\ARD1B\XRF data\L000004.spe	8.04	7.67	1	0.018321	-0.005823	0.009532	0.091842	11774	1.15	0	30	6	19	0	47	86	1577	659	27	13	268	20035	162	0	122	163	100	32	121	137	82	2440	761	0	0	0	40	0	39	56	12	15445	5074
C:\Data\BAS_sjro\ARD1B\XRF data\L000005.spe	10.04	7.64	1	0.018321	-0.005844	0.009532	0.091827	11151	1.06	12	17	5	15	0	40	87	1564	642	0	8	218	18927	128	7	97	192	6	64	69	95	50	2470	697	0	0	4	26	14	36	0	24	14692	5121
C:\Data\BAS_sjro\ARD1B\XRF data\L000006.spe	12.04	7.69	1	0.018321	-0.005844	0.009533	0.091836	12294	1.31	0	29	0	11	0	50	99	2088	897	49	0	299	25952	169	14	141	237	0	13	15	155	0	2580	659	0	0	0	53	44	71	13	145	14462	5138
C:\Data\BAS_sjro\ARD1B\XRF data\L000007.spe	14.04	7.78	1	0.018322	-0.005844	0.009534	0.091836	11193	1.1	0	21	16	15	8	67	72	1448	647	31	5	231	18216	171	0	132	191	31	65	11	204	44	2522	889	0	10	0	45	0	46	42	51	14697	5297
C:\Data\BAS_sjro\ARD1B\XRF data\L000008.spe	16.04	7.83	0	0.018322	-0.005825	0.009534	0.091836	8326	1.12	0	0	6	23	0	93	16	126	71	6	5	27	2857	40	0	42	94	0	82	0	89	0	2156	772	10	0	0	27	25	54	0	47	14922	5078
C:\Data\BAS_sjro\ARD1B\XRF data\L000009.spe	18.04	7.86	0	0.018321	-0.005825	0.009533	0.091836	6696	1.11	4	0	6	14	0	96	7	13	0	0	0	0	174	17	0	0	39	0	34	15	24	0	1756	675	0	5	0	13	26	40	0	0	13170	4267
C:\Data\BAS_sjro\ARD1B\XRF data\L000010.spe	20.04	7.86	0	0.018321	-0.005825	0.009534	0.091836	6460	1.09	0	0	5	0	0	57	8	47	28	0	0	13	1319	8	0	43	55	0	0	14	77	57	1587	531	0	0	0	31	40	38	43	38	12046	4006
C:\Data\BAS_sjro\ARD1B\XRF data\L000011.spe	22.04	7.86	0	0.018321	-0.005825	0.009535	0.091836	7281	1.04	9	15	0	0	6	78	19	200	91	0	0	38	3003	39	0	31	73	49	69	102	118	0	1971	574	7	8	11	0	0	0	0	0	13264	4156
C:\Data\BAS_sjro\ARD1B\XRF data\L000012.spe	24.04	7.86	1	0.018321	-0.005847	0.009535	0.091826	9540	1.01	0	8	18	17	7	38	13	730	269	0	0	121	9097	67	0	133	118	0	107	0	166	44	2398	684	0	0	6	16	19	9	0	101	15463	4874
C:\Data\BAS_sjro\ARD1B\XRF data\L000013.spe	26.04	7.86	1	0.018321	-0.005847	0.009537	0.091826	10865	1.15	0	27	27	28	7	73	81	1266	414	32	0	225	14810	135	0	247	227	64	23	0	141	0	2537	786	6	0	0	37	0	77	67	76	15632	4906
C:\Data\BAS_sjro\ARD1B\XRF data\L000014.spe	28.04	7.89	1	0.018322	-0.005847	0.009538	0.091826	10799	1.06	0	25	14	14	6	76	62	1162	462	21	4	219	13875	153	0	191	191	22	0	36	104	62	2713	774	0	0	0	44	39	68	67	22	15577	5289
C:\Data\BAS_sjro\ARD1B\XRF data\L000015.spe	30.04	7.89	1	0.018321	-0.005818	0.009539	0.091835	9626	1.21	6	0	0	0	0	66	23	495	191	13	0	90	7449	53	0	136	130	21	31	57	138	68	2689	713	0	7	8	33	0	28	38	9	15857	5304
C:\Data\BAS_sjro\ARD1B\XRF data\L000016.spe	32.04	7.89	1	0.018321	-0.005818	0.009541	0.091835	9798	1.13	0	0	0	0	7	81	23	582	260	0	0	114	9170	92	0	82	107	60	76	10	79	0	2537	647	0	4	0	9	0	35	0	0	15685	5197
C:\Data\BAS_sjro\ARD1B\XRF data\L000017.spe	34.04	7.88	1	0.018321	-0.005818	0.009539	0.091835	8994	1.13	4	0	0	10	0	95	18	410	168	0	17	86	6434	62	0	81	96	21	18	20	108	6	2635	713	0	16	0	9	24	52	71	40	15185	4775
C:\Data\BAS_sjro\ARD1B\XRF data\L000018.spe	36.04	7.87	0	0.018321	-0.005848	0.009541	0.091835	7271	1.09	0	0	0	19	0	84	4	197	78	0	10	36	2928	41	0	40	76	65	68	11	31	18	2221	641	0	0	0	23	5	32	0	0	12810	4098
C:\Data\BAS_sjro\ARD1B\XRF data\L000019.spe	38.04	7.87	1	0.018321	-0.005848	0.009542	0.091835	10741	1.15	0	16	0	17	5	52	50	1193	379	39	13	212	12148	129	0	175	182	0	48	81	194	48	2952	651	0	0	0	51	25	55	30	70	16058	5191
C:\Data\BAS_sjro\ARD1B\XRF data\L000020.spe	40.04	7.88	1	0.018321	-0.005848	0.00954	0.091836	13442	1.15	0	44	23	19	0	54	94	1909	627	8	9	275	18519	102	0	239	352	17	0	109	266	28	3859	847	6	7	0	36	25	18	60	26	18898	5623
C:\Data\BAS_sjro\ARD1B\XRF data\L000021.spe	42.04	7.92	1	0.018321	-0.005848	0.009539	0.091836	11224	1.19	0	0	0	31	6	85	38	828	230	12	10	127	8342	32	0	189	263	9	74	93	210	0	3775	794	15	20	4	17	0	34	0	25	18553	5735
C:\Data\BAS_sjro\ARD1B\XRF data\L000022.spe	44.04	7.93	1	0.018321	-0.005881	0.00954	0.091836	9424	1.12	0	0	0	26	6	60	0	84	19	9	6	26	1515	35	15	99	227	52	87	72	248	0	3650	921	0	0	0	0	0	25	0	56	18123	5197
C:\Data\BAS_sjro\ARD1B\XRF data\L000023.spe	46.04	7.93	1	0.018321	-0.005881	0.009539	0.091828	10573	1.13	0	0	15	22	0	65	45	741	224	12	19	119	7224	48	9	253	376	8	200	74	229	0	3738	738	0	0	30	32	37	42	0	0	18010	4969
C:\Data\BAS_sjro\ARD1B\XRF data\L000024.spe	48.04	7.93	1	0.018321	-0.005881	0.00954	0.091828	12676	1.11	6	36	12	28	0	44	64	1447	311	7	0	226	10507	95	0	435	525	7	0	26	397	52	4800	803	0	0	10	16	0	31	0	0	19700	5531
C:\Data\BAS_sjro\ARD1B\XRF data\L000025.spe	50.04	7.93	1	0.018322	-0.005858	0.009538	0.091819	13365	1.24	7	7	25	39	10	44	42	1798	259	25	8	284	10544	107	0	490	708	0	0	71	455	0	5255	729	0	9	20	31	61	81	11	19	21455	5757
C:\Data\BAS_sjro\ARD1B\XRF data\L000026.spe	52.04	7.95	1	0.018322	-0.005858	0.009536	0.091809	13734	1.17	5	6	22	54	6	67	57	1490	217	6	12	242	13154	120	0	492	572	27	60	192	462	0	5382	907	0	0	0	0	21	0	0	26	22021	5920
C:\Data\BAS_sjro\ARD1B\XRF data\L000027.spe	54.04	7.95	1	0.018322	-0.005858	0.009535	0.091818	13572	1.23	0	14	0	47	0	56	57	1690	243	13	26	291	10703	70	0	552	659	0	0	56	495	7	5520	895	12	0	11	35	50	41	77	0	21741	5850
C:\Data\BAS_sjro\ARD1B\XRF data\L000028.spe	56.04	7.84	1	0.018321	-0.005858	0.009534	0.091818	11828	1.07	14	19	0	29	15	60	44	1274	148	0	26	195	5660	49	4	424	700	0	0	120	448	57	5238	682	8	7	0	59	51	56	109	0	20117	5497
C:\Data\BAS_sjro\ARD1B\XRF data\L000029.spe	58.04	7.88	1	0.018321	-0.005879	0.009534	0.091818	12121	1.17	0	20	11	41	7	63	41	1553	185	19	0	233	8763	102	0	467	721	17	0	126	284	21	4978	795	10	0	9	0	0	45	71	0	19824	5328
C:\Data\BAS_sjro\ARD1B\XRF data\L000030.spe	60.04	7.9	1	0.018321	-0.005855	0.009534	0.091818	10117	1.12	8	0	21	30	0	75	25	854	110	0	0	137	5222	72	0	322	414	0	90	28	305	16	4126	647	7	8	30	17	52	46	8	0	17407	4814
C:\Data\BAS_sjro\ARD1B\XRF data\L000031.spe	62.04	7.9	1	0.018321	-0.005855	0.009536	0.091818	10672	1.21	0	0	0	18	0	65	42	1206	119	25	0	145	7418	64	0	325	458	0	109	101	292	0	4348	612	0	0	11	33	19	20	0	0	17794	5097
C:\Data\BAS_sjro\ARD1B\XRF data\L000032.spe	64.04	7.9	1	0.018321	-0.005855	0.009537	0.091818	12437	1.2	0	0	0	29	0	64	51	1691	182	14	8	325	10247	45	0	500	544	0	49	85	432	12	4905	615	4	0	35	67	4	8	0	6	20154	5397
C:\Data\BAS_sjro\ARD1B\XRF data\L000033.spe	66.04	7.9	1	0.018321	-0.005828	0.009537	0.091827	13209	1.16	11	0	21	34	11	92	56	1790	164	7	0	315	10682	85	0	497	740	0	68	148	464	5	5000	686	6	0	36	7	43	39	0	8	21527	6179
C:\Data\BAS_sjro\ARD1B\XRF data\L000034.spe	68.04	7.91	1	0.018321	-0.005828	0.009537	0.091822	13529	1.22	0	0	30	34	14	63	46	1407	120	0	12	205	9667	108	0	409	563	0	0	169	549	60	5124	654	0	0	27	0	65	27	101	41	23020	5808
C:\Data\BAS_sjro\ARD1B\XRF data\L000035.spe	70.04	7.93	1	0.018321	-0.005828	0.009537	0.0918	12592	1.18	0	0	6	0	0	60	11	930	115	0	12	168	7357	85	0	310	449	6	42	153	362	4	4643	694	0	7	45	20	19	21	30	0	21716	5859
C:\Data\BAS_sjro\ARD1B\XRF data\L000036.spe	72.04	7.92	1	0.018321	-0.005857	0.009537	0.091811	12868	1.12	10	8	20	46	0	73	37	1376	177	18	0	197	9156	102	13	512	616	0	4	115	383	0	5069	755	0	0	0	38	71	80	65	0	20961	5587
C:\Data\BAS_sjro\ARD1B\XRF data\L000037.spe	74.04	7.87	1	0.018321	-0.005857	0.009539	0.091811	12657	1.2	0	27	22	27	9	88	41	1670	192	0	0	214	8888	110	0	470	639	0	32	82	391	117	4714	594	0	9	0	4	30	69	15	0	21134	5794
C:\Data\BAS_sjro\ARD1B\XRF data\L000038.spe	76.04	7.86	1	0.018321	-0.005888	0.009537	0.091819	11205	1.12	0	0	9	18	8	69	47	810	191	22	0	118	7589	55	0	272	307	0	68	91	311	8	3517	750	0	0	61	0	33	40	0	13	18988	5330
C:\Data\BAS_sjro\ARD1B\XRF data\L000039.spe	78.04	7.89	1	0.018321	-0.005888	0.009537	0.091826	10442	1.14	0	0	13	33	0	79	26	422	94	11	0	57	4288	41	0	211	261	12	93	90	274	4	3995	695	0	0	0	0	0	9	10	0	18875	5297
C:\Data\BAS_sjro\ARD1B\XRF data\L000040.spe	80.04	7.93	1	0.018321	-0.005888	0.009536	0.091831	10897	0.98	4	7	0	27	12	70	24	568	76	16	9	111	5380	54	0	253	355	10	9	44	324	0	4192	730	8	0	0	51	37	75	92	14	19495	5566
C:\Data\BAS_sjro\ARD1B\XRF data\L000041.spe	82.04	7.93	1	0.01832	-0.005888	0.009534	0.091839	11244	1.14	0	0	12	0	5	70	30	616	105	9	21	103	6684	50	0	280	331	33	19	83	411	0	4514	699	0	0	0	6	0	47	30	0	19467	5292
C:\Data\BAS_sjro\ARD1B\XRF data\L000042.spe	84.04	7.93	1	0.01832	-0.005863	0.009534	0.091839	9416	1.19	8	25	35	35	10	71	19	686	66	0	0	101	4726	41	5	236	316	0	127	56	243	100	3693	649	0	17	0	33	53	46	0	77	16636	4702
C:\Data\BAS_sjro\ARD1B\XRF data\L000043.spe	86.04	7.93	1	0.01832	-0.005884	0.009534	0.091839	12066	1.12	0	6	5	39	0	45	21	1299	158	17	11	218	7931	49	0	400	701	28	103	202	315	0	4567	856	0	0	0	0	0	0	0	112	20076	5680
C:\Data\BAS_sjro\ARD1B\XRF data\L000044.spe	88.04	7.93	1	0.01832	-0.005865	0.009533	0.091845	13773	1.11	0	8	6	39	0	59	38	2238	283	22	0	336	12299	101	0	608	814	7	100	142	452	44	5382	788	0	0	0	26	51	40	0	82	21267	5764
C:\Data\BAS_sjro\ARD1B\XRF data\L000045.spe	90.04	7.97	1	0.01832	-0.005865	0.009533	0.091809	13556	1.21	7	0	12	36	9	74	56	2217	302	16	0	329	15661	83	23	556	721	0	77	104	365	9	4874	746	0	0	21	36	14	23	0	72	20009	5799
C:\Data\BAS_sjro\ARD1B\XRF data\L000046.spe	92.04	7.99	1	0.01832	-0.005865	0.009532	0.091802	13576	1.07	0	4	7	41	4	58	74	2429	270	21	0	328	14331	114	17	617	759	31	128	125	502	0	5254	799	0	0	0	76	21	65	0	59	20171	5637
C:\Data\BAS_sjro\ARD1B\XRF data\L000047.spe	94.04	8	1	0.01832	-0.005895	0.009532	0.091802	13086	1.19	0	10	17	48	10	75	62	2892	309	29	0	403	16263	125	0	657	819	0	79	93	425	21	4888	672	8	5	57	29	44	82	0	52	18254	5104
C:\Data\BAS_sjro\ARD1B\XRF data\L000048.spe	96.04	8	1	0.01832	-0.005895	0.00953	0.091794	12004	1.1	0	22	16	43	7	54	44	1711	187	0	20	253	11700	56	22	547	658	0	101	106	378	0	4908	756	9	0	0	25	14	81	0	113	18271	5234
C:\Data\BAS_sjro\ARD1B\XRF data\L000049.spe	98.04	8	1	0.018319	-0.005895	0.009529	0.091794	13850	1.3	15	25	28	67	28	49	70	2916	271	23	19	398	17317	163	0	705	906	10	48	169	463	0	5421	685	10	5	0	0	7	38	41	94	19163	5404
C:\Data\BAS_sjro\ARD1B\XRF data\L000050.spe	100.04	8	1	0.01832	-0.005895	0.009527	0.091787	13118	1.12	0	14	0	42	15	59	68	2390	247	34	0	344	13348	54	0	624	817	10	0	113	471	0	5506	726	7	0	0	0	6	57	56	61	19611	5364
C:\Data\BAS_sjro\ARD1B\XRF data\L000051.spe	102.04	8	1	0.01832	-0.005896	0.009527	0.091787	14775	1.16	0	19	18	48	0	45	65	3145	357	21	28	467	16987	110	0	772	968	0	82	49	511	105	6109	732	6	0	0	5	0	80	30	0	21069	5717
C:\Data\BAS_sjro\ARD1B\XRF data\L000052.spe	104.04	8	1	0.018319	-0.005923	0.009529	0.091793	14918	1.19	0	15	24	42	4	69	72	3427	331	29	16	505	17010	108	0	818	1083	0	0	158	505	48	6476	840	5	12	10	0	71	17	15	85	20882	5922
C:\Data\BAS_sjro\ARD1B\XRF data\L000053.spe	106.04	8	1	0.018319	-0.005923	0.00953	0.091793	14839	1.13	0	13	28	37	0	51	66	3440	316	18	20	431	16393	83	0	805	1077	0	215	118	623	63	6426	844	0	8	14	37	14	92	0	0	20966	5812
C:\Data\BAS_sjro\ARD1B\XRF data\L000054.spe	108.04	8	1	0.018319	-0.005951	0.009528	0.091801	14776	1.12	0	17	21	50	0	44	51	3199	315	17	24	530	17280	120	0	873	1061	90	128	232	538	0	5902	706	0	0	0	70	8	45	0	59	20623	5734
C:\Data\BAS_sjro\ARD1B\XRF data\L000055.spe	110.04	8	1	0.018319	-0.005951	0.009527	0.091812	13547	1.16	0	15	10	42	0	39	67	2856	254	33	10	478	14306	88	0	725	863	0	99	143	472	70	4993	781	0	0	0	13	17	56	0	100	19873	5624
C:\Data\BAS_sjro\ARD1B\XRF data\L000056.spe	112.04	8	1	0.018319	-0.005972	0.009528	0.091804	13750	1.16	9	7	14	39	5	67	70	2418	281	0	16	384	15147	134	12	668	828	0	33	159	475	0	4806	809	0	0	50	27	53	18	37	43	20019	5487
C:\Data\BAS_sjro\ARD1B\XRF data\L000057.spe	114.04	8	1	0.01832	-0.005991	0.009527	0.091804	12488	1.04	0	25	25	44	7	65	48	1846	219	25	5	301	12702	76	0	548	644	0	0	0	372	55	4141	839	0	0	0	78	18	59	71	0	19106	5318
C:\Data\BAS_sjro\ARD1B\XRF data\L000058.spe	116.04	8	1	0.018319	-0.005991	0.009525	0.091795	13293	1.15	0	26	19	39	8	50	43	1768	300	14	9	263	13812	181	0	443	507	0	0	41	361	0	4701	772	5	0	7	0	23	61	92	0	20339	5654
C:\Data\BAS_sjro\ARD1B\XRF data\L000059.spe	118.04	7.99	1	0.01832	-0.005991	0.009523	0.09179	13223	1.07	0	0	0	42	0	59	35	1574	252	0	15	233	13273	106	0	390	474	36	97	101	351	146	4124	841	5	16	20	51	0	63	0	0	20828	5786
C:\Data\BAS_sjro\ARD1B\XRF data\L000060.spe	120.04	7.97	1	0.018319	-0.005991	0.009522	0.09179	12044	1.18	0	0	21	19	4	78	17	889	150	0	7	141	6853	38	0	308	372	57	86	46	302	21	4230	752	13	0	0	39	6	68	0	34	20993	5825
C:\Data\BAS_sjro\ARD1B\XRF data\L000061.spe	122.04	7.96	1	0.018319	-0.005938	0.009521	0.09179	10858	1.21	0	7	18	24	0	69	9	467	55	12	0	77	3677	54	0	158	248	0	0	57	241	49	3883	838	0	9	23	0	17	22	18	15	20338	5778
C:\Data\BAS_sjro\ARD1B\XRF data\L000062.spe	124.04	7.91	1	0.018319	-0.005938	0.009519	0.091783	11013	1.13	0	0	0	34	7	85	4	316	56	4	16	47	2584	52	5	163	216	0	126	55	224	0	4061	815	0	6	18	29	48	7	0	0	20748	5600
C:\Data\BAS_sjro\ARD1B\XRF data\L000063.spe	126.04	7.89	1	0.018319	-0.005938	0.009517	0.091783	10732	1.13	16	0	6	30	6	88	16	496	106	7	9	85	4177	57	0	221	329	0	124	88	234	0	3948	649	0	0	49	63	86	65	0	0	19255	5316
C:\Data\BAS_sjro\ARD1B\XRF data\L000064.spe	128.04	7.86	1	0.018319	-0.005938	0.009515	0.091783	10606	1.24	9	0	0	23	6	66	14	273	65	0	5	36	3766	70	0	226	296	46	37	49	372	0	4353	789	0	0	0	45	14	40	44	0	19058	5502
C:\Data\BAS_sjro\ARD1B\XRF data\L000065.spe	130.04	7.84	1	0.018319	-0.005908	0.009515	0.091772	8727	1.15	0	5	21	22	9	84	8	65	0	0	0	14	1271	19	0	91	161	0	88	106	220	0	3600	482	5	14	34	23	35	29	0	0	16369	4891
C:\Data\BAS_sjro\ARD1B\XRF data\L000066.spe	132.04	7.84	1	0.018319	-0.005908	0.009514	0.091772	9600	1.1	13	0	7	27	12	66	8	279	18	0	0	38	2435	22	14	149	274	0	41	50	250	0	3837	694	0	9	7	32	60	81	0	0	18196	5030
C:\Data\BAS_sjro\ARD1B\XRF data\L000067.spe	134.04	7.84	1	0.018319	-0.005908	0.009512	0.091765	10675	1.17	0	0	23	30	8	58	16	605	80	7	0	60	4787	35	0	200	306	0	21	95	264	0	4188	669	14	4	0	17	13	61	0	0	18785	5293
C:\Data\BAS_sjro\ARD1B\XRF data\L000068.spe	136.04	7.84	1	0.018319	-0.005908	0.009511	0.091765	11005	1.09	7	11	6	24	5	80	8	975	94	20	14	122	6256	66	0	314	492	0	0	72	335	0	4858	764	9	0	8	31	30	63	0	0	19074	5234
C:\Data\BAS_sjro\ARD1B\XRF data\L000069.spe	138.04	7.85	1	0.018319	-0.005908	0.009509	0.091758	9900	1.16	0	0	17	0	0	58	12	298	42	6	0	56	3206	31	0	167	282	0	0	59	304	83	4481	684	0	5	0	45	70	67	63	0	18412	5043
C:\Data\BAS_sjro\ARD1B\XRF data\L000070.spe	140.04	7.87	1	0.018319	-0.005908	0.009508	0.091767	10259	1.11	0	10	0	0	16	61	6	312	21	10	10	55	2362	22	0	164	267	8	47	72	268	23	4422	924	11	0	20	14	0	45	8	69	19782	5680
C:\Data\BAS_sjro\ARD1B\XRF data\L000071.spe	142.04	7.87	1	0.018319	-0.005936	0.009509	0.091767	10031	1.13	6	0	8	16	13	96	14	74	12	0	5	23	929	5	0	122	179	24	31	60	308	48	4608	819	5	0	0	13	0	45	0	29	19394	5462
C:\Data\BAS_sjro\ARD1B\XRF data\L000072.spe	144.04	7.86	1	0.018319	-0.005936	0.009511	0.091775	8682	1.13	19	15	24	31	18	90	19	156	21	5	5	29	1149	21	0	93	191	4	69	37	164	0	3723	778	0	0	0	19	0	61	0	0	16810	4803
C:\Data\BAS_sjro\ARD1B\XRF data\L000073.spe	146.04	7.86	1	0.018319	-0.005955	0.009511	0.091769	9610	1.07	0	12	9	8	6	73	0	237	27	9	0	25	1718	24	16	154	253	0	178	32	221	0	4043	769	5	10	0	19	19	26	0	0	18266	5122
C:\Data\BAS_sjro\ARD1B\XRF data\L000074.spe	148.04	7.88	1	0.018319	-0.005955	0.009513	0.09176	9393	1.06	0	0	11	16	9	68	11	170	0	6	17	15	1344	11	6	110	200	15	77	59	277	0	4121	854	6	10	0	5	0	44	0	0	18326	5120
C:\Data\BAS_sjro\ARD1B\XRF data\L000075.spe	150.04	7.87	1	0.018319	-0.005955	0.009511	0.09176	9566	1.07	0	0	0	10	0	46	5	122	7	0	11	15	1182	19	0	120	179	0	97	87	226	19	4192	815	0	0	0	30	33	28	0	24	18630	5244
C:\Data\BAS_sjro\ARD1B\XRF data\L000076.spe	152.04	7.83	1	0.018319	-0.005926	0.00951	0.09176	9070	1.04	0	0	0	19	0	61	0	148	14	0	0	29	1180	29	8	80	217	18	34	43	224	0	4012	762	0	0	17	8	0	40	5	0	17551	4985
C:\Data\BAS_sjro\ARD1B\XRF data\L000077.spe	154.04	7.77	1	0.01832	-0.005896	0.00951	0.09176	10374	1.15	18	6	0	29	5	75	27	685	100	9	0	143	4449	76	9	218	430	0	108	81	291	0	4510	697	0	0	22	23	25	37	0	28	18550	5160
C:\Data\BAS_sjro\ARD1B\XRF data\L000078.spe	156.04	7.76	1	0.01832	-0.005896	0.009508	0.09176	11538	1.09	0	13	5	17	19	65	28	1037	136	9	0	169	6907	77	0	308	511	4	0	99	306	6	4912	696	0	0	16	23	28	68	29	22	19485	5491
C:\Data\BAS_sjro\ARD1B\XRF data\L000079.spe	158.04	7.73	1	0.01832	-0.005917	0.009508	0.09176	11751	1.13	0	0	5	23	0	71	39	1369	156	0	14	258	7427	54	17	411	652	24	0	118	357	23	4499	787	0	0	0	24	22	66	17	97	19694	5519
C:\Data\BAS_sjro\ARD1B\XRF data\L000080.spe	160.04	7.73	1	0.018319	-0.005888	0.009508	0.091749	11101	1.09	0	0	7	27	0	72	15	626	86	6	0	93	4548	51	0	257	391	0	128	46	261	0	4649	774	0	7	0	50	7	14	0	22	19882	5601
C:\Data\BAS_sjro\ARD1B\XRF data\L000081.spe	162.04	7.73	1	0.01832	-0.005854	0.009507	0.091749	11190	1.17	0	0	7	21	7	60	11	643	83	0	25	117	3822	64	0	219	378	31	42	26	282	0	4675	749	5	0	14	21	0	51	0	0	20151	5674
C:\Data\BAS_sjro\ARD1B\XRF data\L000082.spe	164.04	7.68	1	0.01832	-0.005854	0.009505	0.091749	9851	1.06	0	10	4	19	0	84	19	359	44	13	0	73	2760	57	0	173	383	24	17	106	256	65	4356	747	8	0	0	16	17	31	0	0	18460	5251
C:\Data\BAS_sjro\ARD1B\XRF data\L000083.spe	166.04	7.68	1	0.01832	-0.005834	0.009504	0.091749	10000	1.17	0	0	9	11	0	68	0	234	27	6	0	68	2287	38	0	127	286	21	0	18	277	0	4808	654	0	0	0	19	0	30	98	0	18756	5435
C:\Data\BAS_sjro\ARD1B\XRF data\L000084.spe	168.04	7.72	1	0.01832	-0.005814	0.009504	0.09174	8804	1.16	0	0	0	21	0	48	0	88	0	0	11	21	785	32	0	67	147	4	149	79	259	40	4086	713	8	0	0	10	22	25	0	23	17067	4945
C:\Data\BAS_sjro\ARD1B\XRF data\L000085.spe	170.04	7.72	1	0.01832	-0.005814	0.009502	0.09174	10303	1.16	0	0	0	18	0	82	0	189	12	0	0	60	1731	29	0	154	272	18	78	0	280	0	4943	783	5	0	10	53	30	46	0	0	19516	5502
C:\Data\BAS_sjro\ARD1B\XRF data\L000086.spe	172.04	7.72	1	0.01832	-0.005789	0.009502	0.091729	9289	1.13	0	17	7	19	11	55	7	77	10	0	8	26	673	28	0	93	214	0	0	79	317	31	4843	776	0	0	16	0	74	60	19	37	17580	5162
C:\Data\BAS_sjro\ARD1B\XRF data\L000087.spe	174.04	7.72	1	0.01832	-0.005821	0.009504	0.091729	9032	1.16	5	6	11	15	7	91	10	195	21	0	0	42	1226	9	0	92	202	45	0	26	208	66	4081	839	0	0	0	15	0	61	61	0	17629	5162
C:\Data\BAS_sjro\ARD1B\XRF data\L000088.spe	176.04	7.72	1	0.01832	-0.0058	0.009504	0.091729	11007	1.09	0	5	7	21	0	71	0	127	21	9	7	27	1330	30	0	147	239	20	0	46	224	0	4338	837	0	8	0	41	15	39	5	0	21237	5720
C:\Data\BAS_sjro\ARD1B\XRF data\L000089.spe	178.04	7.75	1	0.01832	-0.005774	0.009505	0.091729	10235	1.13	9	0	7	30	9	85	0	190	15	0	0	82	2400	18	0	93	276	20	103	5	348	75	4671	679	0	9	14	13	20	43	0	0	19461	5323
C:\Data\BAS_sjro\ARD1B\XRF data\L000090.spe	180.04	7.74	1	0.01832	-0.005774	0.009506	0.091729	10049	1.08	0	0	0	6	0	86	0	239	30	0	0	81	2353	36	0	109	238	9	0	54	242	42	4162	776	0	0	15	21	0	0	65	0	19086	5376
C:\Data\BAS_sjro\ARD1B\XRF data\L000091.spe	182.04	7.75	1	0.01832	-0.005804	0.009505	0.091729	10340	1.13	0	0	7	21	9	63	15	504	19	0	0	102	4087	37	11	203	312	0	116	115	405	0	4364	745	0	9	15	48	32	10	0	0	18930	5298
C:\Data\BAS_sjro\ARD1B\XRF data\L000092.spe	184.04	7.74	1	0.01832	-0.005804	0.009504	0.091721	11580	1.2	0	6	9	20	0	72	35	1252	125	17	6	265	9878	54	6	332	398	0	0	102	445	74	4779	795	0	8	34	13	0	49	60	0	18602	5427
C:\Data\BAS_sjro\ARD1B\XRF data\L000093.spe	186.04	7.71	1	0.01832	-0.005804	0.009504	0.091712	12320	1.22	0	0	16	27	4	49	52	1727	179	0	7	319	13820	115	4	463	507	28	35	87	342	0	4559	837	0	7	0	31	0	55	36	0	18790	5415
C:\Data\BAS_sjro\ARD1B\XRF data\L000094.spe	188.04	7.7	1	0.01832	-0.005774	0.009502	0.091712	12239	1.17	7	0	0	25	0	65	40	1141	81	19	0	222	7627	96	0	432	497	26	0	91	324	0	4802	778	5	0	0	59	0	62	85	0	20680	5555
C:\Data\BAS_sjro\ARD1B\XRF data\L000095.spe	190.04	7.69	1	0.01832	-0.005774	0.009504	0.091712	13594	1.16	0	14	24	35	5	70	61	1749	153	16	9	240	11794	88	0	433	604	0	0	83	432	0	5177	810	0	0	81	18	85	29	47	0	21731	5889
C:\Data\BAS_sjro\ARD1B\XRF data\L000096.spe	192.04	7.7	1	0.01832	-0.005807	0.009503	0.091718	11469	1.09	0	0	0	23	13	86	32	1214	105	0	21	180	7425	54	0	323	517	0	81	96	241	83	4361	656	6	13	26	18	36	0	0	0	19492	5321
C:\Data\BAS_sjro\ARD1B\XRF data\L000097.spe	194.04	7.67	1	0.018319	-0.005785	0.009502	0.091725	12475	1.07	0	0	5	40	0	64	36	1336	198	0	0	258	9393	132	0	490	630	0	40	89	342	0	4398	821	0	0	0	55	32	36	0	0	20512	5613
C:\Data\BAS_sjro\ARD1B\XRF data\L000098.spe	196.04	7.65	1	0.01832	-0.005756	0.009502	0.091734	9870	1.14	0	0	19	10	0	75	0	208	24	0	0	34	1657	0	5	126	234	0	106	65	322	18	4085	721	0	0	12	0	41	41	0	0	18609	5112
C:\Data\BAS_sjro\ARD1B\XRF data\L000099.spe	198.04	7.69	0	0.01832	-0.005756	0.0095	0.091727	8187	1.01	8	5	0	7	7	69	0	25	0	5	7	5	338	12	0	47	151	8	59	6	172	0	3523	770	0	7	0	0	32	23	0	0	16226	4573
C:\Data\BAS_sjro\ARD1B\XRF data\L000100.spe	200.04	7.71	1	0.01832	-0.005788	0.009502	0.091727	8767	1.07	0	0	4	18	5	67	8	24	0	0	0	0	309	7	8	67	182	12	0	33	291	32	3939	699	0	0	4	28	32	25	30	0	17016	4767
C:\Data\BAS_sjro\ARD1B\XRF data\L000101.spe	202.04	7.72	0	0.01832	-0.005762	0.009503	0.091727	8126	1.05	0	4	20	22	0	73	0	42	0	6	0	17	435	22	0	79	174	0	35	0	181	0	3919	623	10	0	0	6	49	83	0	0	15869	4712
C:\Data\BAS_sjro\ARD1B\XRF data\L000102.spe	204.04	7.74	0	0.01832	-0.005735	0.009503	0.09172	8074	1.14	0	15	19	20	16	53	0	42	6	0	0	14	529	18	0	56	159	0	35	63	187	0	3817	626	0	0	29	11	14	30	29	0	15400	4647
C:\Data\BAS_sjro\ARD1B\XRF data\L000103.spe	206.04	7.77	1	0.01832	-0.005715	0.009503	0.09171	9348	1.12	4	6	15	16	9	84	21	497	68	22	0	83	4190	61	0	172	308	49	20	94	208	28	3562	701	0	0	32	0	0	20	35	0	16391	4791
C:\Data\BAS_sjro\ARD1B\XRF data\L000104.spe	208.04	7.78	1	0.01832	-0.005715	0.009502	0.09171	10646	1.14	0	0	32	24	6	73	13	1113	166	7	11	195	7761	66	0	300	384	0	0	46	195	0	3630	708	10	0	6	47	35	25	11	0	17240	5010
C:\Data\BAS_sjro\ARD1B\XRF data\L000105.spe	210.04	7.78	1	0.01832	-0.005736	0.009502	0.09171	11406	1.09	0	16	0	36	0	64	39	1238	201	10	12	229	10493	72	0	391	425	9	18	39	264	0	3625	635	0	6	0	19	27	27	67	0	18228	5169
C:\Data\BAS_sjro\ARD1B\XRF data\L000106.spe	212.04	7.78	1	0.01832	-0.005766	0.009502	0.091718	12349	1.15	7	9	10	39	0	54	62	1754	304	0	6	247	14724	97	0	400	527	0	63	95	295	25	4168	665	0	10	43	0	21	55	0	86	18388	5350
C:\Data\BAS_sjro\ARD1B\XRF data\L000107.spe	214.04	7.78	1	0.01832	-0.005737	0.009502	0.091727	13108	1.21	0	4	7	54	9	55	44	1893	302	0	26	243	15716	153	13	479	532	0	34	120	286	114	4795	676	0	6	5	54	20	58	58	35	19844	5473
C:\Data\BAS_sjro\ARD1B\XRF data\L000108.spe	216.04	7.8	1	0.018319	-0.005769	0.009502	0.091719	12472	1.07	0	13	0	23	0	79	30	1363	155	9	0	185	9184	106	0	410	495	21	25	137	341	43	4785	853	0	0	0	21	6	33	8	34	20892	6029
C:\Data\BAS_sjro\ARD1B\XRF data\L000109.spe	218.04	7.81	1	0.01832	-0.005791	0.009502	0.091719	11439	1.17	0	0	0	0	11	74	0	556	90	0	21	93	5382	28	7	237	326	0	180	91	298	43	4447	798	5	0	0	35	51	25	0	113	20381	5700
C:\Data\BAS_sjro\ARD1B\XRF data\L000110.spe	220.04	7.75	1	0.01832	-0.005823	0.009503	0.091719	10520	1	9	16	20	35	11	65	0	360	42	7	11	52	2645	35	0	165	239	33	0	102	315	0	4450	724	0	7	0	40	0	0	18	0	19306	5336
C:\Data\BAS_sjro\ARD1B\XRF data\L000111.spe	222.04	7.67	1	0.01832	-0.005797	0.009503	0.091719	10320	1.2	0	0	12	23	0	92	17	700	40	0	0	103	3657	5	0	198	338	0	110	139	277	0	4939	782	7	6	22	12	38	18	0	0	18784	5284
C:\Data\BAS_sjro\ARD1B\XRF data\L000112.spe	224.04	7.69	1	0.018319	-0.005816	0.009503	0.091725	11523	1.13	0	0	17	34	11	82	19	777	57	0	0	139	4147	15	0	300	429	0	40	128	431	0	5564	758	5	4	27	32	60	41	0	6	20575	5661
C:\Data\BAS_sjro\ARD1B\XRF data\L000113.spe	226.04	7.7	1	0.018319	-0.005816	0.009504	0.091725	12380	1.07	6	0	16	30	9	64	26	969	95	0	8	160	5794	56	0	339	474	68	124	98	411	31	5009	686	13	0	10	33	0	0	0	84	21804	6052
C:\Data\BAS_sjro\ARD1B\XRF data\L000114.spe	228.04	7.68	1	0.018319	-0.005816	0.009506	0.091725	10958	1.12	0	4	0	14	0	64	19	478	42	19	0	79	2686	48	0	199	350	0	0	100	454	0	4741	716	0	0	6	16	57	37	40	0	20266	5540
C:\Data\BAS_sjro\ARD1B\XRF data\L000115.spe	230.04	7.64	1	0.018319	-0.005836	0.009504	0.091725	11724	1.25	5	0	9	30	0	53	13	925	71	0	16	143	5541	42	0	303	409	15	77	108	465	0	5101	661	0	0	0	26	0	90	46	68	20609	5748
C:\Data\BAS_sjro\ARD1B\XRF data\L000116.spe	232.04	7.66	1	0.018319	-0.005836	0.009502	0.091725	11437	1.17	12	0	29	14	9	66	34	914	150	0	0	167	7180	40	0	373	448	33	36	26	391	0	4545	640	0	0	0	29	16	89	26	70	19622	5271
C:\Data\BAS_sjro\ARD1B\XRF data\L000117.spe	234.04	7.66	1	0.018319	-0.005836	0.009504	0.091725	11623	1.18	0	11	5	20	12	84	27	1272	179	9	0	144	9160	43	4	385	464	4	30	58	396	68	4071	781	11	0	0	31	40	67	69	48	18973	5248
C:\Data\BAS_sjro\ARD1B\XRF data\L000118.spe	236.04	7.66	1	0.018319	-0.005836	0.009506	0.091725	13058	1.11	0	14	0	34	0	47	58	1516	398	20	9	255	14207	177	0	505	451	0	44	98	388	0	4014	687	8	0	0	24	32	76	20	22	19834	5479
C:\Data\BAS_sjro\ARD1B\XRF data\L000119.spe	238.04	7.66	1	0.018318	-0.005836	0.009506	0.091715	13409	1.15	0	0	0	63	8	59	46	1510	252	0	20	215	11769	101	4	489	508	0	137	219	444	39	4533	693	0	11	18	0	8	70	18	57	21042	5606
C:\Data\BAS_sjro\ARD1B\XRF data\L000120.spe	240.04	7.67	1	0.018319	-0.005836	0.009508	0.091715	13039	1.22	15	0	0	53	0	65	47	1559	151	14	0	222	7994	46	0	528	684	20	41	152	400	20	4357	796	0	0	0	42	13	74	19	12	21381	5495
C:\Data\BAS_sjro\ARD1B\XRF data\L000121.spe	242.04	7.69	1	0.018319	-0.005856	0.009506	0.091715	13148	1.01	0	23	17	36	6	78	42	1700	148	0	7	264	9650	19	7	468	622	43	78	157	455	0	4862	754	0	0	8	0	23	46	0	0	20943	5790
C:\Data\BAS_sjro\ARD1B\XRF data\L000122.spe	244.04	7.68	1	0.018319	-0.005856	0.009505	0.091715	13086	1.1	0	8	8	43	0	68	49	1822	132	21	0	266	8370	87	0	505	642	48	38	97	532	11	5501	935	0	8	0	0	0	68	60	39	21579	5692
C:\Data\BAS_sjro\ARD1B\XRF data\L000123.spe	246.04	7.66	1	0.018319	-0.005829	0.009504	0.091715	14000	1.14	0	16	9	51	0	76	43	2408	128	0	17	294	10937	112	0	617	731	11	83	149	511	0	5945	695	15	19	18	27	0	61	0	0	22027	6148
C:\Data\BAS_sjro\ARD1B\XRF data\L000124.spe	248.04	7.67	1	0.018319	-0.005808	0.009502	0.091705	14242	1.14	0	0	13	45	9	53	51	2671	197	13	24	345	12285	44	6	679	769	0	0	110	539	0	5641	936	0	6	0	51	19	66	88	0	22068	5984
C:\Data\BAS_sjro\ARD1B\XRF data\L000125.spe	250.04	7.64	1	0.018318	-0.005788	0.0095	0.091705	12902	1.24	0	0	0	38	0	68	42	2222	149	18	14	290	11138	102	10	515	667	0	0	90	475	0	5310	666	0	0	0	0	17	85	106	0	19863	5494
C:\Data\BAS_sjro\ARD1B\XRF data\L000126.spe	252.04	7.64	1	0.018319	-0.005767	0.009499	0.091705	12304	1.14	17	0	10	34	5	73	44	1507	125	5	11	246	8935	91	8	455	585	39	0	110	412	0	5009	825	0	0	0	46	9	69	77	0	20140	5381
C:\Data\BAS_sjro\ARD1B\XRF data\L000127.spe	254.04	7.64	1	0.018319	-0.005767	0.009497	0.091705	13074	1.09	0	17	24	36	0	73	42	1884	127	11	14	241	8417	74	0	495	660	0	94	77	428	6	5415	724	0	0	15	28	39	77	0	0	21562	5744
C:\Data\BAS_sjro\ARD1B\XRF data\L000128.spe	256.04	7.65	1	0.018319	-0.005749	0.009496	0.091699	12022	1.09	0	28	22	43	6	78	19	1559	120	17	9	238	7744	90	0	477	538	0	80	46	370	0	4992	639	0	18	0	61	10	124	0	39	19704	5421
C:\Data\BAS_sjro\ARD1B\XRF data\L000129.spe	258.04	7.66	1	0.018319	-0.00573	0.009494	0.091699	12922	1.17	15	11	18	37	9	37	21	2075	121	0	0	221	9766	71	0	557	628	24	121	122	379	0	5083	700	0	0	0	34	36	59	0	0	20931	5720
C:\Data\BAS_sjro\ARD1B\XRF data\L000130.spe	260.04	7.63	1	0.018319	-0.005709	0.009492	0.091699	13488	1.19	0	28	13	58	0	47	38	1602	150	22	24	293	11579	75	29	543	728	22	78	117	406	0	4689	819	0	0	0	67	0	112	86	0	21740	5706
C:\Data\BAS_sjro\ARD1B\XRF data\L000131.spe	262.04	7.64	1	0.018319	-0.005686	0.009492	0.09169	13678	1.17	10	0	13	32	7	72	38	1753	148	0	18	280	9534	71	0	623	700	0	94	160	360	0	4609	822	0	6	8	52	38	79	0	118	22861	5884
C:\Data\BAS_sjro\ARD1B\XRF data\L000132.spe	264.04	7.66	1	0.018319	-0.005706	0.009493	0.09169	13847	1.18	0	4	37	46	0	66	53	1950	154	5	0	290	13962	141	0	550	632	0	56	88	496	70	5012	680	0	0	0	10	0	74	71	0	21644	5747
C:\Data\BAS_sjro\ARD1B\XRF data\L000133.spe	266.04	7.62	1	0.018319	-0.005732	0.009491	0.09169	14432	1.19	10	5	23	43	13	65	46	2474	139	21	22	326	16567	140	0	602	650	36	28	147	512	0	5011	702	0	18	0	42	0	97	48	0	21255	5743
C:\Data\BAS_sjro\ARD1B\XRF data\L000134.spe	268.04	7.63	1	0.018319	-0.005757	0.009493	0.09169	14566	1.19	7	8	11	30	0	63	49	2229	141	18	15	324	15495	87	0	663	661	5	162	167	536	16	5480	703	9	0	0	27	0	6	0	0	22043	6017
C:\Data\BAS_sjro\ARD1B\XRF data\L000135.spe	270.04	7.62	1	0.018319	-0.005757	0.009495	0.091701	14887	1.14	0	0	20	32	6	60	48	2348	176	0	0	328	14570	100	0	674	712	0	6	68	486	0	5304	753	0	18	0	45	11	65	97	0	23089	5874
C:\Data\BAS_sjro\ARD1B\XRF data\L000136.spe	272.04	7.62	1	0.018319	-0.005725	0.009496	0.091701	14706	1.23	0	0	28	27	0	49	74	2408	168	0	13	335	14320	142	0	661	741	0	0	133	561	19	5391	784	5	6	52	46	68	34	45	0	22545	6184
C:\Data\BAS_sjro\ARD1B\XRF data\L000137.spe	274.04	7.62	1	0.018319	-0.005748	0.009496	0.09169	15049	1.21	23	29	25	53	12	75	49	2106	168	30	0	311	16278	127	0	712	781	0	0	179	649	21	5623	815	9	0	0	19	34	85	172	0	22884	5950
C:\Data\BAS_sjro\ARD1B\XRF data\L000138.spe	276.04	7.59	1	0.018318	-0.005716	0.009497	0.09169	15306	1.08	0	0	14	55	0	62	62	2965	234	0	14	415	19509	133	0	708	873	0	91	178	528	12	5774	733	0	0	20	33	0	74	44	85	21763	5814
C:\Data\BAS_sjro\ARD1B\XRF data\L000139.spe	278.04	7.58	1	0.018318	-0.005671	0.009499	0.09169	14243	1.09	22	5	8	35	14	71	76	2723	215	0	15	365	15919	105	0	674	777	5	97	151	618	0	5403	705	0	0	0	41	0	51	0	18	20702	5516
C:\Data\BAS_sjro\ARD1B\XRF data\L000140.spe	280.04	7.58	1	0.018318	-0.005671	0.009501	0.09169	13598	1.25	0	17	23	34	6	70	68	2508	260	44	6	362	16816	92	0	647	819	8	56	168	590	0	4906	692	0	0	5	0	0	81	77	0	19048	5199
C:\Data\BAS_sjro\ARD1B\XRF data\L000141.spe	282.04	7.54	1	0.018318	-0.005643	0.009501	0.09169	13464	1.11	18	12	5	33	0	43	68	2702	253	15	5	417	16696	131	0	696	801	0	0	150	558	0	5169	661	11	0	0	23	0	44	65	0	18847	5477
C:\Data\BAS_sjro\ARD1B\XRF data\L000142.spe	284.04	7.52	1	0.018318	-0.005643	0.009503	0.09169	13764	1.16	0	33	5	34	0	62	84	2531	291	6	13	378	16792	186	0	655	906	0	0	125	443	74	5214	731	0	0	19	42	51	39	142	0	20124	5536
C:\Data\BAS_sjro\ARD1B\XRF data\L000143.spe	286.04	7.52	1	0.018318	-0.005643	0.009505	0.09169	14475	1.24	0	11	12	70	0	41	56	2367	292	0	13	355	16673	139	0	615	801	17	65	229	396	110	5389	745	0	0	0	0	6	0	12	56	20941	5898
C:\Data\BAS_sjro\ARD1B\XRF data\L000144.spe	288.04	7.53	1	0.018318	-0.005625	0.009506	0.09169	13516	1.02	0	4	11	44	0	74	85	2241	259	20	10	378	17433	190	11	544	685	0	148	89	471	0	4726	690	10	5	64	22	34	47	0	0	19390	5447
C:\Data\BAS_sjro\ARD1B\XRF data\L000145.spe	290.04	7.53	1	0.018318	-0.005575	0.009506	0.09169	13547	1.15	9	18	17	34	0	47	41	2222	167	20	4	343	13480	130	0	527	692	0	175	93	527	0	4742	576	0	13	0	0	26	87	0	0	20572	5750
C:\Data\BAS_sjro\ARD1B\XRF data\L000146.spe	292.04	7.54	1	0.018318	-0.005575	0.009508	0.091699	13941	1.14	7	16	10	41	0	63	52	2225	208	12	12	327	13001	101	0	601	773	38	53	76	506	0	4761	671	13	0	0	22	0	37	16	0	21249	5734
C:\Data\BAS_sjro\ARD1B\XRF data\L000147.spe	294.04	7.54	1	0.018318	-0.005575	0.00951	0.091699	14612	1.21	0	7	17	45	0	52	41	2468	261	0	12	363	15658	88	13	693	842	16	115	221	490	12	5007	811	0	0	0	20	33	59	0	30	21762	5766
C:\Data\BAS_sjro\ARD1B\XRF data\L000148.spe	296.04	7.54	1	0.018318	-0.005555	0.009512	0.091699	14250	1.26	0	12	0	36	7	65	68	2373	219	6	9	398	13551	104	0	711	896	0	206	115	376	36	4721	686	0	6	9	37	35	20	0	0	21840	5452
C:\Data\BAS_sjro\ARD1B\XRF data\L000149.spe	298.04	7.54	1	0.018318	-0.005536	0.009512	0.091703	14780	1.26	0	0	35	45	5	40	41	2439	224	0	0	376	17029	129	0	694	834	74	0	146	532	85	5137	621	0	0	0	22	0	67	87	29	21893	5977
C:\Data\BAS_sjro\ARD1B\XRF data\L000150.spe	300.04	7.54	1	0.018318	-0.005508	0.009512	0.091703	15380	1.24	13	12	13	44	16	53	57	2666	219	15	0	426	17089	114	41	663	820	16	0	261	585	65	5875	808	0	13	21	13	0	38	101	67	22788	6395
C:\Data\BAS_sjro\ARD1B\XRF data\L000151.spe	302.04	7.57	1	0.018318	-0.005466	0.009512	0.091703	15592	1.2	0	0	24	36	4	26	65	2698	192	11	8	439	16315	124	15	611	931	0	0	213	543	73	6034	597	0	14	5	26	77	25	50	0	23172	6160
C:\Data\BAS_sjro\ARD1B\XRF data\L000152.spe	304.04	7.53	1	0.018318	-0.005436	0.009511	0.091695	15315	1.12	0	8	6	43	11	11	51	2404	239	0	25	409	14827	147	0	591	835	0	0	83	653	0	5822	867	0	7	0	6	103	87	72	0	23595	6268
C:\Data\BAS_sjro\ARD1B\XRF data\L000153.spe	306.04	7.5	1	0.018318	-0.005436	0.009509	0.091685	15538	1.17	0	10	31	49	0	26	71	2408	301	7	27	380	17257	114	0	635	871	0	133	137	579	50	5805	802	0	0	6	31	67	43	0	126	22423	5952
C:\Data\BAS_sjro\ARD1B\XRF data\L000154.spe	308.04	7.52	1	0.018318	-0.005436	0.009506	0.091685	16220	1.21	0	12	37	42	9	19	64	2835	337	15	0	422	19330	132	0	832	1002	26	0	223	595	71	5837	742	0	0	0	0	0	32	200	0	23175	6401
C:\Data\BAS_sjro\ARD1B\XRF data\L000155.spe	310.04	7.52	1	0.018318	-0.005436	0.009504	0.091677	15527	1.12	0	0	11	58	16	30	68	2606	260	7	21	438	17306	57	0	701	811	0	90	172	594	49	5555	864	0	7	43	10	0	31	5	54	22561	6266
C:\Data\BAS_sjro\ARD1B\XRF data\L000156.spe	312.04	7.51	1	0.018318	-0.005462	0.009504	0.091678	14746	1.21	21	8	22	60	0	41	67	2627	307	0	6	405	18290	165	0	702	981	0	145	160	553	79	5427	781	0	0	74	36	91	38	0	0	20712	5697
C:\Data\BAS_sjro\ARD1B\XRF data\L000157.spe	314.04	7.56	1	0.018318	-0.005481	0.009506	0.091678	13269	1.14	0	5	0	54	8	54	79	1930	222	13	27	301	14518	134	0	562	689	0	127	112	501	0	4885	782	0	0	0	32	47	47	0	73	19444	5343
C:\Data\BAS_sjro\ARD1B\XRF data\L000158.spe	316.04	7.59	1	0.018318	-0.005452	0.009508	0.091689	13569	1.16	16	8	18	49	0	49	61	2514	220	11	0	371	16321	124	0	680	691	47	145	155	493	0	4760	602	0	11	0	26	9	84	0	23	19608	5282
C:\Data\BAS_sjro\ARD1B\XRF data\L000159.spe	318.04	7.6	1	0.018318	-0.005452	0.00951	0.09168	13052	1.31	0	0	11	37	0	51	77	2548	311	0	7	344	14148	78	0	612	696	116	128	103	400	0	4696	567	0	0	0	53	0	59	0	0	18934	5075
C:\Data\BAS_sjro\ARD1B\XRF data\L000160.spe	320.04	7.62	1	0.018319	-0.005452	0.009511	0.091691	12676	1.21	7	15	28	44	7	46	74	2551	238	18	9	395	15820	81	18	508	618	40	0	129	442	21	4365	565	9	0	17	37	34	28	64	9	18454	4794
C:\Data\BAS_sjro\ARD1B\XRF data\L000161.spe	322.04	7.7	1	0.018319	-0.005432	0.009513	0.091691	11674	1.11	0	10	0	44	0	53	44	2060	206	7	0	321	12198	116	0	504	604	39	0	65	298	24	4260	570	0	10	0	30	0	97	47	0	17688	5049
C:\Data\BAS_sjro\ARD1B\XRF data\L000162.spe	324.04	7.72	1	0.018319	-0.005432	0.009514	0.091698	12134	1.17	0	8	0	36	0	64	39	2054	297	15	0	286	15951	122	0	345	451	39	4	62	386	0	4589	724	0	0	32	31	0	20	79	58	17435	5158
C:\Data\BAS_sjro\ARD1B\XRF data\L000163.spe	326.04	7.74	1	0.018319	-0.005413	0.009514	0.091698	11273	1.15	0	0	9	44	0	67	27	1561	174	5	0	235	10020	69	0	451	464	0	0	17	387	0	4325	582	0	0	19	36	33	60	130	0	17905	4839
C:\Data\BAS_sjro\ARD1B\XRF data\L000164.spe	328.04	7.75	1	0.018319	-0.005413	0.009516	0.091698	9627	1.08	0	12	0	25	0	67	27	1216	161	16	0	169	8089	33	0	293	454	4	46	91	291	0	3606	536	0	0	7	0	0	34	12	61	15201	4324
C:\Data\BAS_sjro\ARD1B\XRF data\L000165.spe	330.04	7.75	1	0.018319	-0.005441	0.009516	0.091698	12809	1.15	0	8	20	46	5	54	71	2263	259	0	10	237	16915	115	5	475	558	0	58	121	401	0	4904	680	0	10	0	22	28	70	41	119	17928	5350
C:\Data\BAS_sjro\ARD1B\XRF data\L000166.spe	332.04	7.75	1	0.018319	-0.005413	0.009517	0.091698	14692	1.11	0	14	18	66	6	40	91	3001	393	12	8	394	23942	179	0	594	640	28	122	88	300	35	5234	669	0	0	0	0	29	35	0	68	19327	5612
C:\Data\BAS_sjro\ARD1B\XRF data\L000167.spe	334.04	7.75	1	0.018319	-0.005413	0.009519	0.091698	13582	1.14	5	5	5	43	13	50	60	2772	277	19	11	324	17295	118	0	483	742	0	16	140	296	58	5369	691	0	0	29	0	16	30	5	0	19110	5455
C:\Data\BAS_sjro\ARD1B\XRF data\L000168.spe	336.04	7.77	1	0.018319	-0.005413	0.00952	0.091698	12617	1.01	24	0	22	39	0	59	64	2479	269	14	0	341	13353	124	0	447	740	0	10	116	299	0	4801	606	7	0	0	20	53	46	10	58	18878	5375
C:\Data\BAS_sjro\ARD1B\XRF data\L000169.spe	338.04	7.78	1	0.018319	-0.005444	0.00952	0.09169	13589	1.1	0	17	11	43	7	42	78	2682	356	4	19	328	16517	106	0	564	663	61	0	76	274	15	5124	553	8	0	0	17	0	107	45	0	19259	5508
C:\Data\BAS_sjro\ARD1B\XRF data\L000170.spe	340.04	7.73	1	0.018319	-0.005478	0.009519	0.091682	14352	1.17	7	5	8	36	18	35	100	3152	416	0	8	358	18975	120	0	647	915	9	210	148	425	0	5357	597	8	18	0	56	33	42	0	61	19495	5662
C:\Data\BAS_sjro\ARD1B\XRF data\L000171.spe	342.04	7.7	1	0.01832	-0.005456	0.009519	0.091682	14412	1.09	0	22	26	28	0	45	109	3389	470	17	0	367	20704	219	15	571	809	58	38	127	376	0	5013	808	0	22	30	47	0	44	85	33	19388	5782
C:\Data\BAS_sjro\ARD1B\XRF data\L000172.spe	344.04	7.7	1	0.01832	-0.005456	0.009517	0.091682	14001	1.09	0	10	12	7	0	35	55	2808	432	38	23	368	18478	178	13	545	889	30	82	49	350	0	4798	623	4	0	16	21	25	21	32	0	19634	5715
C:\Data\BAS_sjro\ARD1B\XRF data\L000173.spe	346.04	7.72	1	0.01832	-0.005456	0.009519	0.091682	13470	1.09	0	19	0	37	0	48	85	2550	515	36	20	332	17639	119	0	416	831	22	0	69	253	50	4726	686	0	0	23	27	13	64	121	0	18376	5590
C:\Data\BAS_sjro\ARD1B\XRF data\L000174.spe	348.04	7.72	1	0.018319	-0.005456	0.009519	0.091682	13540	1.27	0	0	12	33	0	41	66	2943	383	31	24	365	16942	117	0	554	860	0	41	107	288	6	4509	617	6	9	33	40	47	81	34	0	18876	5479
C:\Data\BAS_sjro\ARD1B\XRF data\L000175.spe	350.04	7.73	1	0.018319	-0.005456	0.009517	0.091675	14636	1.07	0	41	11	38	8	35	103	3144	527	63	0	428	18964	139	0	565	970	0	70	96	281	171	4920	726	6	0	23	41	44	8	0	51	19933	5726
C:\Data\BAS_sjro\ARD1B\XRF data\L000176.spe	352.04	7.73	1	0.018318	-0.005456	0.009515	0.091665	14907	1.14	10	49	0	51	0	40	110	2836	546	0	8	443	21093	84	0	575	784	6	119	181	263	15	4640	717	0	12	0	31	21	64	0	0	20497	5802
C:\Data\BAS_sjro\ARD1B\XRF data\L000177.spe	354.04	7.73	1	0.018318	-0.005489	0.009515	0.091665	13429	1.25	8	32	18	39	12	63	61	1991	375	33	8	333	14506	130	0	426	582	0	66	149	275	0	3617	753	10	0	37	10	66	38	0	16	20304	5904
C:\Data\BAS_sjro\ARD1B\XRF data\L000178.spe	356.04	7.74	1	0.018318	-0.005489	0.009514	0.091656	14044	1.17	0	9	0	47	0	50	41	1373	350	17	14	244	14673	106	0	378	459	0	0	185	317	34	3246	693	0	12	21	60	44	72	84	0	21792	6036
C:\Data\BAS_sjro\ARD1B\XRF data\L000179.spe	358.04	7.76	1	0.018318	-0.005435	0.009512	0.091656	13648	1.19	0	12	0	36	0	79	53	1531	384	16	8	256	15305	120	0	554	494	0	68	126	377	75	3003	761	0	0	0	23	37	76	30	74	20263	5426
C:\Data\BAS_sjro\ARD1B\XRF data\L000180.spe	360.04	7.77	1	0.018317	-0.005435	0.00951	0.091656	10612	1.09	0	30	16	33	15	70	20	952	212	14	15	172	10810	75	0	322	352	0	53	33	213	0	2748	736	10	0	0	38	45	86	12	75	16433	5016
C:\Data\BAS_sjro\ARD1B\XRF data\L000181.spe	362.04	7.78	1	0.018318	-0.005387	0.009508	0.091656	12538	1.07	0	18	12	42	0	71	99	2602	549	21	17	348	19326	166	0	324	592	0	0	117	298	0	3793	696	0	0	27	0	14	26	68	57	16192	5030
C:\Data\BAS_sjro\ARD1B\XRF data\L000182.spe	364.04	7.78	1	0.018317	-0.005387	0.009507	0.091656	13393	1.17	0	15	0	60	5	59	79	2733	530	25	15	385	19536	154	0	513	594	28	139	193	305	97	4486	670	0	0	0	22	0	81	0	72	17352	5445
C:\Data\BAS_sjro\ARD1B\XRF data\L000183.spe	366.04	7.78	1	0.018317	-0.005413	0.009509	0.091666	13136	1.19	0	17	22	36	14	74	48	2583	443	52	13	325	16984	176	4	433	486	0	8	82	257	0	4091	597	16	7	28	64	42	21	58	0	18671	5375
C:\Data\BAS_sjro\ARD1B\XRF data\L000184.spe	368.04	7.79	1	0.018317	-0.005413	0.00951	0.091666	13999	1.17	0	38	14	36	10	46	92	3117	563	36	5	389	21195	207	6	462	617	0	66	124	397	0	4895	919	0	13	5	59	44	66	7	16	18485	5638
C:\Data\BAS_sjro\ARD1B\XRF data\L000185.spe	370.04	7.8	1	0.018317	-0.005445	0.00951	0.09165	11648	1.11	0	5	9	39	5	54	39	1731	325	33	0	250	11315	98	0	303	382	0	76	99	251	67	4662	781	0	0	0	37	26	61	0	0	17799	5299
C:\Data\BAS_sjro\ARD1B\XRF data\L000186.spe	372.04	7.81	1	0.018317	-0.00547	0.009509	0.09165	12605	1.09	0	23	23	48	8	65	62	2543	445	9	7	340	16903	192	11	352	511	0	126	183	361	25	4573	685	10	13	0	52	69	43	0	41	17292	5148
C:\Data\BAS_sjro\ARD1B\XRF data\L000187.spe	374.04	7.81	1	0.018317	-0.005488	0.009511	0.09165	12609	1.15	0	31	37	51	0	26	63	2790	496	11	19	389	19421	130	0	390	499	0	0	166	415	0	4195	621	6	11	0	29	87	60	148	0	16456	5002
C:\Data\BAS_sjro\ARD1B\XRF data\L000188.spe	376.04	7.81	1	0.018317	-0.005511	0.009509	0.09165	13396	1.26	0	14	11	55	0	47	78	3284	627	0	7	412	23224	172	0	337	501	0	135	148	394	6	4322	703	0	0	18	0	33	35	0	119	17127	5238
C:\Data\BAS_sjro\ARD1B\XRF data\L000189.spe	378.04	7.81	1	0.018317	-0.005511	0.009509	0.09165	13494	1.2	0	26	25	53	0	46	84	3312	639	57	0	445	23319	173	9	431	521	0	0	51	371	79	4214	842	0	0	0	9	21	49	97	35	16804	5235
C:\Data\BAS_sjro\ARD1B\XRF data\L000190.spe	380.04	7.81	1	0.018317	-0.005463	0.009509	0.09165	13218	1.22	0	15	22	61	13	73	115	2503	532	45	0	345	22589	183	0	356	448	5	80	53	267	53	3989	827	5	4	21	11	8	17	0	54	17281	5435
C:\Data\BAS_sjro\ARD1B\XRF data\L000191.spe	382.04	7.81	1	0.018317	-0.005423	0.009509	0.09165	14526	1.19	14	31	26	62	9	49	92	2656	550	32	0	358	22096	172	0	450	474	58	72	149	282	0	4460	770	0	0	0	5	0	52	35	45	19502	5741
C:\Data\BAS_sjro\ARD1B\XRF data\L000192.spe	384.04	7.81	1	0.018317	-0.005389	0.009507	0.091642	14194	1.16	4	22	18	36	14	45	76	2776	522	43	9	381	22295	178	0	508	627	0	60	207	341	61	4375	795	4	0	0	80	70	31	54	0	18721	5500
C:\Data\BAS_sjro\ARD1B\XRF data\L000193.spe	386.04	7.8	1	0.018317	-0.005348	0.009505	0.091642	13577	1.15	0	25	36	51	19	50	75	2918	544	44	0	414	23343	197	0	437	487	0	41	166	312	0	3815	649	6	10	56	22	23	80	101	0	17680	4966
C:\Data\BAS_sjro\ARD1B\XRF data\L000194.spe	388.04	7.76	1	0.018318	-0.005348	0.009504	0.091634	12073	1.03	15	24	11	31	0	52	71	2401	545	5	18	314	21488	196	0	315	393	64	36	130	377	73	3160	818	7	9	0	29	0	22	51	92	15311	4938
C:\Data\BAS_sjro\ARD1B\XRF data\L000195.spe	390.04	7.77	1	0.018317	-0.005348	0.009502	0.091625	12225	1.19	0	19	5	26	0	59	67	2679	682	8	0	389	23926	176	0	282	308	34	77	141	279	57	3013	695	0	0	0	27	0	55	0	139	14567	4981
C:\Data\BAS_sjro\ARD1B\XRF data\L000196.spe	392.04	7.77	1	0.018318	-0.005303	0.009502	0.091625	12467	1.15	0	31	14	21	8	56	107	2549	732	21	25	336	25921	200	17	249	243	17	159	86	216	52	3035	775	0	18	0	15	10	48	0	56	14813	5351
C:\Data\BAS_sjro\ARD1B\XRF data\L000197.spe	394.04	7.77	1	0.018318	-0.005307	0.0095	0.091625	12564	1.16	6	20	25	23	9	29	96	2383	763	0	13	348	25265	221	12	170	328	0	71	144	217	30	2991	833	0	0	19	0	11	13	0	83	15312	5261
C:\Data\BAS_sjro\ARD1B\XRF data\L000198.spe	396.04	7.77	1	0.018317	-0.005333	0.009502	0.091625	13291	1.14	0	36	0	28	0	46	116	2489	767	54	6	370	27392	281	25	251	268	0	0	50	188	21	3232	791	0	0	21	0	27	54	0	98	16004	5463
C:\Data\BAS_sjro\ARD1B\XRF data\L000199.spe	398.04	7.77	1	0.018318	-0.005333	0.009502	0.091616	13844	1.15	8	28	20	43	4	42	97	2617	742	39	0	403	27801	207	0	214	251	0	0	61	172	0	3486	811	0	0	0	29	39	26	57	170	16856	5567
C:\Data\BAS_sjro\ARD1B\XRF data\L000200.spe	400.04	7.8	1	0.018318	-0.005333	0.009501	0.091606	13379	1.09	0	27	15	28	14	56	90	2764	626	17	35	437	23170	237	29	347	490	0	0	84	279	0	3301	670	7	24	0	0	0	37	97	0	17023	5416
C:\Data\BAS_sjro\ARD1B\XRF data\L000201.spe	402.04	7.82	1	0.018318	-0.005333	0.009499	0.0916	13268	1.17	19	35	22	47	12	72	96	3008	683	37	16	417	26217	211	28	331	496	0	205	43	120	0	3218	716	0	0	9	32	54	67	0	155	15346	5102
C:\Data\BAS_sjro\ARD1B\XRF data\L000202.spe	404.04	7.82	1	0.018317	-0.005333	0.009501	0.09159	11608	1.18	8	54	9	29	16	73	83	1887	724	9	16	294	23204	249	23	138	302	17	79	71	230	0	2786	659	8	0	36	35	29	41	0	30	14046	5055
C:\Data\BAS_sjro\ARD1B\XRF data\L000203.spe	406.04	7.82	1	0.018317	-0.005333	0.009503	0.091602	13052	1.13	0	11	6	26	15	46	93	2360	710	26	5	371	23829	163	34	306	480	5	20	117	294	31	3447	775	5	0	33	46	13	37	64	33	16630	5461
C:\Data\BAS_sjro\ARD1B\XRF data\L000204.spe	408.04	7.83	1	0.018317	-0.005257	0.009503	0.091602	12453	1.14	0	35	0	33	14	45	87	1930	489	9	0	288	19522	144	0	359	359	43	9	68	267	0	3548	741	0	0	0	29	0	0	35	29	16784	5336
C:\Data\BAS_sjro\ARD1B\XRF data\L000205.spe	410.04	7.91	1	0.018317	-0.005211	0.009505	0.091602	11491	1.15	0	20	10	15	0	65	61	1809	449	12	17	282	17121	174	0	268	401	0	95	49	212	0	3306	743	0	0	0	46	13	57	0	52	15379	4966
C:\Data\BAS_sjro\ARD1B\XRF data\L000206.spe	412.04	7.95	1	0.018317	-0.005235	0.009503	0.091602	10391	1.16	22	23	13	40	5	69	70	1392	369	16	4	198	16059	117	0	456	356	61	0	47	201	29	2938	608	9	0	0	36	0	57	65	0	14401	4504
C:\Data\BAS_sjro\ARD1B\XRF data\L000207.spe	414.04	8	1	0.018317	-0.005254	0.009505	0.091602	9047	1.19	0	11	5	22	0	49	31	928	251	8	8	140	9909	109	13	217	240	0	81	63	152	0	2746	530	0	0	0	16	34	32	0	14	13536	4423
C:\Data\BAS_sjro\ARD1B\XRF data\L000208.spe	416.04	8	0	0.018318	-0.005254	0.009507	0.091608	8239	1.08	6	18	12	28	0	77	45	688	194	9	12	166	7474	100	0	112	285	70	115	22	148	36	2578	666	0	0	16	14	0	34	0	38	12769	4287
C:\Data\BAS_sjro\ARD1B\XRF data\L000209.spe	418.04	8	1	0.018318	-0.005254	0.009505	0.091608	10065	1.08	0	22	0	33	0	59	57	1445	431	0	17	218	15377	154	11	149	379	7	0	79	176	0	2686	774	0	0	45	60	30	23	99	0	13752	4459
C:\Data\BAS_sjro\ARD1B\XRF data\L000210.spe	420.04	8	1	0.018318	-0.005232	0.009504	0.091608	10600	1.07	0	33	0	38	5	79	83	1758	525	12	0	291	18590	144	6	236	445	0	0	16	203	0	2644	663	9	0	41	47	11	58	76	0	13543	4306
C:\Data\BAS_sjro\ARD1B\XRF data\L000211.spe	422.04	8	1	0.018318	-0.005232	0.009502	0.091616	11008	1.23	0	23	20	23	10	55	71	1370	385	11	8	169	16880	119	0	192	344	0	56	146	156	34	2966	668	0	17	22	28	59	7	0	114	15149	4773
C:\Data\BAS_sjro\ARD1B\XRF data\L000212.spe	424.04	8	1	0.018318	-0.005206	0.009502	0.091626	11809	1.16	5	12	0	29	0	41	82	1879	574	9	19	279	22321	155	8	340	339	0	0	123	360	0	3084	573	0	0	14	62	53	71	72	19	14832	4643
C:\Data\BAS_sjro\ARD1B\XRF data\L000213.spe	426.04	8	1	0.018318	-0.005227	0.009503	0.091616	12195	1.16	0	6	0	12	6	30	75	1785	545	22	16	293	20890	214	0	256	273	0	117	106	239	37	3580	736	5	0	5	30	0	10	0	0	16427	5399
C:\Data\BAS_sjro\ARD1B\XRF data\L000214.spe	428.04	8	1	0.018318	-0.005205	0.009503	0.091597	14508	1.13	0	38	16	24	0	31	94	2400	728	45	11	339	27235	211	20	314	294	0	0	117	284	0	4147	837	10	0	8	36	12	35	76	35	18527	5762
C:\Data\BAS_sjro\ARD1B\XRF data\L000215.spe	430.04	8	1	0.018318	-0.005257	0.009505	0.091597	14059	1.16	0	5	5	24	0	35	100	2350	697	19	11	388	26585	240	0	355	359	0	0	159	293	150	4159	751	5	14	36	27	97	61	0	84	17366	5618
C:\Data\BAS_sjro\ARD1B\XRF data\L000216.spe	432.04	8	1	0.018318	-0.005257	0.009507	0.091597	12523	1.21	0	23	0	27	4	74	67	1982	580	39	6	274	20673	184	0	338	310	39	102	131	262	5	3954	821	7	0	5	14	30	50	7	23	16532	5284
C:\Data\BAS_sjro\ARD1B\XRF data\L000217.spe	434.04	8	1	0.018318	-0.005257	0.009509	0.091599	13237	1.13	9	27	8	23	5	53	95	2268	467	0	9	260	21778	194	0	378	309	26	0	131	444	0	4509	821	0	12	0	49	9	77	96	0	17424	5839
C:\Data\BAS_sjro\ARD1B\XRF data\L000218.spe	436.04	8	1	0.018318	-0.005285	0.009508	0.091589	13728	1.16	0	28	8	13	0	46	88	2628	559	50	8	355	23111	195	8	379	407	17	83	0	278	81	4686	836	0	0	0	28	0	80	0	100	18151	5838
C:\Data\BAS_sjro\ARD1B\XRF data\L000219.spe	438.04	8	1	0.018318	-0.005285	0.009506	0.091582	12427	1.12	4	18	12	18	0	44	60	2336	551	0	5	318	19545	165	0	293	328	48	53	172	302	82	4181	901	0	0	27	37	10	26	38	20	16654	5403
C:\Data\BAS_sjro\ARD1B\XRF data\L000220.spe	440.04	8	1	0.018318	-0.005262	0.009505	0.091572	12491	1.15	6	25	0	38	0	44	80	2231	548	0	25	298	19695	139	0	299	407	27	0	103	208	34	4238	764	0	0	0	0	0	12	63	0	16798	5527
C:\Data\BAS_sjro\ARD1B\XRF data\L000221.spe	442.04	8	1	0.018318	-0.005231	0.009503	0.091572	11266	1.18	0	13	0	44	0	72	72	1863	490	0	0	306	17658	130	0	197	335	32	8	43	141	61	4038	575	9	0	0	0	0	19	27	8	15040	5179
C:\Data\BAS_sjro\ARD1B\XRF data\L000222.spe	444.04	8	1	0.018319	-0.005231	0.009502	0.091563	11446	1.1	0	40	17	20	0	56	86	1987	445	22	6	285	16748	102	0	200	302	24	83	125	132	0	3900	731	0	9	0	40	0	0	0	52	15876	5306
C:\Data\BAS_sjro\ARD1B\XRF data\L000223.spe	446.04	8	1	0.018318	-0.005208	0.009503	0.091563	12107	1.18	0	34	0	38	0	81	69	2392	549	0	10	352	19410	101	0	317	351	15	0	93	220	73	3868	635	9	0	0	0	0	22	96	0	16118	5302
C:\Data\BAS_sjro\ARD1B\XRF data\L000224.spe	448.04	8	1	0.018318	-0.005223	0.009505	0.091563	10686	1.14	20	13	13	26	0	51	50	1510	433	25	0	194	15449	172	14	181	273	0	0	71	82	0	3373	810	0	0	20	47	54	30	65	49	14945	4973
C:\Data\BAS_sjro\ARD1B\XRF data\L000225.spe	450.04	8	1	0.018318	-0.005223	0.009506	0.091563	11561	1.2	0	20	9	32	0	73	103	2251	524	33	0	334	19124	185	5	323	341	97	0	32	225	18	3565	729	10	0	0	42	0	55	20	46	15312	4988
C:\Data\BAS_sjro\ARD1B\XRF data\L000226.spe	452.04	8	1	0.018319	-0.005223	0.009505	0.091563	10442	1.13	0	30	35	14	10	69	55	1863	402	33	12	264	15454	121	0	255	348	0	22	17	278	6	3297	666	0	4	0	56	10	38	12	91	14343	4780
C:\Data\BAS_sjro\ARD1B\XRF data\L000227.spe	454.04	8	1	0.018319	-0.005223	0.009503	0.091556	10552	1.12	0	26	0	22	12	61	85	1933	406	8	0	280	14346	114	0	225	320	0	41	18	179	0	3340	640	0	21	36	18	16	22	0	23	14361	4843
C:\Data\BAS_sjro\ARD1B\XRF data\L000228.spe	456.04	8	1	0.018319	-0.005196	0.009503	0.091547	10519	1.1	6	21	0	42	11	58	50	1729	420	18	14	230	14509	169	0	207	287	5	90	81	210	65	3169	781	4	0	4	15	43	39	0	52	14758	4971
C:\Data\BAS_sjro\ARD1B\XRF data\L000229.spe	458.04	7.99	1	0.018319	-0.005176	0.009501	0.091547	10970	1.22	0	9	13	24	0	63	71	1851	465	19	19	300	17082	95	14	234	319	20	22	63	170	38	3215	736	0	0	20	26	35	0	0	0	14860	4906
C:\Data\BAS_sjro\ARD1B\XRF data\L000230.spe	460.04	7.94	1	0.018319	-0.005156	0.009501	0.091547	11520	1.11	0	0	0	36	4	75	59	2175	504	13	22	337	17945	221	0	232	462	0	46	159	209	76	3731	751	0	0	0	61	60	9	0	17	14809	5175
C:\Data\BAS_sjro\ARD1B\XRF data\L000231.spe	462.04	7.91	1	0.018319	-0.00518	0.009503	0.09154	10821	1.13	0	11	0	31	0	81	65	1660	416	23	0	307	15762	103	0	240	447	0	85	46	207	0	3256	778	5	11	0	21	45	40	0	33	14770	4859
C:\Data\BAS_sjro\ARD1B\XRF data\L000232.spe	464.04	7.89	1	0.018319	-0.00521	0.009501	0.09154	11877	1.16	0	7	21	36	0	65	62	1820	487	17	10	297	19724	181	14	200	453	0	9	91	176	24	3362	751	14	0	13	32	41	46	0	91	15654	5151
C:\Data\BAS_sjro\ARD1B\XRF data\L000233.spe	466.04	7.87	1	0.018319	-0.00521	0.0095	0.09154	10969	1.12	0	0	10	24	0	58	45	1412	441	9	0	249	16109	142	21	156	330	32	102	62	183	45	3295	651	0	0	18	37	21	30	0	78	15371	4996
C:\Data\BAS_sjro\ARD1B\XRF data\L000234.spe	468.04	7.84	0	0.018319	-0.00521	0.0095	0.091534	7372	1.1	0	0	7	15	0	82	13	182	44	7	8	31	3417	32	0	68	144	0	40	12	129	16	2705	555	7	0	0	19	8	20	8	40	12735	4348
C:\Data\BAS_sjro\ARD1B\XRF data\L000235.spe	470.04	7.81	1	0.018319	-0.005183	0.0095	0.09153	8888	1.22	0	12	0	10	0	55	28	666	196	20	0	121	9929	104	0	145	208	0	92	24	104	55	2810	707	0	0	0	24	66	69	0	0	13284	4640
C:\Data\BAS_sjro\ARD1B\XRF data\L000236.spe	472.04	7.77	1	0.018319	-0.005183	0.009499	0.09153	9404	1.04	0	10	8	32	0	56	17	889	230	4	6	176	8858	100	0	157	244	15	56	70	195	139	3205	635	0	5	0	7	5	35	5	33	14298	5028
C:\Data\BAS_sjro\ARD1B\XRF data\L000237.spe	474.04	7.79	1	0.018318	-0.005216	0.0095	0.09153	9539	1.18	0	9	0	18	4	77	21	725	171	10	7	112	8247	115	0	133	240	12	54	64	178	39	3586	807	7	0	0	24	0	32	0	43	14669	5045
C:\Data\BAS_sjro\ARD1B\XRF data\L000238.spe	476.04	7.75	1	0.018318	-0.005185	0.0095	0.09153	11603	1.06	5	25	5	27	0	63	81	2237	522	26	5	368	20287	181	11	290	377	74	34	48	305	74	3463	703	0	0	5	37	11	84	40	112	14388	4856
C:\Data\BAS_sjro\ARD1B\XRF data\L000239.spe	478.04	7.72	1	0.018318	-0.005155	0.0095	0.09153	11961	1.15	7	15	11	33	0	61	99	2396	628	21	16	371	21553	201	0	197	426	16	140	117	121	58	3557	809	0	11	72	0	0	0	0	83	14833	5261
C:\Data\BAS_sjro\ARD1B\XRF data\L000240.spe	480.04	7.72	1	0.018318	-0.005155	0.009498	0.091538	12888	1.18	0	26	16	41	0	55	68	2378	631	26	9	408	21187	212	7	223	428	38	9	110	189	67	4165	752	0	0	0	28	0	0	41	74	16870	5646
C:\Data\BAS_sjro\ARD1B\XRF data\L000241.spe	482.04	7.73	1	0.018318	-0.005122	0.009497	0.091538	11959	1.22	0	11	14	35	0	72	52	1871	504	0	0	318	17194	166	0	341	502	23	94	125	295	49	3824	851	0	10	0	53	11	57	0	49	16327	5563
C:\Data\BAS_sjro\ARD1B\XRF data\L000242.spe	484.04	7.74	1	0.018318	-0.005122	0.009495	0.091538	12230	1.19	0	21	12	38	14	62	89	2221	600	8	14	381	21315	185	0	247	461	5	71	95	264	90	3752	632	0	0	0	5	30	23	0	92	15165	5042
C:\Data\BAS_sjro\ARD1B\XRF data\L000243.spe	486.04	7.72	1	0.018318	-0.005122	0.009497	0.091538	11911	1.23	0	0	5	25	6	68	80	2159	583	29	4	363	20019	179	6	205	387	30	46	65	170	100	3586	859	0	14	0	0	0	58	0	94	15131	5175
C:\Data\BAS_sjro\ARD1B\XRF data\L000244.spe	488.04	7.73	1	0.018318	-0.005122	0.009499	0.091538	11790	1.13	0	30	4	25	0	53	65	2156	524	31	17	353	19983	164	0	237	418	0	94	63	174	0	3384	664	0	0	0	25	44	54	0	31	15580	5112
C:\Data\BAS_sjro\ARD1B\XRF data\L000245.spe	490.04	7.7	1	0.018318	-0.005122	0.0095	0.091538	12180	1.18	0	25	14	30	10	58	85	2149	492	21	5	378	19020	114	20	206	340	32	83	91	227	0	3629	847	0	21	0	19	0	0	6	72	15807	5314
C:\Data\BAS_sjro\ARD1B\XRF data\L000246.spe	492.04	7.69	1	0.018317	-0.005122	0.009502	0.091538	11170	1.26	0	22	18	27	0	71	74	2081	494	19	0	324	16082	114	24	281	360	0	0	89	279	34	3379	750	0	0	30	15	59	0	31	0	15084	4984
C:\Data\BAS_sjro\ARD1B\XRF data\L000247.spe	494.04	7.63	1	0.018318	-0.005122	0.009504	0.09153	12537	1.14	0	42	29	19	10	53	104	2634	739	41	6	349	23657	168	0	208	311	0	23	53	292	0	3480	817	0	0	15	13	44	0	12	20	15353	5306
C:\Data\BAS_sjro\ARD1B\XRF data\L000248.spe	496.04	7.6	1	0.018317	-0.005156	0.009502	0.091522	12768	1.22	0	19	10	47	0	81	120	2905	783	22	6	393	24671	156	0	182	357	75	0	91	148	115	3347	824	0	0	19	54	0	0	184	11	15609	5324
C:\Data\BAS_sjro\ARD1B\XRF data\L000249.spe	498.04	7.61	1	0.018317	-0.005156	0.009501	0.091522	12245	1.06	7	36	12	37	0	34	53	2099	607	12	0	290	20659	206	0	145	268	0	27	149	247	0	3285	823	0	0	26	24	43	31	54	0	16352	5346
C:\Data\BAS_sjro\ARD1B\XRF data\L000250.spe	500.04	7.6	1	0.018317	-0.005156	0.009499	0.091514	13330	1.19	14	27	6	55	9	59	78	2242	540	29	6	366	21566	150	0	351	399	0	72	55	361	30	3390	658	8	10	0	24	57	5	0	102	17748	5475
C:\Data\BAS_sjro\ARD1B\XRF data\L000251.spe	502.04	7.59	1	0.018317	-0.005156	0.009497	0.091514	13819	1.21	7	19	25	73	10	61	60	2432	532	11	0	418	21281	159	0	344	513	0	129	126	296	104	3766	740	10	0	7	0	47	62	0	89	19350	5650
C:\Data\BAS_sjro\ARD1B\XRF data\L000252.spe	504.04	7.6	1	0.018317	-0.005174	0.009498	0.091514	12575	1.08	0	22	16	24	0	76	32	1802	329	7	13	297	16685	132	0	392	424	0	21	71	312	30	3171	632	0	0	0	29	61	74	9	0	18279	5250
C:\Data\BAS_sjro\ARD1B\XRF data\L000253.spe	506.04	7.59	1	0.018317	-0.005174	0.009496	0.091514	13537	1.09	0	10	15	69	10	61	57	2325	503	24	14	353	21296	197	21	308	478	0	0	47	315	26	3552	742	7	14	0	28	52	69	107	28	19073	5490
C:\Data\BAS_sjro\ARD1B\XRF data\L000254.spe	508.04	7.58	1	0.018317	-0.005174	0.009496	0.091489	14187	1.09	0	33	0	63	13	66	86	2525	662	33	15	376	24974	143	9	311	509	0	104	170	326	80	3547	715	0	5	0	47	42	34	0	29	18607	5422
C:\Data\BAS_sjro\ARD1B\XRF data\L000255.spe	510.04	7.58	1	0.018317	-0.005174	0.009494	0.09148	13721	1.17	0	30	14	60	0	59	111	2644	703	9	18	428	25144	219	0	333	516	0	7	148	263	94	3388	772	0	0	15	11	22	35	39	69	17773	5385
C:\Data\BAS_sjro\ARD1B\XRF data\L000256.spe	512.04	7.57	1	0.018317	-0.005085	0.009494	0.09148	13664	1.17	8	22	22	71	7	55	95	2610	700	35	0	378	28401	177	18	320	392	0	22	100	179	0	3160	637	0	0	11	52	91	42	15	91	16649	5301
C:\Data\BAS_sjro\ARD1B\XRF data\L000257.spe	514.04	7.59	1	0.018317	-0.005066	0.009493	0.09148	12642	1.2	0	17	0	70	5	56	78	2146	532	32	24	314	23554	187	0	218	464	0	13	144	260	0	3090	688	9	0	49	9	19	10	46	0	16097	4961
C:\Data\BAS_sjro\ARD1B\XRF data\L000258.spe	516.04	7.62	1	0.018317	-0.005066	0.009491	0.09148	12044	1.17	15	34	24	58	4	67	47	1947	497	37	0	299	20966	205	0	228	376	28	86	142	212	0	2892	570	0	0	13	23	4	51	0	42	16035	4886
C:\Data\BAS_sjro\ARD1B\XRF data\L000259.spe	518.04	7.63	1	0.018317	-0.005011	0.009491	0.09148	12036	1.11	0	38	16	41	0	63	71	2077	546	39	19	326	20649	230	9	230	332	0	35	55	175	0	3125	604	7	0	0	32	19	41	0	0	15767	4955
C:\Data\BAS_sjro\ARD1B\XRF data\L000260.spe	520.04	7.66	1	0.018317	-0.005039	0.009491	0.09148	11928	1.17	0	27	17	39	0	70	76	2091	580	70	6	339	21258	221	0	240	410	0	93	73	286	75	2710	802	0	0	0	76	55	57	0	21	15661	4614
C:\Data\BAS_sjro\ARD1B\XRF data\L000261.spe	522.04	7.67	1	0.018317	-0.005074	0.009491	0.09148	12046	1.23	0	9	14	25	0	60	74	1763	554	23	23	292	20921	150	0	249	397	0	133	85	239	0	2586	815	0	0	29	45	53	5	0	0	16137	5003
C:\Data\BAS_sjro\ARD1B\XRF data\L000262.spe	524.04	7.68	1	0.018318	-0.005074	0.009489	0.09148	12644	1.16	0	15	0	37	7	70	73	1908	603	4	8	274	23812	196	0	214	292	25	0	113	225	20	2839	560	0	0	0	38	21	32	26	64	16056	5031
C:\Data\BAS_sjro\ARD1B\XRF data\L000263.spe	526.04	7.68	1	0.018318	-0.005074	0.009488	0.091488	13524	1.12	0	23	38	17	12	52	75	2188	529	41	0	308	25216	219	0	234	284	0	0	88	231	0	3468	677	0	5	35	37	13	48	92	0	17449	5412
C:\Data\BAS_sjro\ARD1B\XRF data\L000264.spe	528.04	7.68	1	0.018318	-0.005074	0.009486	0.091495	12603	1.27	0	0	32	41	0	66	46	1563	408	16	0	205	17137	132	0	286	332	36	86	174	222	80	3076	657	0	0	10	4	10	0	0	0	18766	5430
C:\Data\BAS_sjro\ARD1B\XRF data\L000265.spe	530.04	7.69	1	0.018318	-0.0051	0.009486	0.091495	14216	1.04	0	24	25	25	0	57	53	1730	415	11	6	265	19606	162	0	357	316	19	46	120	466	34	3586	873	0	15	0	42	0	111	0	23	21244	5891
C:\Data\BAS_sjro\ARD1B\XRF data\L000266.spe	532.04	7.7	1	0.018318	-0.00507	0.009486	0.091495	14085	1.2	0	32	13	40	10	47	54	2713	422	28	0	346	18390	153	0	509	478	0	148	162	548	0	4135	666	0	0	0	0	57	51	0	117	20275	5707
C:\Data\BAS_sjro\ARD1B\XRF data\L000267.spe	534.04	7.71	1	0.018317	-0.00507	0.009485	0.091495	14830	1.04	0	26	12	53	12	40	82	2830	581	39	0	346	23268	146	0	436	460	38	63	96	388	0	4149	629	5	0	14	27	0	0	16	0	20313	5720
C:\Data\BAS_sjro\ARD1B\XRF data\L000268.spe	536.04	7.71	1	0.018317	-0.00507	0.009483	0.091495	14055	1.14	0	7	13	41	0	53	61	2604	467	32	0	338	23282	205	16	418	464	0	0	98	472	87	3587	779	0	0	0	38	6	65	137	0	19017	5340
C:\Data\BAS_sjro\ARD1B\XRF data\L000269.spe	538.04	7.7	1	0.018317	-0.00507	0.009482	0.091489	12755	1.11	0	31	6	24	0	59	53	2191	445	21	7	292	20681	160	0	271	311	0	81	125	291	0	3312	800	0	7	13	34	22	9	0	22	17106	5324
C:\Data\BAS_sjro\ARD1B\XRF data\L000270.spe	540.04	7.68	1	0.018317	-0.005102	0.009483	0.091489	12682	1.17	0	29	8	44	0	36	57	2294	477	0	26	295	19740	130	0	299	332	0	0	146	277	0	3449	728	0	0	5	0	56	8	70	23	17540	5257
C:\Data\BAS_sjro\ARD1B\XRF data\L000271.spe	542.04	7.69	1	0.018317	-0.005102	0.009482	0.091496	12163	1.14	0	0	18	25	4	66	55	1900	439	16	14	269	19583	143	12	222	310	0	91	165	248	0	3156	655	0	0	58	67	57	0	0	0	16572	5090
C:\Data\BAS_sjro\ARD1B\XRF data\L000272.spe	544.04	7.69	1	0.018317	-0.005129	0.009482	0.091496	13294	1.18	0	13	0	13	0	73	48	2062	495	7	17	280	22344	205	0	377	291	64	0	77	259	0	3445	699	0	12	0	22	0	58	83	18	17996	5316
C:\Data\BAS_sjro\ARD1B\XRF data\L000273.spe	546.04	7.68	1	0.018317	-0.005129	0.009482	0.091507	13398	1.17	6	20	24	27	13	52	65	2121	560	10	7	309	19339	153	0	274	347	0	0	163	307	0	3108	653	0	0	45	62	13	0	43	77	19412	5308
C:\Data\BAS_sjro\ARD1B\XRF data\L000274.spe	548.04	7.68	1	0.018317	-0.005159	0.009482	0.091507	13058	1.05	27	28	34	33	11	74	52	2312	494	0	23	307	18733	183	0	249	343	0	92	72	248	0	3091	594	0	16	72	0	35	12	0	25	18238	5411
C:\Data\BAS_sjro\ARD1B\XRF data\L000275.spe	550.04	7.66	1	0.018317	-0.005159	0.009481	0.091514	13405	1.16	6	19	11	60	0	45	66	2516	488	38	17	358	19007	142	22	399	527	7	168	99	302	0	3409	761	0	0	5	43	61	0	0	0	18653	5565
C:\Data\BAS_sjro\ARD1B\XRF data\L000276.spe	552.04	7.64	1	0.018317	-0.005128	0.009479	0.091514	13794	1.21	0	32	7	21	9	51	55	2397	454	7	12	349	18495	123	36	339	503	30	224	110	318	0	3969	802	10	0	36	37	30	0	0	108	19898	5759
C:\Data\BAS_sjro\ARD1B\XRF data\L000277.spe	554.04	7.62	1	0.018317	-0.005128	0.009477	0.09152	14862	1.18	0	36	0	52	0	59	82	2433	556	36	10	408	21245	200	8	458	491	74	61	100	444	7	4196	825	0	0	0	51	0	15	54	47	21118	5965
C:\Data\BAS_sjro\ARD1B\XRF data\L000278.spe	556.04	7.55	1	0.018317	-0.005128	0.009476	0.09152	15850	1.11	0	21	14	35	0	15	73	2691	523	18	0	435	22670	195	0	410	587	5	88	153	373	51	4224	744	0	25	0	42	10	66	23	0	21978	6338
C:\Data\BAS_sjro\ARD1B\XRF data\L000279.spe	558.04	7.52	1	0.018317	-0.005128	0.009477	0.091504	15556	1.13	13	17	0	66	0	40	88	2899	561	21	0	397	21900	124	27	435	655	0	130	137	419	129	3857	695	0	11	50	29	37	36	0	20	22420	6299
C:\Data\BAS_sjro\ARD1B\XRF data\L000280.spe	560.04	7.52	1	0.018317	-0.005083	0.009477	0.091504	14824	1.15	8	30	11	94	10	39	93	2774	576	46	4	370	23933	154	9	452	478	0	45	194	420	0	3943	729	7	0	0	49	20	35	40	76	20065	5764
C:\Data\BAS_sjro\ARD1B\XRF data\L000281.spe	562.04	7.53	1	0.018317	-0.005118	0.009476	0.091504	12975	1.22	0	23	20	42	0	44	66	2578	572	0	28	370	20619	162	11	371	461	0	77	97	468	110	3938	655	0	7	0	44	102	49	6	81	17181	4977
C:\Data\BAS_sjro\ARD1B\XRF data\L000282.spe	564.04	7.53	1	0.018317	-0.005118	0.009474	0.091504	10210	1.27	0	15	14	13	0	44	23	1395	298	16	6	206	12040	102	0	188	210	6	0	78	301	0	2981	630	0	0	0	36	0	25	22	0	15200	4668
C:\Data\BAS_sjro\ARD1B\XRF data\L000283.spe	566.04	7.53	1	0.018317	-0.005139	0.009474	0.091511	13767	1.23	5	33	24	50	0	66	59	2742	581	21	5	428	22944	194	0	414	400	68	115	184	319	48	3618	662	0	0	0	35	0	55	0	65	18214	5443
C:\Data\BAS_sjro\ARD1B\XRF data\L000284.spe	568.04	7.55	1	0.018317	-0.005139	0.009472	0.091511	13839	1.16	15	41	34	59	0	57	66	2828	660	43	0	388	23612	199	0	292	367	38	179	104	438	0	3638	771	0	0	38	22	14	0	0	19	18515	5655
C:\Data\BAS_sjro\ARD1B\XRF data\L000285.spe	570.04	7.55	1	0.018318	-0.005139	0.009471	0.091504	13654	1.08	0	9	19	49	7	53	87	2769	558	35	0	369	22272	187	0	305	333	0	18	118	271	145	3756	746	8	0	0	0	0	85	58	18	18408	5430
C:\Data\BAS_sjro\ARD1B\XRF data\L000286.spe	572.04	7.55	1	0.018317	-0.005139	0.009469	0.091504	13963	1.2	0	27	7	54	6	55	88	2768	604	31	0	324	26523	252	0	296	275	0	35	106	310	54	3453	702	0	0	0	5	0	62	34	77	17955	5322
C:\Data\BAS_sjro\ARD1B\XRF data\L000287.spe	574.04	7.55	1	0.018318	-0.005163	0.009469	0.091514	13755	1.18	0	47	12	44	0	57	102	2940	661	0	14	341	27152	259	0	307	408	34	38	154	310	157	3408	862	0	4	56	48	17	0	76	34	16836	5149
C:\Data\BAS_sjro\ARD1B\XRF data\L000288.spe	576.04	7.63	1	0.018318	-0.005182	0.009471	0.091514	10998	1.07	5	11	16	48	9	43	68	2043	414	23	0	310	15290	149	0	236	359	63	72	58	260	0	2968	587	0	11	0	50	0	58	0	0	15507	4878
C:\Data\BAS_sjro\ARD1B\XRF data\L000289.spe	578.04	7.64	1	0.018318	-0.005182	0.009473	0.091521	11805	1.14	0	21	9	31	0	72	70	2240	472	15	19	322	17067	159	0	213	432	0	160	72	225	0	3176	677	0	16	35	5	28	17	0	0	16284	5108
C:\Data\BAS_sjro\ARD1B\XRF data\L000290.spe	580.04	7.64	1	0.018317	-0.005149	0.009474	0.091521	11257	1.19	0	12	5	37	0	54	59	2448	517	24	5	327	18454	105	0	293	364	19	91	50	263	21	2787	527	0	12	0	79	54	79	0	25	14510	4478
C:\Data\BAS_sjro\ARD1B\XRF data\L000291.spe	582.04	7.65	1	0.018317	-0.005149	0.009475	0.091521	9536	1.06	0	13	14	33	7	83	70	1793	396	0	0	224	16605	165	0	209	189	0	46	126	170	0	2328	626	0	0	23	23	0	16	19	0	12465	3977
C:\Data\BAS_sjro\ARD1B\XRF data\L000292.spe	584.04	7.65	1	0.018317	-0.00513	0.009477	0.091521	11316	1.1	0	17	0	39	17	40	66	2184	481	21	21	274	19479	200	0	257	270	42	107	189	247	0	3008	609	0	0	13	15	8	0	0	0	14430	4705
C:\Data\BAS_sjro\ARD1B\XRF data\L000293.spe	586.04	7.66	1	0.018317	-0.005109	0.009479	0.091521	12360	1.24	11	19	22	58	20	52	74	2261	593	15	17	270	22976	157	10	229	236	0	67	108	241	0	3103	728	13	0	43	74	23	8	51	21	15564	4807
C:\Data\BAS_sjro\ARD1B\XRF data\L000294.spe	588.04	7.66	1	0.018317	-0.005109	0.00948	0.091509	13084	1.17	0	24	11	34	21	49	82	2746	702	38	37	357	27332	231	0	255	287	41	16	90	282	70	3003	688	6	0	0	18	19	50	67	35	16027	5067
C:\Data\BAS_sjro\ARD1B\XRF data\L000295.spe	590.04	7.67	1	0.018317	-0.005078	0.009482	0.091509	13079	1.14	0	43	24	47	0	50	55	2536	648	39	0	341	26155	182	7	284	283	26	30	136	275	0	3022	806	0	7	38	45	0	0	44	0	16580	5242
C:\Data\BAS_sjro\ARD1B\XRF data\L000296.spe	592.04	7.69	1	0.018317	-0.005078	0.009483	0.091509	13329	1.21	5	41	26	64	9	58	102	2653	631	50	22	362	26129	275	5	290	296	0	62	66	215	0	3072	747	9	15	27	6	16	62	33	48	16570	5383
C:\Data\BAS_sjro\ARD1B\XRF data\L000297.spe	594.04	7.7	1	0.018317	-0.005104	0.009482	0.091516	13296	1.23	0	17	29	38	8	49	89	2907	692	34	0	390	26423	150	0	214	308	0	31	126	288	56	3268	679	5	0	42	41	34	18	26	61	16207	5152
C:\Data\BAS_sjro\ARD1B\XRF data\L000298.spe	596.04	7.7	1	0.018316	-0.005072	0.00948	0.091516	13466	1.17	0	45	19	54	15	35	88	3122	644	29	15	419	26611	245	17	292	361	31	63	0	312	38	3543	664	14	5	0	43	29	108	44	28	16149	5027
C:\Data\BAS_sjro\ARD1B\XRF data\L000299.spe	598.04	7.7	1	0.018317	-0.00499	0.00948	0.091516	13952	1.17	0	36	24	35	10	50	107	3182	675	0	10	432	29349	170	9	359	336	10	38	163	308	0	3545	883	0	10	0	39	34	62	6	21	16889	5323
C:\Data\BAS_sjro\ARD1B\XRF data\L000300.spe	600.04	7.7	1	0.018316	-0.00499	0.009482	0.091516	13710	1.18	0	36	29	47	10	26	111	3484	652	33	0	480	25201	231	0	391	468	0	0	141	346	28	3920	820	0	0	38	36	50	13	81	60	17036	5433
C:\Data\BAS_sjro\ARD1B\XRF data\L000301.spe	602.04	7.72	1	0.018316	-0.005017	0.00948	0.091516	13158	1.16	0	24	5	55	0	36	116	3264	636	27	22	452	25832	209	21	315	430	0	10	83	258	13	3290	669	0	18	24	10	78	38	57	47	15765	5164
C:\Data\BAS_sjro\ARD1B\XRF data\L000302.spe	604.04	7.73	1	0.018316	-0.005017	0.009479	0.091524	12913	1.13	7	21	9	41	5	65	99	2731	769	27	17	367	24698	209	0	279	333	37	0	77	180	0	3085	761	0	0	0	28	0	66	59	13	15842	5112
C:\Data\BAS_sjro\ARD1B\XRF data\L000303.spe	606.04	7.72	1	0.018316	-0.005017	0.009477	0.091524	13175	1.24	7	19	15	32	7	53	106	3015	786	44	16	426	28062	204	0	191	220	9	30	60	148	0	2934	614	0	0	0	29	0	13	31	27	15787	5261
C:\Data\BAS_sjro\ARD1B\XRF data\L000304.spe	608.04	7.73	1	0.018316	-0.005019	0.009477	0.091524	12865	1.13	13	22	26	28	8	86	94	2552	620	27	4	348	22757	239	5	245	236	66	42	29	215	73	2966	730	6	8	0	13	0	50	0	106	16914	5351
C:\Data\BAS_sjro\ARD1B\XRF data\L000305.spe	610.04	7.73	1	0.018316	-0.00499	0.009477	0.091524	12250	1.06	0	14	11	28	0	76	73	2375	602	23	17	370	21846	214	0	250	313	0	5	113	131	0	2667	617	0	0	40	25	57	16	46	55	15754	4893
C:\Data\BAS_sjro\ARD1B\XRF data\L000306.spe	612.04	7.74	1	0.018316	-0.004968	0.009475	0.091524	11734	1.25	7	36	23	44	11	66	60	2231	636	36	21	296	22844	136	0	176	212	15	83	107	203	0	2446	717	0	12	0	42	38	34	0	81	14484	4810
C:\Data\BAS_sjro\ARD1B\XRF data\L000307.spe	614.04	7.73	1	0.018316	-0.004927	0.009475	0.091524	11544	1.2	0	27	19	28	18	78	61	1825	534	32	17	261	20681	163	39	195	254	0	122	96	188	54	2482	527	0	5	33	38	91	52	5	90	15109	4988
C:\Data\BAS_sjro\ARD1B\XRF data\L000308.spe	616.04	7.72	1	0.018316	-0.004901	0.009475	0.091533	11225	1.17	5	14	12	13	12	69	52	1698	535	21	15	254	20721	134	0	143	153	87	93	85	187	66	2201	729	5	0	0	0	0	44	0	110	15143	4994
C:\Data\BAS_sjro\ARD1B\XRF data\L000309.spe	618.04	7.68	1	0.018317	-0.004901	0.009475	0.091543	11684	1.05	0	29	16	26	0	53	90	2019	744	50	5	294	24014	226	0	148	172	0	53	120	195	0	2208	632	6	0	17	11	51	0	0	0	14543	4965
C:\Data\BAS_sjro\ARD1B\XRF data\L000310.spe	620.04	7.68	1	0.018317	-0.004901	0.009473	0.091543	12020	1.08	0	35	7	59	0	57	111	2275	772	20	21	368	26578	282	0	131	190	26	32	0	147	0	2024	801	6	0	11	29	16	0	6	0	14289	4929
C:\Data\BAS_sjro\ARD1B\XRF data\L000311.spe	622.04	7.67	1	0.018316	-0.004933	0.009476	0.091543	12172	1.14	7	33	4	46	6	58	91	2228	774	41	7	338	26001	204	0	113	172	42	40	75	88	0	2059	695	0	0	30	44	22	8	0	50	14506	5124
C:\Data\BAS_sjro\ARD1B\XRF data\L000312.spe	624.04	7.67	1	0.018316	-0.004933	0.009478	0.091543	11894	1.1	7	26	0	24	0	65	109	2143	820	60	0	315	26867	219	35	120	161	32	146	116	144	9	1968	692	0	0	20	34	28	18	0	74	13886	4867
C:\Data\BAS_sjro\ARD1B\XRF data\L000313.spe	626.04	7.67	1	0.018316	-0.004912	0.009479	0.091543	11988	1.11	0	24	0	38	9	43	114	2233	837	19	5	351	28107	207	26	122	138	0	166	30	168	69	1942	871	0	0	10	26	32	35	0	77	13608	4982
C:\Data\BAS_sjro\ARD1B\XRF data\L000314.spe	628.04	7.67	1	0.018316	-0.004891	0.009481	0.091553	12038	1.11	0	36	4	28	10	52	109	2435	909	5	38	313	29230	272	10	118	173	7	46	82	66	91	1993	825	5	0	4	46	53	0	6	78	13232	4843
C:\Data\BAS_sjro\ARD1B\XRF data\L000315.spe	630.04	7.68	1	0.018316	-0.004838	0.009481	0.091553	12619	1.22	15	52	20	30	23	58	120	2550	908	33	17	379	30533	266	17	106	197	0	87	9	161	0	2162	727	0	0	32	27	35	41	0	82	14026	5106
C:\Data\BAS_sjro\ARD1B\XRF data\L000316.spe	632.04	7.65	1	0.018316	-0.004792	0.009481	0.091553	12265	1.16	13	46	9	36	21	70	85	2298	897	0	24	363	28348	242	0	160	166	78	65	12	138	0	2094	740	0	0	0	80	0	28	0	60	14301	5150
C:\Data\BAS_sjro\ARD1B\XRF data\L000317.spe	634.04	7.65	1	0.018316	-0.004792	0.009482	0.091553	12392	1.23	0	29	5	50	0	47	70	2238	901	29	0	374	28237	260	16	134	185	104	52	113	202	12	2140	756	0	0	0	31	25	44	10	0	14134	4876
C:\Data\BAS_sjro\ARD1B\XRF data\L000318.spe	636.04	7.64	1	0.018316	-0.004792	0.009484	0.091553	11901	1.13	0	24	0	13	7	49	78	2151	853	32	25	357	27401	254	0	113	172	0	52	97	98	45	1820	652	0	0	8	49	42	53	0	86	13489	4982
C:\Data\BAS_sjro\ARD1B\XRF data\L000319.spe	638.2	7.62	0	0.018317	-0.004771	0.009484	0.091553	7218	1.08	10	0	14	8	7	76	22	265	149	0	0	43	6039	60	0	35	71	83	35	76	71	0	1411	711	0	6	16	22	0	19	30	29	11789	4393
C:\Data\BAS_sjro\ARD1B\XRF data\L000320.spe	640.04	7.59	0	0.018317	-0.004741	0.009485	0.091559	5845	1.03	0	0	0	6	0	84	0	0	0	0	0	7	608	12	0	14	34	12	40	24	27	83	1294	672	0	0	0	10	0	23	0	0	10244	4086
C:\Data\BAS_sjro\ARD1B\XRF data\L000321.spe	642.1	7.59	0	0.018317	-0.004711	0.009486	0.091565	5552	0.98	12	0	9	9	0	75	0	7	0	0	0	0	220	21	0	11	17	0	0	0	5	36	1205	489	0	0	0	13	28	26	48	0	10191	4058
C:\Data\BAS_sjro\ARD1B\XRF data\L000322.spe	644.04	7.76	0	0.018317	-0.004711	0.009488	0.091573	4845	0.98	0	14	0	0	0	61	0	0	4	0	0	0	152	0	0	9	15	0	0	0	57	0	1141	498	0	0	13	11	17	18	31	0	8607	3546
C:\Data\BAS_sjro\ARD1B\XRF data\L000323.spe	646.2	7.89	0	0.018317	-0.004686	0.009488	0.091581	4477	0.92	9	0	0	7	0	83	0	0	5	0	0	0	116	9	0	6	8	28	9	7	25	42	1045	654	0	0	0	8	0	0	5	0	8150	3301
C:\Data\BAS_sjro\ARD1B\XRF data\L000324.spe	648.1	7.92	0	0.018317	-0.004717	0.009488	0.091571	5297	1.04	0	14	12	17	39	79	5	10	0	0	0	0	157	11	0	0	32	7	0	0	0	0	1050	624	0	0	19	16	25	20	48	0	9852	3868
C:\Data\BAS_sjro\ARD1B\XRF data\L000325.spe	650.2	7.97	0	0.018318	-0.004746	0.009488	0.091571	4734	1.35	6	0	0	9	1106	87	4	25	6	0	0	14	198	16	0	9	140	32	0	8	0	0	177	450	0	0	6	0	0	0	224	0	8975	2386