0
0.02
0.04
0.06
0.08
0.1
0.12
0.14
0.16
0.18
0.2
0.22
0.24
0.26
0.28
0.3
0.32
0.34
0.36
0.38
0.4
0.42
0.44
0.46
0.48
0.5
0.52
0.54
0.56
0.58
0.6
0.62
0.64
0.66
0.68
0.7
0.72
0.74
0.76
0.78
0.8
0.82
0.84
0.86
0.88
0.9
0.92
0.94
0.96
0.98
1
1.02
1.04
1.06
1.08
1.1
1.12
1.14
1.16
1.18
1.2
1.22
1.24
1.26
1.28
1.3
1.32
1.34
1.36
1.38
1.4
1.42
1.44
1.46
1.48
1.5
1.52
1.54
1.56
1.58
1.6
1.62
1.64
1.66
1.68
1.7
1.72
1.74
1.76
1.78
1.8
1.82
1.84
1.86
1.88
1.9
1.92
1.94
1.96
1.98
2
2.02
2.04
2.06
2.08
2.1
2.12
2.14
2.16
2.18
2.2
2.22
2.24
2.26
2.28
2.3
2.32
2.34
2.36
2.38
2.4
2.42
2.44
2.46
2.48
2.5
2.52
2.54
2.56
2.58
2.6
2.62
2.64
2.66
2.68
2.7
2.72
2.74
2.76
2.78
2.8
2.82
2.84
2.86
2.88
2.9
2.92
2.94
2.96
2.98
3
3.02
3.04
3.06
3.08
3.1
3.12
3.14
3.16
3.18
3.2
3.22
3.24
3.26
3.28
3.3
3.32
3.34
3.36
3.38
3.4
3.42
3.44
3.46
3.48
3.5
3.52
3.54
3.56
3.58
3.6
3.62
3.64
3.66
3.68
3.7
3.72
3.74
3.76
3.78
3.8
3.82
3.84
3.86
3.88
3.9
3.92
3.94
3.96
3.98
4
4.02
4.04
4.06
4.08
4.1
4.12
4.14
4.16
4.18
4.2
4.22
4.24
4.26
4.28
4.3
4.32
4.34
4.36
4.38
4.4
4.42
4.44
4.46
4.48
4.5
4.52
4.54
4.56
4.58
4.6
4.62
4.64
4.66
4.68
4.7
4.72
4.74
4.76
4.78
4.8
4.82
4.84
4.86
4.88
4.9
4.92
4.94
4.96
4.98
5
5.02
5.04
5.06
5.08
5.1
5.12
5.14
5.16
5.18
5.2
5.22
5.24
5.26
5.28
5.3
5.32
5.34
5.36
5.38
5.4
5.42
5.44
5.46
5.48
5.5
5.52
5.54
5.56
5.58
5.6
5.62
5.64
5.66
5.68
5.7
5.72
5.74
5.76
5.78
5.8
5.82
5.84
5.86
5.88
5.9
5.92
5.94
5.96
5.98
6
6.02
6.04
6.06
6.08
6.1
6.12
6.14
6.16
6.18
6.2
6.22
6.24
6.26
6.28
6.3
6.32
6.34
6.36
6.38
6.4
6.42
6.44
6.46
6.48
6.5
6.52
6.54
6.56
6.58
6.6
6.62
6.64
6.66
6.68
6.7
6.72
6.74
6.76
6.78
6.8
6.82
6.84
6.86
6.88
6.9
6.92
6.94
6.96
6.98
7
7.02
7.04
7.06
7.08
7.1
7.12
7.14
7.16
7.18
7.2
7.22
7.24
7.26
7.28
7.3
7.32
7.34
7.36
7.38
7.4
7.42
7.44
7.46
7.48
7.5
7.52
7.54
7.56
7.58
7.6
7.62
7.64
7.66
7.68
7.7
7.72
7.74
7.76
7.78
7.8
7.82
7.84
7.86
7.88
7.9
7.92
7.94
7.96
7.98
8
8.02
8.04
8.06
8.08
8.1
8.12
8.14
8.16
8.18
8.2
8.22
8.24
8.26
8.28
8.3
8.32
8.34
8.36
8.38
8.4
8.42
8.44
8.46
8.48
8.5
8.52
8.54
8.56
8.58
8.6
8.62
8.64
8.66
8.68
8.7
8.72
8.74
8.76
8.78
8.8
8.82
8.84
8.86
8.88
8.9
8.92
8.94
8.96
8.98
9
9.02
9.04
9.06
9.08
9.1
9.12
9.14
9.16
9.18
9.2
9.22
9.24
9.26
9.28
9.3
9.32
9.34
9.36
9.38
9.4
9.42
9.44
9.46
9.48
9.5
9.52
9.54
9.56
9.58
9.6
9.62
9.64
9.66
9.68
9.7
9.72
9.74
9.76
9.78
9.8
9.82
9.84
9.86
9.88
9.9
9.92
9.94
9.96
9.98
10
10.02
10.04
10.06
10.08
10.1
10.12
10.14
10.16
10.18
10.2
10.22
10.24
10.26
10.28
10.3
10.32
10.34
10.36
10.38
10.4
10.42
10.44
10.46
10.48
10.5
10.52
10.54
10.56
10.58
10.6
10.62
10.64
10.66
10.68
10.7
10.72
10.74
10.76
10.78
10.8
10.82
10.84
10.86
10.88
10.9
10.92
10.94
10.96
10.98
11
11.02
11.04
11.06
11.08
11.1
11.12
11.14
11.16
11.18
11.2
11.22
11.24
11.26
11.28
11.3
11.32
11.34
11.36
11.38
11.4
11.42
11.44
11.46
11.48
11.5
11.52
11.54
11.56
11.58
11.6
11.62
11.64
11.66
11.68
11.7
11.72
11.74
11.76
11.78
11.8
11.82
11.84
11.86
11.88
11.9
11.92
11.94
11.96
11.98
12
12.02
12.04
12.06
12.08
12.1
12.12
12.14
12.16
12.18
12.2
12.22
12.24
12.26
12.28
12.3
12.32
12.34
12.36
12.38
12.4
12.42
12.44
12.46
12.48
12.5
12.52
12.54
12.56
12.58
12.6
12.62
12.64
12.66
12.68
12.7
12.72
12.74
12.76
12.78
12.8
12.82
12.84
12.86
12.88
12.9
12.92
12.94
12.96
12.98
13
13.02
13.04
13.06
13.08
13.1
13.12
13.14
13.16
13.18
13.2
13.22
13.24
13.26
13.28
13.3
13.32
13.34
13.36
13.38
13.4
13.42
13.44
13.46
13.48
13.5
13.52
13.54
13.56
13.58
13.6
13.62
13.64
13.66
13.68
13.7
13.72
13.74
13.76
13.78
13.8
13.82
13.84
13.86
13.88
13.9
13.92
13.94
13.96
13.98
14
14.02
14.04
14.06
14.08
14.1
14.12
14.14
14.16
14.18
14.2
14.22
14.24
14.26
14.28
14.3
14.32
14.34
14.36
14.38
14.4
14.42
14.44
14.46
14.48
14.5
14.52
14.54
14.56
14.58
14.6
14.62
14.64
14.66
14.68
14.7
14.72
14.74
14.76
14.78
14.8
14.82
14.84
14.86
14.88
14.9
14.92
14.94
14.96
14.98
15
15.02
15.04
15.06
15.08
15.1
15.12
15.14
15.16
15.18
15.2
15.22
15.24
15.26
15.28
15.3
15.32
15.34
15.36
15.38
15.4
15.42
15.44
15.46
15.48
15.5
15.52
15.54
15.56
15.58
15.6
15.62
15.64
15.66
15.68
15.7
15.72
15.74
15.76
15.78
15.8
15.82
15.84
15.86
15.88
15.9
15.92
15.94
15.96
15.98
16
16.02
16.04
16.06
16.08
16.1
16.12
16.14
16.16
16.18
16.2
16.22
16.24
16.26
16.28
16.3
16.32
16.34
16.36
16.38
16.4
16.42
16.44
16.46
16.48
16.5
16.52
16.54
16.56
16.58
16.6
16.62
16.64
16.66
16.68
16.7
16.72
16.74
16.76
16.78
16.8
16.82
16.84
16.86
16.88
16.9
16.92
16.94
16.96
16.98
17
17.02
17.04
17.06
17.08
17.1
17.12
17.14
17.16
17.18
17.2
17.22
17.24
17.26
17.28
17.3
17.32
17.34
17.36
17.38
17.4
17.42
17.44
17.46
17.48
17.5
17.52
17.54
17.56
17.58
17.6
17.62
17.64
17.66
17.68
17.7
17.72
17.74
17.76
17.78
17.8
17.82
17.84
17.86
17.88
17.9
17.92
17.94
17.96
17.98
18
18.02
18.04
18.06
18.08
18.1
18.12
18.14
18.16
18.18
18.2
18.22
18.24
18.26
18.28
18.3
18.32
18.34
18.36
18.38
18.4
18.42
18.44
18.46
18.48
18.5
18.52
18.54
18.56
18.58
18.6
18.62
18.64
18.66
18.68
18.7
18.72
18.74
18.76
18.78
18.8
18.82
18.84
18.86
18.88
18.9
18.92
18.94
18.96
18.98
19
19.02
19.04
19.06
19.08
19.1
19.12
19.14
19.16
19.18
19.2
19.22
19.24
19.26
19.28
19.3
19.32
19.34
19.36
19.38
19.4
19.42
19.44
19.46
19.48
19.5
19.52
19.54
19.56
19.58
19.6
19.62
19.64
19.66
19.68
19.7
19.72
19.74
19.76
19.78
19.8
19.82
19.84
19.86
19.88
19.9
19.92
19.94
19.96
19.98
20
20.02
20.04
20.06
20.08
20.1
20.12
20.14
20.16
20.18
20.2
20.22
20.24
20.26
20.28
20.3
20.32
20.34
20.36
20.38
20.4
20.42
20.44
20.46
20.48
20.5
20.52
20.54
20.56
20.58
20.6
20.62
20.64
20.66
20.68
20.7
20.72
20.74
20.76
20.78
20.8
20.82
20.84
20.86
20.88
20.9
20.92
20.94
20.96
20.98
21
21.02
21.04
21.06
21.08
21.1
21.12
21.14
21.16
21.18
21.2
21.22
21.24
21.26
21.28
21.3
21.32
21.34
21.36
21.38
21.4
21.42
21.44
21.46
21.48
21.5
21.52
21.54
21.56
21.58
21.6
21.62
21.64
21.66
21.68
21.7
21.72
21.74
21.76
21.78
21.8
21.82
21.84
21.86
21.88
21.9
21.92
21.94
21.96
21.98
22
22.02
22.04
22.06
22.08
22.1
22.12
22.14
22.16
22.18
22.2
22.22
22.24
22.26
22.28
22.3
22.32
22.34
22.36
22.38
22.4
22.42
22.44
22.46
22.48
22.5
22.52
22.54
22.56
22.58
22.6
22.62
22.64
22.66
22.68
22.7
22.72
22.74
22.76
22.78
22.8
22.82
22.84
22.86
22.88
22.9
22.92
22.94
22.96
22.98
23
23.02
23.04
23.06
23.08
23.1
23.12
23.14
23.16
23.18
23.2
23.22
23.24
23.26
23.28
23.3
23.32
23.34
23.36
23.38
23.4
23.42
23.44
23.46
23.48
23.5
23.52
23.54
23.56
23.58
23.6
23.62
23.64
23.66
23.68
23.7
23.72
23.74
23.76
23.78
23.8
23.82
23.84
23.86
23.88
23.9
23.92
23.94
23.96
23.98
24
24.02
24.04
24.06
24.08
24.1
24.12
24.14
24.16
24.18
24.2
24.22
24.24
24.26
24.28
24.3
24.32
24.34
24.36
24.38
24.4
24.42
24.44
24.46
24.48
24.5
24.52
24.54
24.56
24.58
24.6
24.62
24.64
24.66
24.68
24.7
24.72
24.74
24.76
24.78
24.8
24.82
24.84
24.86
24.88
24.9
24.92
24.94
24.96
24.98
25
25.02
25.04
25.06
25.08
25.1
25.12
25.14
25.16
25.18
25.2
25.22
25.24
25.26
25.28
25.3
25.32
25.34
25.36
25.38
25.4
25.42
25.44
25.46
25.48
25.5
25.52
25.54
25.56
25.58
25.6
25.62
25.64
25.66
25.68
25.7
25.72
25.74
25.76
25.78
25.8
25.82
25.84
25.86
25.88
25.9
25.92
25.94
25.96
25.98
26
26.02
26.04
26.06
26.08
26.1
26.12
26.14
26.16
26.18
26.2
26.22
26.24
26.26
26.28
26.3
26.32
26.34
26.36
26.38
26.4
26.42
26.44
26.46
26.48
26.5
26.52
26.54
26.56
26.58
26.6
26.62
26.64
26.66
26.68
26.7
26.72
26.74
26.76
26.78
26.8
26.82
26.84
26.86
26.88
26.9
26.92
26.94
26.96
26.98
27
27.02
27.04
27.06
27.08
27.1
27.12
27.14
27.16
27.18
27.2
27.22
27.24
27.26
27.28
27.3
27.32
27.34
27.36
27.38
27.4
27.42
27.44
27.46
27.48
27.5
27.52
27.54
27.56
27.58
27.6
27.62
27.64
27.66
27.68
27.7
27.72
27.74
27.76
27.78
27.8
27.82
27.84
27.86
27.88
27.9
27.92
27.94
27.96
27.98
28
28.02
28.04
28.06
28.08
28.1
28.12
28.14
28.16
28.18
28.2
28.22
28.24
28.26
28.28
28.3
28.32
28.34
28.36
28.38
28.4
28.42
28.44
28.46
28.48
28.5
28.52
28.54
28.56
28.58
28.6
28.62
28.64
28.66
28.68
28.7
28.72
28.74
28.76
28.78
28.8
28.82
28.84
28.86
28.88
28.9
28.92
28.94
28.96
28.98
29
29.02
29.04
29.06
29.08
29.1
29.12
29.14
29.16
29.18
29.2
29.22
29.24
29.26
29.28
29.3
29.32
29.34
29.36
29.38
29.4
29.42
29.44
29.46
29.48
29.5
29.52
29.54
29.56
29.58
29.6
29.62
29.64
29.66
29.68
29.7
29.72
29.74
29.76
29.78
29.8
29.82
29.84
29.86
29.88
29.9
29.92
29.94
29.96
29.98
30
30.02
30.04
30.06
30.08
30.1
30.12
30.14
30.16
30.18
30.2
30.22
30.24
30.26
30.28
30.3
30.32
30.34
30.36
30.38
30.4
30.42
30.44
30.46
30.48
30.5
30.52
30.54
30.56
30.58
30.6
30.62
30.64
30.66
30.68
30.7
30.72
30.74
30.76
30.78
30.8
30.82
30.84
30.86
30.88
30.9
30.92
30.94
30.96
30.98
31
31.02
31.04
31.06
31.08
31.1
31.12
31.14
31.16
31.18
31.2
31.22
31.24
31.26
31.28
31.3
31.32
31.34
31.36
31.38
31.4
31.42
31.44
31.46
31.48
31.5
31.52
31.54
31.56
31.58
31.6
31.62
31.64
31.66
31.68
31.7
31.72
31.74
31.76
31.78
31.8
31.82
31.84
31.86
31.88
31.9
31.92
31.94
31.96
31.98
32
32.02
32.04
32.06
32.08
32.1
32.12
32.14
32.16
32.18
32.2
32.22
32.24
32.26
32.28
32.3
32.32
32.34
32.36
32.38
32.4
32.42
32.44
32.46
32.48
32.5
32.52
32.54
32.56
32.58
32.6
32.62
32.64
32.66
32.68
32.7
32.72
32.74
32.76
32.78
32.8
32.82
32.84
32.86
32.88
32.9
32.92
32.94
32.96
32.98
33
33.02
33.04
33.06
33.08
33.1
33.12
33.14
33.16
33.18
33.2
33.22
33.24
33.26
33.28
33.3
33.32
33.34
33.36
33.38
33.4
33.42
33.44
33.46
33.48
33.5
33.52
33.54
33.56
33.58
33.6
33.62
33.64
33.66
33.68
33.7
33.72
33.74
33.76
33.78
33.8
33.82
33.84
33.86
33.88
33.9
33.92
33.94
33.96
33.98
34
34.02
34.04
34.06
34.08
34.1
34.12
34.14
34.16
34.18
34.2
34.22
34.24
34.26
34.28
34.3
34.32
34.34
34.36
34.38
34.4
34.42
34.44
34.46
34.48
34.5
34.52
34.54
34.56
34.58
34.6
34.62
34.64
34.66
34.68
34.7
34.72
34.74
34.76
34.78
34.8
34.82
34.84
34.86
34.88
34.9
34.92
34.94
34.96
34.98
35
35.02
35.04
35.06
35.08
35.1
35.12
35.14
35.16
35.18
35.2
35.22
35.24
35.26
35.28
35.3
35.32
35.34
35.36
35.38
35.4
35.42
35.44
35.46
35.48
35.5
35.52
35.54
35.56
35.58
35.6
35.62
35.64
35.66
35.68
35.7
35.72
35.74
35.76
35.78
35.8
35.82
35.84
35.86
35.88
35.9
35.92
35.94
35.96
35.98
36
36.02
36.04
36.06
36.08
36.1
36.12
36.14
36.16
36.18
36.2
36.22
36.24
36.26
36.28
36.3
36.32
36.34
36.36
36.38
36.4
36.42
36.44
36.46
36.48
36.5
36.52
36.54
36.56
36.58
36.6
36.62
36.64
36.66
36.68
36.7
36.72
36.74
36.76
36.78
36.8
36.82
36.84
36.86
36.88
36.9
36.92
36.94
36.96
36.98
37
37.02
37.04
37.06
37.08
37.1
37.12
37.14
37.16
37.18
37.2
37.22
37.24
37.26
37.28
37.3
37.32
37.34
37.36
37.38
37.4
37.42
37.44
37.46
37.48
37.5
37.52
37.54
37.56
37.58
37.6
37.62
37.64
37.66
37.68
37.7
37.72
37.74
37.76
37.78
37.8
37.82
37.84
37.86
37.88
37.9
37.92
37.94
37.96
37.98
38
38.02
38.04
38.06
38.08
38.1
38.12
38.14
38.16
38.18
38.2
38.22
38.24
38.26
38.28
38.3
38.32
38.34
38.36
38.38
38.4
38.42
38.44
38.46
38.48
38.5
38.52
38.54
38.56
38.58
38.6
38.62
38.64
38.66
38.68
38.7
38.72
38.74
38.76
38.78
38.8
38.82
38.84
38.86
38.88
38.9
38.92
38.94
38.96
38.98
39
39.02
39.04
39.06
39.08
39.1
39.12
39.14
39.16
39.18
39.2
39.22
39.24
39.26
39.28
39.3
39.32
39.34
39.36
39.38
39.4
39.42
39.44
39.46
39.48
39.5
39.52
39.54
39.56
39.58
39.6
39.62
39.64
39.66
39.68
39.7
39.72
39.74
39.76
39.78
39.8
39.82
39.84
39.86
39.88
39.9
39.92
39.94
39.96
39.98
40
40.02
40.04
40.06
40.08
40.1
40.12
40.14
40.16
40.18
40.2
40.22
40.24
40.26
40.28
40.3
40.32
40.34
40.36
40.38
40.4
40.6
40.8
41
41.2
41.4
41.6
41.8
42
42.2
42.4
42.6
42.8
43
43.2
43.4
43.6
43.8
44
44.2
44.4
44.6
44.8
45
45.2
45.4
45.6
45.8
46
46.2
46.4
46.6
46.8
47
47.2
47.4
47.6
47.8
48
48.2
48.4
48.6
48.8
49
49.2
49.4
49.6
49.8
50
50.2
50.4
50.6
50.8
51
51.2
51.4
51.6
51.8
52
52.2
52.4
52.6
52.8
53
53.2
53.4
53.6
53.8
54
54.2
54.4
54.6
54.8
55
55.2
55.4
55.6
55.8
56
56.2
56.4
56.6
56.8
57
57.2
57.4
57.6
57.8
58
58.2
58.4
58.6
58.8
59
59.2
59.4
59.6
59.8
60
60.2
60.4
60.6
60.8
61
61.2
61.4
61.6
61.8
62
62.2
62.4
62.6
62.8
63
63.2
63.4
63.6
63.8
64
64.2
64.4
64.6
64.8
65
65.2
65.4
65.6
65.8
66
66.2
66.4
66.6
66.8
67
67.2
67.4
67.6
67.8
68
68.2
68.4
68.6
68.8
69
69.2
69.4
69.6
69.8
70
70.2
70.4
70.6
70.8
71
71.2
71.4
71.6
71.8
72
72.2
72.4
72.6
72.8
73
73.2
73.4
73.6
73.8
74
74.2
74.4
74.6
74.8
75
75.2
75.4
75.6
75.8
76
76.2
76.4
76.6
76.8
77
77.2
77.4
77.6
77.8
78
78.2
78.4
78.6
78.8
79
79.2
79.4
79.6
79.8
80
80.2
80.4
80.6
80.8
81
81.2
81.4
81.6
81.8
82
82.2
82.4
82.6
82.8
83
83.2
83.4
83.6
83.8
84
84.2
84.4
84.6
84.8
85
85.2
85.4
85.6
85.8
86
86.2
86.4
86.6
86.8
87
87.2
87.4
87.6
87.8
88
88.2
88.4
88.6
88.8
89
89.2
89.4
89.6
89.8
90
90.2
90.4
90.6
90.8
91
91.2
91.4
91.6
91.8
92
92.2
92.4
92.6
92.8
93
93.2
93.4
93.6
93.8
94
94.2
94.4
94.6
94.8
95
95.2
95.4
95.6
95.8
96
96.2
96.4
96.6
96.8
97
97.2
97.4
100
100.2
100.4
100.6
100.8
101
101.2
101.4
101.6
101.8
102
102.2
102.4
102.6
102.8
103
103.2
103.4
103.6
103.8
104
104.2
104.4
104.6
104.8
105
105.2
105.4
105.6
105.8
106
106.2
106.4
106.6
106.8
107
107.2
107.4
107.6
107.8
108
108.2
108.4
108.6
108.8
109
109.2
109.4
109.6
109.8
110
110.2
110.4
110.6
110.8
111
111.2
111.4
111.6
111.8
112
112.2
112.4
112.6
112.8
113
113.2
113.4
113.6
113.8
114
114.2
114.4
114.6
114.8
115
115.2
115.4
115.6
115.8
116
116.2
116.4
116.6
116.8
117
117.2
117.4
117.6
117.8
118
118.2
118.4
118.6
118.8
119
119.2
119.4
119.6
119.8
120
120.2
120.4
120.6
120.8
121
121.2
121.4
121.6
121.8
122
122.2
122.4
122.6
122.8
123
123.2
123.4
123.6
123.8
124
124.2
124.4
124.6
124.8
125
125.2
125.4
125.6
125.8
126
126.2
126.4
126.6
126.8
127
127.2
127.4
127.6
127.8
128
128.2
128.4
128.6
128.8
129
129.2
129.4
129.6
129.8
130
130.2
130.4
130.6
130.8
131
131.2
131.4
131.6
131.8
132
132.2
132.4
132.6
132.8
133
133.2
133.4
133.6
133.8
134
134.2
134.4
134.6
134.8
135
135.2
135.4
135.6
135.8
136
136.2
136.4
136.6
136.8
137
137.2
137.4
137.6
137.8
138
138.2
138.4
138.6
138.8
139
139.2
139.4
139.6
139.8
140
140.2
140.4
140.6
140.8
141
141.2
141.4
141.6
141.8
142
142.2
142.4
142.6
142.8
143
143.2
143.4
143.6
143.8
144
144.2
144.4
144.6
144.8
145
145.2
145.4
145.6
145.8
146
146.2
146.4
146.6
146.8
147
147.2
147.4
147.6
147.8
148
148.2
148.4
148.6
148.8
149
149.2
149.4
149.6
149.8
150
150.2
150.4
150.6
150.8
151
151.2
151.4
151.6
151.8
152
152.2
152.4
152.6
152.8
153
153.2
153.4
153.6
153.8
154
154.2
154.4
154.6
154.8
155
155.2
155.4
155.6
155.8
156
156.2
156.4
156.6
156.8
157
157.2
157.4
157.6
157.8
158
158.2
158.4
158.6
158.8
159
159.2
159.4
159.6
159.8
160
160.2
160.4
160.6
160.8
161
161.2
161.4
161.6
161.8
162
162.2
162.4
162.6
162.8
163
163.2
163.4
163.6
163.8
164
164.2
164.4
164.6
164.8
165
165.2
165.4
165.6
165.8
166
166.2
166.4
166.6
166.8
167
167.2
167.4
167.6
167.8
168
169.2
169.4
169.6
169.8
170
170.2
170.4
170.6
170.8
171
171.2
171.4
171.6
171.8
172
172.2
172.4
172.6
172.8
173
173.2
173.4
173.6
173.8
174
174.2
174.4
174.6
174.8
175
175.2
175.4
175.6
175.8
176
176.2
176.4
176.6
176.8
177
177.2
177.4
177.6
177.8
178
178.2
178.4
178.6
178.8
179
179.2
179.4
179.6
179.8
180
180.2
180.4
180.6
180.8
181
181.2
181.4
181.6
181.8
182
182.2
182.4
182.6
182.8
183
183.2
183.4
183.6
183.8
184
184.2
184.4
184.6
184.8
185
185.2
185.4
185.6
185.8
186
186.2
186.4
186.6
186.8
187
187.2
187.4
187.6
187.8
188
188.2
188.4
188.6
188.8
189
189.2
189.4
189.6
189.64
189.66
189.68
189.7
189.72
189.74
189.76
189.78
189.8
189.82
189.84
189.86
189.88
189.9
189.92
189.94
189.96
189.98
190
190.02
190.04
190.06
190.08
190.1
190.12
190.14
190.16
190.18
190.2
190.22
190.24
190.26
190.28
190.3
190.32
190.34
190.36
190.38
190.4
190.42
190.44
190.46
190.48
190.5
190.52
190.54
190.56
190.58
190.6
190.62
190.64
190.66
190.68
190.7
190.72
190.74
190.76
190.78
190.8
190.82
190.84
190.86
190.88
190.9
190.92
190.94
190.96
190.98
191
191.02
191.04
191.06
191.08
191.1
191.12
191.14
191.16
191.18
191.2
191.22
191.24
191.26
191.28
191.3
191.32
191.34
191.36
191.38
191.4
191.42
191.44
191.46
191.48
191.5
191.52
191.54
191.56
191.58
191.6
191.62
191.64
191.66
191.68
191.7
191.72
191.74
191.76
191.78
191.8
191.82
191.84
191.86
191.88
191.9
191.92
191.94
191.96
191.98
192
192.02
192.04
192.06
192.08
192.1
192.12
192.14
192.16
192.18
192.2
192.22
192.24
192.26
192.28
192.3
192.32
192.34
192.36
192.38
192.4
192.42
192.44
192.46
192.48
192.5
192.52
192.54
192.56
192.58
192.6
192.62
192.64
192.66
192.68
192.7
192.72
192.74
192.76
192.78
192.8
192.82
192.84
192.86
192.88
192.9
192.92
192.94
192.96
192.98
193
193.02
193.04
193.06
193.08
193.1
193.12
193.14
193.16
193.18
193.2
193.22
193.24
193.26
193.28
193.3
193.32
193.34
193.36
193.38
193.4
193.42
193.44
193.46
193.48
193.5
193.52
193.54
193.56
193.58
193.6
193.62
193.64
193.66
193.68
193.7
193.72
193.74
193.76
193.78
193.8
193.82
193.84
193.86
193.88
193.9
193.92
193.94
193.96
193.98
194
194.02
194.04
194.06
194.08
194.1
194.12
194.14
194.16
194.18
194.2
194.22
194.24
194.26
194.28
194.3
194.32
194.34
194.36
194.38
194.4
194.42
194.44
194.46
194.48
194.5
194.52
194.54
194.56
194.58
194.6
194.62
194.64
194.66
194.68
194.7
194.72
194.74
194.76
194.78
194.8
194.82
194.84
194.86
194.88
194.9
194.92
194.94
194.96
194.98
195
195.02
195.04
195.06
195.08
195.1
195.12
195.14
195.16
195.18
195.2
195.22
195.24
195.26
195.28
195.3
195.32
195.34
195.36
195.38
195.4
195.42
195.44
195.46
195.48
195.5
195.52
195.54
195.56
195.58
195.6
195.62
195.64
195.66
195.68
195.7
195.72
195.74
195.76
195.78
195.8
195.82
195.84
195.86
195.88
195.9
195.92
195.94
195.96
195.98
196
196.02
196.04
196.06
196.08
196.1
196.12
196.14
196.16
196.18
196.2
196.22
196.24
196.26
196.28
196.3
196.32
196.34
196.36
196.38
196.4
196.42
196.44
196.46
196.48
196.5
196.52
196.54
196.56
196.58
196.6
196.62
196.64
196.66
196.68
196.7
196.72
196.74
196.76
196.78
196.8
196.82
196.84
196.86
196.88
196.9
196.92
196.94
196.96
196.98
197
197.02
197.04
197.06
197.08
197.1
197.12
197.14
197.16
197.18
197.2
197.22
197.24
197.26
197.28
197.3
197.32
197.34
197.36
197.38
197.4
197.42
197.44
197.46
197.48
197.5
197.52
197.54
197.56
197.58
197.6
197.62
197.64
197.66
197.68
197.7
197.72
197.74
197.76
197.78
197.8
197.82
197.84
197.86
197.88
197.9
197.92
197.94
197.96
197.98
198
198.02
198.04
198.06
198.08
198.1
198.12
198.14
198.16
198.18
198.2
198.22
198.24
198.26
198.28
198.3
198.32
198.34
198.36
198.38
198.4
198.42
198.44
198.46
198.48
198.5
198.52
198.54
198.56
198.58
198.6
198.62
198.64
198.66
198.68
198.7
198.72
198.74
198.76
198.78
198.8
198.82
198.84
198.86
198.88
198.9
198.92
198.94
198.96
198.98
199
199.02
199.04
199.06
199.08
199.1
199.12
199.14
199.16
199.18
199.2
199.22
199.24
199.26
199.28
199.3
199.32
199.34
199.36
199.38
199.4
199.42
199.44
199.46
199.48
199.5
199.52
199.54
199.56
199.58
199.6
199.62
199.64
199.66
199.68
199.7
199.72
199.74
199.76
199.78
199.8
199.82
199.84
199.86
199.88
199.9
199.92
199.94
199.96
199.98
200
200.02
200.04
200.06
200.08
200.1
200.12
200.14
200.16
200.18
200.2
200.22
200.24
200.26
200.28
200.3
200.32
200.34
200.36
200.38
200.4
200.42
200.44
200.46
200.48
200.5
200.52
200.54
200.56
200.58
200.6
200.62
200.64
200.66
200.68
200.7
200.72
200.74
200.76
200.78
200.8
200.82
200.84
200.86
200.88
200.9
200.92
200.94
200.96
200.98
201
201.02
201.04
201.06
201.08
201.1
201.12
201.14
201.16
201.18
201.2
201.22
201.24
201.26
201.28
201.3
201.32
201.34
201.36
201.38
201.4
201.42
201.44
201.46
201.48
201.5
201.52
201.54
201.56
201.58
201.6
201.62
201.64
201.66
201.68
201.7
201.72
201.74
201.76
201.78
201.8
201.82
201.84
201.86
201.88
201.9
201.92
201.94
201.96
201.98
202
202.02
202.04
202.06
202.08
202.1
202.12
202.14
202.16
202.18
202.2
202.22
202.24
202.26
202.28
202.3
202.32
202.34
202.36
202.38
202.4
202.42
202.44
202.46
202.48
202.5
202.52
202.54
202.56
202.58
202.6
202.62
202.64
202.66
202.68
202.7
202.72
202.74
202.76
202.78
202.8
202.82
202.84
202.86
202.88
202.9
202.92
202.94
202.96
202.98
203
203.02
203.04
203.06
203.08
203.1
203.12
203.14
203.16
203.18
203.2
203.22
203.24
203.26
203.28
203.3
203.32
203.34
203.36
203.38
203.4
203.42
203.44
203.46
203.48
203.5
203.52
203.54
203.56
203.58
203.6
203.62
203.64
203.66
203.68
203.7
203.72
203.74
203.76
203.78
203.8
203.82
203.84
203.86
203.88
203.9
203.92
203.94
203.96
203.98
204
204.02
204.04
204.06
204.08
204.1
204.12
204.14
204.16
204.18
204.2
204.22
204.24
204.26
204.28
204.3
204.32
204.34
204.36
204.38
204.4
204.42
204.44
204.46
204.48
204.5
204.52
204.54
204.56
204.58
204.6
204.62
204.64
204.66
204.68
204.7
204.72
204.74
204.76
204.78
204.8
204.82
204.84
204.86
204.88
204.9
204.92
204.94
204.96
204.98
205
205.02
205.04
205.06
205.08
205.1
205.12
205.14
205.16
205.18
205.2
205.22
205.24
205.26
205.28
205.3
205.32
205.34
205.36
205.38
205.4
205.42
205.44
205.46
205.48
205.5
205.52
205.54
205.56
205.58
205.6
205.62
205.64
205.66
205.68
205.7
205.72
205.74
205.76
205.78
205.8
205.82
205.84
205.86
205.88
205.9
205.92
205.94
205.96
205.98
206
206.02
206.04
206.06
206.08
206.1
206.12
206.14
206.16
206.18
206.2
206.22
206.24
206.26
206.28
206.3
206.32
206.34
206.36
206.38
206.4
206.42
206.44
206.46
206.48
206.5
206.52
206.54
206.56
206.58
206.6
206.62
206.64
206.66
206.68
206.7
206.72
206.74
206.76
206.78
206.8
206.82
206.84
206.86
206.88
206.9
206.92
206.94
206.96
206.98
207
207.02
207.04
207.06
207.08
207.1
207.12
207.14
207.16
207.18
207.2
207.22
207.24
207.26
207.28
207.3
207.32
207.34
207.36
207.38
207.4
207.42
207.44
207.46
207.48
207.5
207.52
207.54
207.56
207.58
207.6
207.62
207.64
207.66
207.68
207.7
207.72
207.74
207.76
207.78
207.8
207.82
207.84
207.86
207.88
207.9
207.92
207.94
207.96
207.98
208
208.02
208.04
208.06
208.08
208.1
208.12
208.14
208.16
208.18
208.2
208.22
208.24
208.26
208.28
208.3
208.32
208.34
208.36
208.38
208.4
208.42
208.44
208.46
208.48
208.5
208.52
208.54
208.56
208.58
208.6
208.62
208.64
208.66
208.68
208.7
208.72
208.74
208.76
208.78
208.8
208.82
208.84
208.86
208.88
208.9
208.92
208.94
208.96
208.98
209
209.02
209.04
209.06
209.08
209.1
209.12
209.14
209.16
209.18
209.2
209.22
209.24
209.26
209.28
209.3
209.32
209.34
209.36
209.38
209.4
209.42
209.44
209.46
209.48
209.5
209.52
209.54
209.56
209.58
209.6
209.62
209.64
209.66
209.68
209.7
209.72
209.74
209.76
209.78
209.8
209.82
209.84
209.86
209.88
209.9
209.92
209.94
209.96
209.98
210
210.02
210.04
210.06
210.08
210.1
210.12
210.14
210.16
210.18
210.2
210.22
210.24
210.26
210.28
210.3
210.32
210.34
210.36
210.38
210.4
210.42
210.44
210.46
210.48
210.5
210.52
210.54
210.56
210.58
210.6
210.62
210.64
210.66
210.68
210.7
210.72
210.74
210.76
210.78
210.8
210.82
210.84
210.86
210.88
210.9
210.92
210.94
210.96
210.98
211
211.02
211.04
211.06
211.08
211.1
211.12
211.14
211.16
211.18
211.2
211.22
211.24
211.26
211.28
211.3
211.32
211.34
211.36
211.38
211.4
211.42
211.44
211.46
211.48
211.5
211.52
211.54
211.56
211.58
211.6
211.62
211.64
211.66
211.68
211.7
211.72
211.74
211.76
211.78
211.8
211.82
211.84
211.86
211.88
211.9
211.92
211.94
211.96
211.98
212
212.02
212.04
212.06
212.08
212.1
212.12
212.14
212.16
212.18
212.2
212.22
212.24
212.26
212.28
212.3
212.32
212.34
212.36
212.38
212.4
212.42
212.44
212.46
212.48
212.5
212.52
212.54
212.56
212.58
212.6
212.62
212.64
212.66
212.68
212.7
212.72
212.74
212.76
212.78
212.8
212.82
212.84
212.86
212.88
212.9
212.92
212.94
212.96
212.98
213
213.02
213.04
213.06
213.08
213.1
213.12
213.14
213.16
213.18
213.2
213.22
213.24
213.26
213.28
213.3
213.32
213.34
213.36
213.38
213.4
213.42
213.44
213.46
213.48
213.5
213.52
213.54
213.56
213.58
213.6
213.62
213.64
213.66
213.68
213.7
213.72
213.74
213.76
213.78
213.8
213.82
213.84
213.86
213.88
213.9
213.92
213.94
213.96
213.98
214
214.02
214.04
214.06
214.08
214.1
214.12
214.14
214.16
214.18
214.2
214.22
214.24
214.26
214.28
214.3
214.32
214.34
214.36
214.38
214.4
214.42
214.44
214.46
214.48
214.5
214.52
214.54
214.56
214.58
214.6
214.62
214.64
214.66
214.68
214.7
214.72
214.74
214.76
214.78
214.8
214.82
214.84
214.86
214.88
214.9
214.92
214.94
214.96
214.98
215
215.02
215.04
215.06
215.08
215.1
215.12
215.14
215.16
215.18
215.2
215.22
215.24
215.26
215.28
215.3
215.32
215.34
215.36
215.38
215.4
215.42
215.44
215.46
215.48
215.5
215.52
215.54
215.56
215.58
215.6
215.62
215.64
215.66
215.68
215.7
215.72
215.74
215.76
215.78
215.8
215.82
215.84
215.86
215.88
215.9
215.92
215.94
215.96
215.98
216
216.02
216.04
216.06
216.08
216.1
216.12
216.14
216.16
216.18
216.2
216.22
216.24
216.26
216.28
216.3
216.32
216.34
216.36
216.38
216.4
216.42
216.44
216.46
216.48
216.5
216.52
216.54
216.56
216.58
216.6
216.62
216.64
216.66
216.68
216.7
216.72
216.74
216.76
216.78
216.8
216.82
216.84
216.86
216.88
216.9
216.92
216.94
216.96
216.98
219.5
219.52
219.54
219.56
219.58
219.6
219.62
219.64
219.66
219.68
219.7
219.72
219.74
219.76
219.78
219.8
219.82
219.84
219.86
219.88
219.9
219.92
219.94
219.96
219.98
220
220.02
220.04
220.06
220.08
220.1
220.12
220.14
220.16
220.18
220.2
220.22
220.24
220.26
220.28
220.3
220.32
220.34
220.36
220.38
220.4
220.42
220.44
220.46
220.48
220.5
220.52
220.54
220.56
220.58
220.6
220.62
220.64
220.66
220.68
220.7
220.72
220.74
220.76
220.78
220.8
220.82
220.84
220.86
220.88
220.9
220.92
220.94
220.96
220.98
221
221.02
221.04
221.06
221.08
221.1
221.12
221.14
221.16
221.18
221.2
221.22
221.24
221.26
221.28
221.3
221.32
221.34
221.36
221.38
221.4
221.42
221.44
221.46
221.48
221.5
221.52
221.54
221.56
221.58
221.6
221.62
221.64
221.66
221.68
221.7
221.72
221.74
221.76
221.78
221.8
221.82
221.84
221.86
221.88
221.9
221.92
221.94
221.96
221.98
222
222.02
222.04
222.06
222.08
222.1
222.12
222.14
222.16
222.18
222.2
222.22
222.24
222.26
222.28
222.3
222.32
222.34
222.36
222.38
222.4
222.42
222.44
222.46
222.48
222.5
222.52
222.54
222.56
222.58
222.6
222.62
222.64
222.66
222.68
222.7
222.72
222.74
222.76
222.78
222.8
222.82
222.84
222.86
222.88
222.9
222.92
222.94
222.96
222.98
223
223.02
223.04
223.06
223.08
223.1
223.12
223.14
223.16
223.18
223.2
223.22
223.24
223.26
223.28
223.3
223.32
223.34
223.36
223.38
223.4
223.42
223.44
223.46
223.48
223.5
223.52
223.54
223.56
223.58
223.6
223.62
223.64
223.66
223.68
223.7
223.72
223.74
223.76
223.78
223.8
223.82
223.84
223.86
223.88
223.9
223.92
223.94
223.96
223.98
224
224.02
224.04
224.06
224.08
224.1
224.12
224.14
224.16
224.18
224.2
224.22
224.24
224.26
224.28
224.3
224.32
224.34
224.36
224.38
224.4
224.42
224.44
224.46
224.48
224.5
224.52
224.54
224.56
224.58
224.6
224.62
224.64
224.66
224.68
224.7
224.72
224.74
224.76
224.78
224.8
224.82
224.84
224.86
224.88
224.9
224.92
224.94
224.96
224.98
225
225.02
225.04
225.06
225.08
225.1
225.12
225.14
225.16
225.18
225.2
225.22
225.24
225.26
225.28
225.3
225.32
225.34
225.36
225.38
225.4
225.42
225.44
225.46
225.48
225.5
225.52
225.54
225.56
225.58
225.6
225.62
225.64
225.66
225.68
225.7
225.72
225.74
225.76
225.78
225.8
225.82
225.84
225.86
225.88
225.9
225.92
225.94
225.96
225.98
226
226.02
226.04
226.06
226.08
226.1
226.12
226.14
226.16
226.18
226.2
226.22
226.24
226.26
226.28
226.3
226.32
226.34
226.36
226.38
226.4
226.42
226.44
226.46
226.48
226.5
226.52
226.54
226.56
226.58
226.6
226.62
226.64
226.66
226.68
226.7
226.72
226.74
226.76
226.78
226.8
226.82
226.84
226.86
226.88
226.9
226.92
226.94
226.96
226.98
227
227.02
227.04
227.06
227.08
227.1
227.12
227.14
227.16
227.18
227.2
227.22
227.24
227.26
227.28
227.3
227.32
227.34
227.36
227.38
227.4
227.42
227.44
227.46
227.48
227.5
227.52
227.54
227.56
227.58
227.6
227.62
227.64
227.66
227.68
227.7
227.72
227.74
227.76
227.78
227.8
227.82
227.84
227.86
227.88
227.9
227.92
227.94
227.96
227.98
228
228.02
228.04
228.06
228.08
228.1
228.12
228.14
228.16
228.18
228.2
228.22
228.24
228.26
228.28
228.3
228.32
228.34
228.36
228.38
228.4
228.42
228.44
228.46
228.48
228.5
228.52
228.54
228.56
228.58
228.6
228.62
228.64
228.66
228.68
228.7
228.72
228.74
228.76
228.78
228.8
228.82
228.84
228.86
228.88
228.9
228.92
228.94
228.96
228.98
229
229.02
229.04
229.06
229.08
229.1
229.12
229.14
229.16
229.18
229.2
229.22
229.24
229.26
229.28
229.3
229.32
229.34
229.36
229.38
229.4
229.42
229.44
229.46
229.48
229.5
229.52
229.54
229.56
229.58
229.6
229.62
229.64
229.66
229.68
229.7
229.72
229.74
229.76
229.78
229.8
229.82
229.84
229.86
229.88
229.9
229.92
229.94
229.96
229.98
230
230.02
230.04
230.06
230.08
230.1
230.12
230.14
230.16
230.18
230.2
230.22
230.24
230.26
230.28
230.3
230.32
230.34
230.36
230.38
230.4
230.42
230.44
230.46
230.48
230.5
230.52
230.54
230.56
230.58
230.6
230.62
230.64
230.66
230.68
230.7
230.72
230.74
230.76
230.78
230.8
230.82
230.84
230.86
230.88
230.9
230.92
230.94
230.96
230.98
231
231.02
231.04
231.06
231.08
231.1
231.12
231.14
231.16
231.18
231.2
231.22
231.24
231.26
231.28
231.3
231.32
231.34
231.36
231.38
231.4
231.42
231.44
231.46
231.48
231.5
231.52
231.54
231.56
231.58
231.6
231.62
231.64
231.66
231.68
231.7
231.72
231.74
231.76
231.78
231.8
231.82
231.84
231.86
231.88
231.9
231.92
231.94
231.96
231.98
232
232.02
232.04
232.06
232.08
232.1
232.12
232.14
232.16
232.18
232.2
232.22
232.24
232.26
232.28
232.3
232.32
232.34
232.36
232.38
232.4
232.42
232.44
232.46
232.48
232.5
232.52
232.54
232.56
232.58
232.6
232.62
232.64
232.66
232.68
232.7
232.72
232.74
232.76
232.78
232.8
232.82
232.84
232.86
232.88
232.9
232.92
232.94
232.96
232.98
233
233.02
233.04
233.06
233.08
233.1
233.12
233.14
233.16
233.18
233.2
233.22
233.24
233.26
233.28
233.3
233.32
233.34
233.36
233.38
233.4
233.42
233.44
233.46
233.48
233.5
233.52
233.54
233.56
233.58
233.6
233.62
233.64
233.66
233.68
233.7
233.72
233.74
233.76
233.78
233.8
233.82
233.84
233.86
233.88
233.9
233.92
233.94
233.96
233.98
234
234.02
234.04
234.06
234.08
234.1
234.12
234.14
234.16
234.18
234.2
234.22
234.24
234.26
234.28
234.3
234.32
234.34
234.36
234.38
234.4
234.42
234.44
234.46
234.48
234.5
234.52
234.54
234.56
234.58
234.6
234.62
234.64
234.66
234.68
234.7
234.72
234.74
234.76
234.78
234.8
234.82
234.84
234.86
234.88
234.9
234.92
234.94
234.96
234.98
235
235.02
235.04
235.06
235.08
235.1
235.12
235.14
235.16
235.18
235.2
235.22
235.24
235.26
235.28
235.3
235.32
235.34
235.36
235.38
235.4
235.42
235.44
235.46
235.48
235.5
235.52
235.54
235.56
235.58
235.6
235.62
235.64
235.66
235.68
235.7
235.72
235.74
235.76
235.78
235.8
235.82
235.84
235.86
235.88
235.9
235.92
235.94
235.96
235.98
236
236.02
236.04
236.06
236.08
236.1
236.12
236.14
236.16
236.18
236.2
236.22
236.24
236.26
236.28
236.3
236.32
236.34
236.36
236.38
236.4
236.42
236.44
236.46
236.48
236.5
236.52
236.54
236.56
236.58
236.6
236.62
236.64
236.66
236.68
236.7
236.72
236.74
236.76
236.78
236.8
236.82
236.84
236.86
236.88
236.9
236.92
236.94
236.96
236.98
237
237.02
237.04
237.06
237.08
237.1
237.12
237.14
237.16
237.18
237.2
237.22
237.24
237.26
237.28
237.3
237.32
237.34
237.36
237.38
237.4
237.42
237.44
237.46
237.48
237.5
237.52
237.54
237.56
237.58
237.6
237.62
237.64
237.66
237.68
237.7
237.72
237.74
237.76
237.78
237.8
237.82
237.84
237.86
237.88
237.9
237.92
237.94
237.96
237.98
238
238.02
238.04
238.06
238.08
238.1
238.12
238.14
238.16
238.18
238.2
238.22
238.24
238.26
238.28
238.3
238.32
238.34
238.36
238.38
238.4
238.42
238.44
238.46
238.48
238.5
238.52
238.54
238.56
238.58
238.6
238.62
238.64
238.66
238.68
238.7
238.72
238.74
238.76
238.78
238.8
238.82
238.84
238.86
238.88
238.9
238.92
238.94
238.96
238.98
239
239.02
239.04
239.06
239.08
239.1
239.12
239.14
239.16
239.18
239.2
239.22
239.24
239.26
239.28
239.3
239.32
239.34
239.36
239.38
239.4
239.42
239.44
239.46
239.48
239.5
239.52
239.54
239.56
239.58
239.6
239.62
239.64
239.66
239.68
239.7
239.72
239.74
239.76
239.78
239.8
239.82
239.84
239.86
239.88
239.9
239.92
239.94
239.96
239.98
240
240.02
240.04
240.06
240.08
240.1
240.12
240.14
240.16
240.18
240.2
240.22
240.24
240.26
240.28
240.3
240.32
240.34
240.36
240.38
240.4
240.42
240.44
240.46
240.48
240.5
240.52
240.54
240.56
240.58
240.6
240.62
240.64
240.66
240.68
240.7
240.72
240.74
240.76
240.78
240.8
240.82
240.84
240.86
240.88
240.9
240.92
240.94
240.96
240.98
241
241.02
241.04
241.06
241.08
241.1
241.12
241.14
241.16
241.18
241.2
241.22
241.24
241.26
241.28
241.3
241.32
241.34
241.36
241.38
241.4
241.42
241.44
241.46
241.48
241.5
241.52
241.54
241.56
241.58
241.6
241.62
241.64
241.66
241.68
241.7
241.72
241.74
241.76
241.78
241.8
241.82
241.84
241.86
241.88
241.9
241.92
241.94
241.96
241.98
242
242.02
242.04
242.06
242.08
242.1
242.12
242.14
242.16
242.18
242.2
242.22
242.24
242.26
242.28
242.3
242.32
242.34
242.36
242.38
242.4
242.42
242.44
242.46
242.48
242.5
242.52
242.54
242.56
242.58
242.6
242.62
242.64
242.66
242.68
242.7
242.72
242.74
242.76
242.78
242.8
242.82
242.84
242.86
242.88
242.9
242.92
242.94
242.96
242.98
243
243.02
243.04
243.06
243.08
243.1
243.12
243.14
243.16
243.18
243.2
243.22
243.24
243.26
243.28
243.3
243.32
243.34
243.36
243.38
243.4
243.42
243.44
243.46
243.48
243.5
243.52
243.54
243.56
243.58
243.6
243.62
243.64
243.66
243.68
243.7
243.72
243.74
243.76
243.78
243.8
243.82
243.84
243.86
243.88
243.9
243.92
243.94
243.96
243.98
244
244.02
244.04
244.06
244.08
244.1
244.12
244.14
244.16
244.18
244.2
244.22
244.24
244.26
244.28
244.3
244.32
244.34
244.36
244.38
244.4
244.42
244.44
244.46
244.48
244.5
244.52
244.54
244.56
244.58
244.6
244.62
244.64
244.66
244.68
244.7
244.72
244.74
244.76
244.78
244.8
244.82
244.84
244.86
244.88
244.9
244.92
244.94
244.96
244.98
245
245.02
245.04
245.06
245.08
245.1
245.12
245.14
245.16
245.18
245.2
245.22
245.24
245.26
245.28
245.3
245.32
245.34
245.36
245.38
245.4
245.42
245.44
245.46
245.48
245.5
245.52
245.54
245.56
245.58
245.6
245.62
245.64
245.66
245.68
245.7
245.72
245.74
245.76
245.78
245.8
245.82
245.84
245.86
245.88
245.9
245.92
245.94
245.96
245.98
246
246.02
246.04
246.06
246.08
246.1
246.12
246.14
246.16
246.18
246.2
246.22
246.24
246.26
246.28
246.3
246.32
246.34
246.36
246.38
246.4
246.42
246.44
246.46
246.48
246.5
246.52
246.54
246.56
246.58
246.6
246.62
246.64
246.66
246.68
246.7
246.72
246.74
246.76
246.78
246.8
246.82
246.84
246.86
246.88
246.9
246.92
246.94
246.96
246.98
247
247.02
247.04
247.06
247.08
247.1
247.12
247.14
247.16
247.18
247.2
247.22
247.24
247.26
247.28
247.3
247.32
247.34
247.36
247.38
247.4
247.42
247.44
247.46
247.48
247.5
247.52
247.54
247.56
247.58
247.6
247.62
247.64
247.66
247.68
247.7
247.72
247.74
247.76
247.78
247.8
247.82
247.84
247.86
247.88
247.9
247.92
247.94
247.96
247.98
248
248.2
248.4
248.6
248.8
249
249.2
249.4
249.6
249.8
250
250.2
250.4
250.6
250.8
251
251.2
251.4
251.6
251.8
252
252.2
252.4
252.6
252.8
253
253.2
253.4
253.6
253.8
254
254.2
254.4
254.6
254.8
255
255.2
255.4
255.6
255.8
256
256.2
256.4
256.6
256.8
257
257.2
257.4
257.6
257.8
258
258.2
258.4
258.6
258.8
259
259.2
259.4
259.6
259.8
260
260.2
260.4
260.6
260.8
261
261.2
261.4
261.6
261.8
262
262.2
262.4
262.6
262.8
263
263.2
263.4
263.6
263.8
264
264.2
264.4
264.6
264.8
265
265.2
265.4
265.6
265.8
266
266.2
266.4
266.6
266.8
267
267.2
267.4
267.6
267.8
268
268.2
268.4
268.6
268.8
269
269.2
269.4
269.6
269.8
270
270.2
270.4
270.6
270.8
271
271.2
271.4
271.6
271.8
272
272.2
272.4
272.6
272.8
273
273.2
273.4
273.6
273.8
274
274.2
274.4
274.6
274.8
275
275.2
275.4
275.6
275.8
276
276.2
276.4
276.6
276.8
277
277.2
277.4
277.6
277.8
278
278.2
278.4
278.6
278.8
279
279.2
279.4
279.6
279.8
280
280.2
280.4
280.6
280.8
281
281.2
281.4
281.6
281.8
282
282.2
282.4
282.6
282.8
283
283.2
283.4
283.6
283.8
284
284.2
284.4
284.6
284.8
285
285.2
285.4
285.6
285.8
286
286.2
286.4
286.6
286.8
287
287.2
287.4
287.6
287.8
288
288.2
288.4
288.6
288.8
289
289.2
289.4
289.6
289.8
290
290.2
290.4
290.6
290.8
291
291.2
291.4
291.6
291.8
292
292.2
292.4
292.6
292.8
293
293.2
293.4
293.6
293.8
294
294.2
294.4
294.6
294.8
295
295.2
295.4
295.6
295.8
296
296.2
296.4
296.6
296.8
297
297.2
297.4
297.6
297.8
298
298.2
298.4
298.6
298.8
299
299.2
299.4
299.6
299.8
300
300.2
300.4
300.6
300.8
301
301.2
301.4
301.6
301.8
302
302.2
302.4
302.6
302.8
303
303.2
303.4
303.6
303.8
304
304.2
304.4
304.6
304.8
305
305.2
305.4
305.6
305.8
306
306.2
306.4
306.6
306.8
307
307.2
307.4
307.6
307.8
308
308.2
308.4
308.6
308.8
309
309.2
309.4
309.6
309.8
310
310.2
310.4
310.6
310.8
311
311.2
311.4
311.6
311.8
312
312.2
312.4
312.6
312.8
313
313.2
313.4
313.6
313.8
314
314.2
314.4
314.6
314.8
315
315.2
315.4
315.6
315.8
316
316.2
316.4
316.6
316.8
318
318.2
318.4
318.6
318.8
319
319.2
319.4
319.6
319.8
320
320.2
320.4
320.6
320.8
321
321.2
321.4
321.6
321.8
322
322.2
322.4
322.6
322.8
323
323.2
323.4
323.6
323.8
324
324.2
324.4
324.6
324.8
325
325.2
325.4
325.6
325.8
326
326.2
326.4
326.6
326.8
327
327.2
327.4
327.6
327.8
328
328.2
328.4
328.6
328.8
329
329.2
329.4
329.6
329.8
330
330.2
330.4
330.6
330.8
331
331.2
331.4
331.6
331.8
332
332.2
332.4
332.6
332.8
333
333.2
333.4
333.6
333.8
334
334.2
334.4
334.6
334.8
335
335.2
335.4
335.6
335.8
336
336.2
336.4
336.6
336.8
337
337.2
337.4
337.6
337.8
338
338.2
338.4
338.6
338.8
339
339.2
339.4
339.6
339.8
340
340.2
340.4
340.6
340.8
341
341.2
341.4
341.6
341.8
342
342.2
342.4
342.6
342.8
343
343.2
343.4
343.6
343.8
344
344.2
344.4
344.6
344.8
345
345.2
345.4
345.6
345.8
346
346.2
346.4
346.6
346.8
347
347.2
347.4
347.6
347.8
348
348.2
348.4
348.6
348.8
349
349.2
349.4
349.6
349.8
350
350.2
350.4
350.6
350.8
351
351.2
351.4
351.6
351.8
352
352.2
352.4
352.6
352.8
353
353.2
353.4
353.6
353.8
354
354.2
354.4
354.6
354.8