C:\Data\BAS_sjro\ARD1A     8/20/2008  re-evaluated data																																											
peakarea																																											
filename	position (mm)	sample surface	validity	E-gain	E-offset	F-slope	F-offset	kcps	MSE	Al	Si	P	S	Cl	Ar	K	Ca	Ti	V	Cr	Mn	Fe	Co	Ni	Cu	Zn	Ga	As	Se	Br	Rb	Sr	Zr	Cs	Ba	Ta	W	Ir	Pt	Pb	D1	inc	coh
C:\Data\BAS_sjro\ARD1A\XRF data\L000000.spe	0.04	8	0	0.018321	-0.005729	0.009481	0.091381	3473	1.04	0	0	0	0	0	83	6	0	11	0	0	0	16	0	0	0	0	0	17	0	31	0	84	250	0	0	0	0	12	0	0	0	6988	1593
C:\Data\BAS_sjro\ARD1A\XRF data\L000001.spe	2.1	6.69	0	0.018321	-0.005708	0.009481	0.09139	6561	1.07	0	5	0	0	0	60	0	0	6	0	0	0	114	0	0	0	0	0	43	54	21	38	812	514	0	0	13	15	27	0	0	0	13727	3676
C:\Data\BAS_sjro\ARD1A\XRF data\L000002.spe	4.2	6.78	0	0.01832	-0.005708	0.009483	0.091396	6678	1.04	0	0	7	21	0	68	0	0	6	0	0	0	113	12	0	0	23	16	71	0	82	0	899	692	0	0	11	16	0	10	0	0	13920	4197
C:\Data\BAS_sjro\ARD1A\XRF data\L000003.spe	6.04	6.94	0	0.018321	-0.005708	0.009484	0.091403	6926	1.06	5	0	5	9	0	57	5	9	4	9	0	0	166	14	0	0	28	0	46	0	54	0	1014	621	0	0	8	15	37	52	0	0	14085	4525
C:\Data\BAS_sjro\ARD1A\XRF data\L000004.spe	8.04	7.06	0	0.018321	-0.005686	0.009484	0.09141	7642	1.02	0	0	8	13	0	72	7	0	6	0	0	0	149	22	0	0	39	0	75	0	145	17	1340	604	0	0	8	0	0	7	0	22	15510	4918
C:\Data\BAS_sjro\ARD1A\XRF data\L000005.spe	10.04	7.17	0	0.018321	-0.00571	0.009484	0.091402	6743	1.06	10	8	22	26	13	81	0	18	0	0	16	11	121	14	0	16	35	0	37	11	41	18	925	769	5	6	0	4	36	29	0	13	13833	4156
C:\Data\BAS_sjro\ARD1A\XRF data\L000006.spe	12.04	7.22	0	0.01832	-0.00571	0.009483	0.091409	5304	1	8	12	24	14	0	76	6	12	0	0	0	0	83	12	0	0	12	0	43	0	62	0	563	492	0	7	0	26	32	19	0	0	10456	3088
C:\Data\BAS_sjro\ARD1A\XRF data\L000007.spe	14.04	7.28	0	0.018321	-0.005736	0.009483	0.0914	6797	1.05	0	7	0	5	10	82	6	14	0	0	10	5	104	8	0	0	23	0	0	0	69	0	965	663	4	0	9	14	6	23	69	0	14111	4148
C:\Data\BAS_sjro\ARD1A\XRF data\L000008.spe	16.04	7.31	0	0.018321	-0.005762	0.009483	0.091408	6250	0.96	8	0	23	13	0	63	7	6	0	0	0	0	110	8	0	11	22	0	0	0	53	32	706	594	0	0	0	10	18	37	51	26	12729	3519
C:\Data\BAS_sjro\ARD1A\XRF data\L000009.spe	18.04	7.31	0	0.01832	-0.005762	0.009481	0.091397	7836	1.16	6	0	0	15	0	81	7	93	51	0	0	16	2645	9	0	28	21	39	0	0	125	0	867	752	8	0	0	15	0	46	44	34	14932	4364
C:\Data\BAS_sjro\ARD1A\XRF data\L000010.spe	20.04	7.31	0	0.018321	-0.005787	0.009481	0.091406	6018	1.07	0	10	18	29	13	72	13	121	98	15	0	39	3191	26	0	0	21	0	0	6	70	32	777	462	0	0	23	17	13	19	57	0	10682	3475
C:\Data\BAS_sjro\ARD1A\XRF data\L000011.spe	22.04	7.31	0	0.018321	-0.005787	0.00948	0.0914	7236	0.97	0	0	12	32	0	73	20	208	125	0	0	37	4751	57	0	5	66	0	7	6	86	23	1009	705	0	0	0	0	42	35	32	31	12610	4056
C:\Data\BAS_sjro\ARD1A\XRF data\L000012.spe	24.04	7.31	0	0.018321	-0.005787	0.009478	0.0914	6252	1.03	0	6	7	0	0	79	8	94	63	0	0	11	2512	24	0	12	37	13	0	20	98	10	1017	463	0	0	0	31	12	38	42	21	11586	3722
C:\Data\BAS_sjro\ARD1A\XRF data\L000013.spe	26.04	7.34	1	0.018321	-0.005787	0.009478	0.091408	8929	1.02	0	26	0	39	0	66	28	662	409	33	10	150	12336	77	0	31	84	21	11	49	83	0	1221	642	0	0	33	12	8	33	10	0	13275	4437
C:\Data\BAS_sjro\ARD1A\XRF data\L000014.spe	28.04	7.29	1	0.018321	-0.005787	0.009478	0.091428	11596	1.31	0	12	11	34	11	44	69	1256	728	42	0	271	20997	110	8	95	86	15	0	0	200	42	1544	781	0	7	0	27	48	28	140	25	15701	4801
C:\Data\BAS_sjro\ARD1A\XRF data\L000015.spe	30.2	7.12	1	0.018321	-0.005754	0.009477	0.091428	9186	1.14	13	26	0	19	0	41	75	1297	711	19	0	217	21673	202	14	104	109	23	92	42	72	0	1128	622	0	12	0	34	21	4	0	74	10454	3543
C:\Data\BAS_sjro\ARD1A\XRF data\L000016.spe	32.1	7.16	1	0.018321	-0.005735	0.009477	0.091436	9326	1.17	0	15	0	15	0	46	86	1388	789	34	0	275	23242	198	0	21	72	65	47	44	76	14	1063	542	0	0	0	0	0	18	11	45	10412	3352
C:\Data\BAS_sjro\ARD1A\XRF data\L000017.spe	34.1	7.22	1	0.018321	-0.005735	0.009478	0.091452	9633	1.13	8	18	0	12	0	27	64	1404	725	42	0	251	23023	173	8	74	153	47	194	70	52	44	1131	558	0	0	0	40	21	24	0	118	11141	3635
C:\Data\BAS_sjro\ARD1A\XRF data\L000018.spe	36.04	7.29	1	0.018321	-0.005735	0.009478	0.091457	11136	1.12	0	30	0	24	10	33	67	1641	924	64	0	313	26294	245	0	71	109	0	46	74	141	0	1405	637	0	7	0	0	61	25	0	28	12647	4082
C:\Data\BAS_sjro\ARD1A\XRF data\L000019.spe	38.04	7.3	1	0.018321	-0.00577	0.009477	0.09145	11990	1.27	0	38	6	25	0	28	59	1939	1069	36	0	355	31222	278	0	58	106	0	44	88	89	48	1591	726	0	0	12	42	39	11	0	27	13124	4289
C:\Data\BAS_sjro\ARD1A\XRF data\L000020.spe	40.04	7.3	1	0.018321	-0.005793	0.009475	0.091459	10349	1.16	0	15	0	8	0	34	75	1561	795	57	0	282	24823	211	0	91	168	0	86	90	151	32	1313	614	0	0	12	56	30	43	19	119	11647	3962
C:\Data\BAS_sjro\ARD1A\XRF data\L000021.spe	42.04	7.36	1	0.01832	-0.005793	0.009475	0.091459	10758	1.07	0	30	0	28	4	35	64	1799	931	16	12	270	29181	213	12	135	168	0	0	15	177	0	1219	502	0	0	8	20	34	39	76	0	11073	3767
C:\Data\BAS_sjro\ARD1A\XRF data\L000022.spe	44.04	7.41	1	0.01832	-0.005793	0.009478	0.091459	11008	1.12	13	25	0	39	0	46	79	1458	858	26	9	249	24714	203	7	66	122	50	102	84	136	113	1361	708	0	0	0	17	25	50	0	24	13307	4362
C:\Data\BAS_sjro\ARD1A\XRF data\L000023.spe	46.04	7.41	1	0.01832	-0.005793	0.00948	0.091468	11967	1.23	0	25	0	31	0	32	85	1629	955	65	0	287	27733	254	26	141	154	119	60	0	195	19	1542	719	0	0	0	24	0	48	0	75	14056	4646
C:\Data\BAS_sjro\ARD1A\XRF data\L000024.spe	48.04	7.41	1	0.01832	-0.005793	0.009482	0.091468	11684	1.22	0	30	11	24	8	46	77	1451	906	26	16	289	25026	160	0	86	108	67	108	68	95	66	1444	763	0	24	0	8	0	62	0	73	13926	4642
C:\Data\BAS_sjro\ARD1A\XRF data\L000025.spe	50.04	7.41	1	0.01832	-0.005793	0.00948	0.091468	12531	1.12	0	32	13	23	0	45	70	1499	1083	70	0	399	27156	274	17	75	70	40	0	28	165	0	1506	719	6	0	0	0	9	27	0	74	14903	4769
C:\Data\BAS_sjro\ARD1A\XRF data\L000026.spe	52.04	7.41	1	0.01832	-0.005813	0.00948	0.091468	13118	1.11	0	33	25	31	20	60	86	1675	1241	64	5	358	30475	259	0	124	143	31	29	28	233	43	1608	624	0	4	0	68	45	64	24	95	15301	4972
C:\Data\BAS_sjro\ARD1A\XRF data\L000027.spe	54.04	7.44	1	0.01832	-0.005813	0.00948	0.091484	10755	1.18	13	9	9	27	0	88	54	1128	865	31	35	263	20432	210	30	100	146	28	0	64	55	0	1320	709	15	0	0	26	26	60	52	0	14061	4597
C:\Data\BAS_sjro\ARD1A\XRF data\L000028.spe	56.04	7.36	1	0.01832	-0.005783	0.009478	0.091484	10623	1.12	0	17	0	0	11	75	62	1033	795	46	0	232	21064	144	7	48	127	46	0	33	99	0	1445	752	7	0	0	27	19	66	78	16	13952	4645
C:\Data\BAS_sjro\ARD1A\XRF data\L000029.spe	58.04	7.31	0	0.01832	-0.005757	0.009478	0.091494	6576	1.18	0	8	0	18	0	59	15	208	178	0	0	60	5157	52	0	26	74	6	84	0	75	0	864	594	4	0	8	19	34	8	0	0	11040	3817
C:\Data\BAS_sjro\ARD1A\XRF data\L000030.spe	60.04	7.31	0	0.01832	-0.005757	0.009477	0.091488	6227	1.16	11	7	0	9	12	82	12	92	28	5	0	21	1646	27	0	23	76	36	38	22	33	57	1183	566	5	0	0	16	0	13	0	0	11713	4091
C:\Data\BAS_sjro\ARD1A\XRF data\L000031.spe	62.04	7.32	1	0.01832	-0.005757	0.009475	0.091488	10058	1.24	0	10	11	34	0	78	29	1327	296	8	9	224	10720	134	0	321	503	13	43	45	227	0	2428	635	0	5	0	48	29	52	0	0	14994	4538
C:\Data\BAS_sjro\ARD1A\XRF data\L000032.spe	64.04	7.31	1	0.01832	-0.005738	0.009475	0.091488	12109	1.15	0	22	31	51	0	34	92	2413	330	22	9	314	13628	94	0	705	932	0	0	35	374	71	3513	728	6	6	0	0	11	57	46	0	16879	4974
C:\Data\BAS_sjro\ARD1A\XRF data\L000033.spe	66.04	7.33	1	0.018321	-0.005709	0.009475	0.09148	9071	0.99	10	14	11	35	0	56	34	1308	186	0	0	159	8380	65	0	383	561	44	0	86	333	0	2909	547	0	14	0	0	0	12	66	0	13743	4049
C:\Data\BAS_sjro\ARD1A\XRF data\L000034.spe	68.1	7.31	1	0.01832	-0.005709	0.009476	0.091474	10029	1.1	6	23	0	19	0	40	59	1203	474	25	13	185	12298	130	0	241	378	0	5	95	261	0	3059	637	0	12	21	55	21	20	24	0	14645	4467
C:\Data\BAS_sjro\ARD1A\XRF data\L000035.spe	70.04	7.29	1	0.01832	-0.005709	0.009478	0.091468	11492	1.07	8	5	13	31	0	44	54	1984	322	5	0	263	13311	130	0	619	848	0	57	89	396	19	4031	603	0	17	0	0	32	10	0	52	16619	4717
C:\Data\BAS_sjro\ARD1A\XRF data\L000036.spe	72.04	7.34	1	0.01832	-0.005731	0.009479	0.091468	12447	1.1	0	15	19	75	9	30	82	2664	418	34	0	345	21641	169	0	691	957	0	0	155	400	0	3895	637	0	0	14	0	58	0	73	41	15665	4346
C:\Data\BAS_sjro\ARD1A\XRF data\L000037.spe	74.04	7.36	1	0.01832	-0.005731	0.009479	0.091461	11255	1.11	0	19	22	22	31	52	82	2113	337	19	22	262	15637	108	0	648	793	0	118	51	332	0	3129	642	11	31	8	0	27	32	0	40	15644	4392
C:\Data\BAS_sjro\ARD1A\XRF data\L000038.spe	76.04	7.36	1	0.01832	-0.005731	0.00948	0.091461	9942	1.04	5	15	0	29	0	45	51	963	415	23	0	128	11225	127	0	184	301	0	59	24	209	0	2759	589	0	0	0	45	0	51	32	53	15178	4376
C:\Data\BAS_sjro\ARD1A\XRF data\L000039.spe	78.04	7.36	1	0.01832	-0.005731	0.00948	0.091456	12882	1.17	0	40	11	37	0	21	75	1178	690	15	0	245	19476	159	0	151	399	6	0	83	359	65	2544	793	0	0	19	17	0	63	77	85	18106	5338
C:\Data\BAS_sjro\ARD1A\XRF data\L000040.spe	80.04	7.36	1	0.018319	-0.005731	0.009479	0.091456	13962	1.16	0	38	0	32	0	35	103	1391	661	62	4	236	20425	178	15	173	430	65	0	74	279	36	2775	768	0	36	0	55	0	52	88	46	20055	5519
C:\Data\BAS_sjro\ARD1A\XRF data\L000041.spe	82.04	7.37	1	0.01832	-0.005764	0.009481	0.091456	12161	1.21	0	24	5	23	0	49	78	1265	623	32	6	214	17212	102	0	128	385	38	4	141	166	33	2485	739	0	0	15	50	23	63	9	25	17790	5061
C:\Data\BAS_sjro\ARD1A\XRF data\L000042.spe	84.04	7.39	1	0.01832	-0.005792	0.009479	0.091456	12414	1.17	0	26	6	54	10	45	70	1848	429	0	23	290	16220	80	0	462	531	0	0	36	354	41	3760	588	0	31	19	8	31	37	53	75	17872	5245
C:\Data\BAS_sjro\ARD1A\XRF data\L000043.spe	86.04	7.36	1	0.01832	-0.005816	0.009481	0.091448	13971	1.16	0	15	37	49	0	67	65	3529	367	24	12	394	17384	163	0	945	1098	21	37	102	387	0	5179	792	0	0	0	28	7	96	0	29	18689	5452
C:\Data\BAS_sjro\ARD1A\XRF data\L000044.spe	88.04	7.35	1	0.01832	-0.005816	0.009481	0.091439	13743	1.13	0	16	15	50	14	67	59	2820	250	31	28	331	13734	105	7	809	1015	0	111	140	466	91	4834	864	8	20	0	51	91	58	0	54	20195	5590
C:\Data\BAS_sjro\ARD1A\XRF data\L000045.spe	90.04	7.37	1	0.01832	-0.005785	0.009483	0.091432	11660	1.16	0	0	9	33	0	75	55	2056	225	17	0	274	10789	82	15	638	834	0	23	120	422	27	4480	610	6	6	21	39	70	56	73	0	17931	5034
C:\Data\BAS_sjro\ARD1A\XRF data\L000046.spe	92.04	7.33	1	0.01832	-0.005757	0.009483	0.09142	10706	1.18	0	21	10	55	7	82	42	1383	143	13	0	194	7128	109	0	440	621	61	47	61	341	65	4993	864	8	0	0	43	0	8	43	9	17548	5001
C:\Data\BAS_sjro\ARD1A\XRF data\L000047.spe	94.04	7.34	1	0.01832	-0.005757	0.009484	0.09142	10433	1.15	14	19	10	33	19	66	42	1615	192	4	0	194	6861	65	0	468	646	49	165	75	360	22	5148	546	0	0	13	36	0	27	0	40	16497	4657
C:\Data\BAS_sjro\ARD1A\XRF data\L000048.spe	96.04	7.22	1	0.01832	-0.005757	0.009482	0.09141	12062	1.18	10	9	22	31	0	13	44	1972	172	20	15	257	7607	58	0	541	990	0	127	143	395	0	6850	566	0	0	0	0	22	44	5	0	18811	5309
C:\Data\BAS_sjro\ARD1A\XRF data\L000049.spe	98.04	7.16	1	0.01832	-0.005757	0.009482	0.09141	14503	1.18	23	17	16	20	15	12	65	2543	287	36	6	322	10624	68	11	791	1326	20	0	213	561	0	8133	855	6	0	12	34	18	79	110	0	21862	6415
C:\Data\BAS_sjro\ARD1A\XRF data\L000050.spe	100.04	7.17	1	0.01832	-0.005757	0.009482	0.091395	13758	1.18	0	7	20	35	0	23	114	3698	331	35	13	457	14833	158	0	945	1372	0	122	208	504	5	6818	669	7	24	55	6	0	18	0	0	19022	5481
C:\Data\BAS_sjro\ARD1A\XRF data\L000051.spe	102.04	7.18	1	0.018321	-0.005732	0.009482	0.091395	13302	1.09	11	36	41	49	0	29	96	3392	344	0	0	382	14034	94	16	780	1180	61	39	170	340	64	6396	658	0	0	0	50	6	75	12	56	18931	5425
C:\Data\BAS_sjro\ARD1A\XRF data\L000052.spe	104.04	7.18	1	0.018321	-0.005732	0.009481	0.091395	13740	1.06	0	21	45	51	9	38	102	3482	396	0	0	446	13079	48	0	926	1320	14	69	108	578	29	6930	802	0	0	0	21	0	28	60	0	19793	5685
C:\Data\BAS_sjro\ARD1A\XRF data\L000053.spe	106.04	7.18	1	0.018321	-0.005712	0.009482	0.091389	14328	1.11	0	23	22	55	0	47	112	4215	413	41	0	549	14930	168	0	929	1608	0	79	188	689	0	7277	740	0	0	32	71	99	80	5	22	19348	5530
C:\Data\BAS_sjro\ARD1A\XRF data\L000054.spe	108.04	7.18	1	0.01832	-0.005712	0.009483	0.091383	10694	1.02	8	14	15	24	0	59	52	1776	202	26	0	231	6818	73	0	473	768	0	0	37	323	0	5697	625	0	0	7	41	21	57	103	0	17117	4901
C:\Data\BAS_sjro\ARD1A\XRF data\L000055.spe	110.04	7.2	1	0.01832	-0.005743	0.009483	0.091386	11321	1.11	12	21	17	63	14	57	76	1812	187	35	0	250	8197	61	0	493	823	0	95	120	374	15	5948	669	0	0	39	8	39	60	0	6	17703	5277
C:\Data\BAS_sjro\ARD1A\XRF data\L000056.spe	112.04	7.1	1	0.01832	-0.005743	0.009483	0.091386	11677	1.08	0	20	24	32	11	35	54	1590	157	0	0	169	8587	70	0	508	725	17	12	108	370	0	6383	631	0	0	0	36	17	55	33	39	18244	5298
C:\Data\BAS_sjro\ARD1A\XRF data\L000057.spe	114.04	7.1	1	0.01832	-0.005777	0.009482	0.091386	13380	1.12	13	42	33	36	15	43	74	3179	410	0	23	383	16345	135	0	901	1058	0	115	141	549	0	6017	739	0	0	0	30	16	114	30	62	18288	5046
C:\Data\BAS_sjro\ARD1A\XRF data\L000058.spe	116.1	7.12	1	0.01832	-0.005777	0.00948	0.091393	9844	1.08	0	0	6	35	10	59	33	1385	154	28	0	174	9415	134	0	417	562	0	112	89	402	7	4367	591	0	0	28	53	72	43	0	18	14763	4260
C:\Data\BAS_sjro\ARD1A\XRF data\L000059.spe	118.04	7.22	1	0.01832	-0.005777	0.009479	0.091385	9947	1.16	0	0	0	25	0	63	42	991	145	0	0	139	6810	38	0	398	546	16	46	94	341	19	5110	611	0	0	0	28	49	52	0	5	15962	4628
C:\Data\BAS_sjro\ARD1A\XRF data\L000060.spe	120.04	7.26	0	0.01832	-0.005777	0.009477	0.091392	7463	1.12	7	4	0	9	0	67	16	605	57	0	0	47	3186	62	0	192	304	37	58	59	138	18	3459	599	6	0	0	0	0	0	0	0	12869	3887
C:\Data\BAS_sjro\ARD1A\XRF data\L000061.spe	122.04	7.3	0	0.01832	-0.005758	0.009477	0.091401	7998	1.16	0	0	14	28	0	64	29	1296	121	9	0	173	6592	26	0	400	534	15	47	133	315	0	3753	450	0	0	27	51	36	16	41	0	12249	3511
C:\Data\BAS_sjro\ARD1A\XRF data\L000062.spe	124.04	7.34	0	0.01832	-0.005758	0.009477	0.091401	5855	1.09	0	0	0	16	0	62	5	493	57	11	0	84	2182	21	0	185	236	0	69	0	172	0	2793	549	0	0	0	34	0	87	0	4	9934	2993
C:\Data\BAS_sjro\ARD1A\XRF data\L000063.spe	126.04	7.34	0	0.018319	-0.005758	0.009476	0.091401	7275	1.03	0	6	19	20	9	60	18	869	65	5	0	108	4459	58	0	269	356	0	136	46	139	0	3100	531	9	0	20	46	50	31	0	0	11685	3611
C:\Data\BAS_sjro\ARD1A\XRF data\L000064.spe	128.04	7.34	1	0.018319	-0.005788	0.009476	0.091392	12314	1.14	0	25	16	36	14	41	44	2284	234	15	7	305	12078	122	0	688	871	15	91	90	453	0	5063	624	0	0	19	11	19	39	0	34	18802	5340
C:\Data\BAS_sjro\ARD1A\XRF data\L000065.spe	130.04	7.34	1	0.018319	-0.005756	0.009474	0.091383	13804	1.11	0	17	20	41	0	46	96	2621	337	0	0	309	15793	120	0	659	1115	0	0	150	542	72	5432	808	0	18	9	0	37	69	118	33	20045	5559
C:\Data\BAS_sjro\ARD1A\XRF data\L000066.spe	132.1	7.34	1	0.018319	-0.005781	0.009476	0.091376	10031	1.09	0	10	12	16	9	55	22	535	107	8	5	84	6100	87	0	201	322	0	36	59	328	0	4062	826	0	7	24	56	53	34	27	0	16997	5017
C:\Data\BAS_sjro\ARD1A\XRF data\L000067.spe	134.1	7.36	1	0.018319	-0.00581	0.009476	0.091369	12600	1.21	0	0	14	46	0	53	64	1454	314	16	32	182	15317	129	0	479	691	91	72	122	393	0	5110	799	0	0	0	20	0	0	0	31	18163	5178
C:\Data\BAS_sjro\ARD1A\XRF data\L000068.spe	136.04	7.5	1	0.018319	-0.00581	0.009477	0.091362	11114	1.15	13	17	13	42	0	44	67	1476	279	37	6	201	13104	126	0	478	570	0	0	110	365	0	4254	718	0	0	33	42	0	42	89	0	16036	4671
C:\Data\BAS_sjro\ARD1A\XRF data\L000069.spe	138.1	7.51	1	0.018319	-0.005829	0.009476	0.091362	9992	1.2	0	0	6	29	4	46	25	1350	166	22	0	170	7763	63	0	432	516	65	133	40	260	0	4123	644	0	0	0	21	0	0	0	10	15553	4349
C:\Data\BAS_sjro\ARD1A\XRF data\L000070.spe	140.1	7.51	0	0.01832	-0.005854	0.009476	0.091369	5648	1.13	0	9	0	14	0	75	19	249	68	0	0	24	2607	27	0	116	174	0	35	25	126	0	1831	420	0	0	5	35	40	33	6	0	9921	3036
C:\Data\BAS_sjro\ARD1A\XRF data\L000071.spe	142.04	7.51	0	0.01832	-0.005879	0.009476	0.09136	7523	1.07	0	5	0	26	0	62	26	446	156	0	0	66	7813	88	0	225	217	19	98	38	195	0	2362	458	0	0	10	34	0	20	0	0	11830	3414
C:\Data\BAS_sjro\ARD1A\XRF data\L000072.spe	144.2	7.51	1	0.01832	-0.005879	0.009477	0.09136	11770	1.08	0	49	28	66	9	71	59	988	462	21	11	131	15193	130	14	500	482	16	31	125	301	107	3675	706	0	0	14	8	27	21	31	12	16875	4902
C:\Data\BAS_sjro\ARD1A\XRF data\L000073.spe	146.2	7.53	1	0.01832	-0.005879	0.009479	0.091352	11002	1.17	0	18	0	24	0	57	66	798	420	23	16	133	12895	143	0	353	279	0	0	89	268	47	3089	637	0	0	19	40	56	56	57	0	16420	4717
C:\Data\BAS_sjro\ARD1A\XRF data\L000074.spe	148.04	7.54	1	0.01832	-0.005879	0.009481	0.091352	12439	1.3	0	21	17	33	14	27	70	871	363	0	21	124	10648	50	0	315	439	0	183	163	395	0	3785	780	0	13	41	0	42	36	0	60	19944	5338
C:\Data\BAS_sjro\ARD1A\XRF data\L000075.spe	150.04	7.55	1	0.01832	-0.005905	0.009481	0.091352	14259	1.18	4	35	23	34	0	36	99	1788	542	21	28	221	14364	100	0	729	709	0	36	100	562	76	4322	905	0	10	0	31	13	63	78	0	21780	5832
C:\Data\BAS_sjro\ARD1A\XRF data\L000076.spe	152.04	7.55	1	0.01832	-0.005905	0.009479	0.091361	12469	1.2	0	40	31	31	20	59	83	1695	513	18	15	217	13848	124	0	642	621	28	163	180	550	0	3800	731	0	14	0	20	11	36	0	0	18435	4968
C:\Data\BAS_sjro\ARD1A\XRF data\L000077.spe	154.04	7.55	1	0.01832	-0.005905	0.009476	0.091361	10740	1.21	0	12	12	15	9	62	44	912	416	37	0	153	11813	29	0	293	369	0	63	76	230	39	3251	596	0	0	12	5	28	13	0	16	16527	4544
C:\Data\BAS_sjro\ARD1A\XRF data\L000078.spe	156.04	7.56	1	0.01832	-0.005936	0.009476	0.091357	11736	1.1	5	16	23	20	5	40	48	1221	366	10	36	150	11257	119	0	422	476	8	134	71	424	67	4176	684	5	11	0	29	0	23	0	21	18323	5104
C:\Data\BAS_sjro\ARD1A\XRF data\L000079.spe	158.04	7.6	1	0.01832	-0.005917	0.009476	0.091357	13204	1.14	0	15	6	23	0	30	70	1050	483	13	26	168	17548	103	0	345	380	0	18	83	378	16	3689	872	0	25	0	0	23	48	22	0	19183	5342
C:\Data\BAS_sjro\ARD1A\XRF data\L000080.spe	160.04	7.61	1	0.01832	-0.005936	0.009476	0.091357	12656	1.1	10	39	12	45	13	36	91	1371	590	39	8	213	20059	85	7	537	480	34	109	85	394	16	3660	659	6	0	0	34	0	65	0	0	16651	4703
C:\Data\BAS_sjro\ARD1A\XRF data\L000081.spe	162.04	7.61	1	0.018321	-0.005936	0.009476	0.091368	10488	1.27	0	15	12	28	0	23	49	1489	182	25	8	253	10322	79	0	525	719	0	0	45	379	0	4489	701	0	0	0	23	6	55	58	54	15357	4503
C:\Data\BAS_sjro\ARD1A\XRF data\L000082.spe	164.04	7.61	1	0.018321	-0.005965	0.009478	0.091368	13941	1.21	0	28	31	67	8	22	74	2771	292	16	16	387	17252	192	0	900	1072	91	70	163	519	61	6009	797	4	26	0	75	0	37	76	99	18956	5331
C:\Data\BAS_sjro\ARD1A\XRF data\L000083.spe	166.04	7.61	1	0.018321	-0.005965	0.009476	0.091376	14710	1.13	9	14	25	37	9	28	94	3354	440	30	9	483	17633	137	5	1081	1262	0	0	120	487	38	6297	784	0	0	0	41	68	148	66	0	19715	5644
C:\Data\BAS_sjro\ARD1A\XRF data\L000084.spe	168.04	7.63	1	0.018321	-0.005936	0.009475	0.091368	12675	1.17	0	7	46	26	0	31	104	3200	361	19	6	423	15009	87	0	902	1284	50	70	188	449	7	5528	624	0	9	10	0	0	51	6	0	16637	4623
C:\Data\BAS_sjro\ARD1A\XRF data\L000085.spe	170.04	7.63	1	0.018321	-0.005936	0.009477	0.091361	13821	1.17	5	35	35	58	0	42	108	3693	354	16	13	517	16532	124	0	1047	1350	6	134	203	519	46	6124	626	0	0	9	47	42	38	44	17	18295	5007
C:\Data\BAS_sjro\ARD1A\XRF data\L000086.spe	172.04	7.6	1	0.01832	-0.005962	0.009477	0.091361	12990	1.09	0	18	19	38	0	19	74	2482	253	0	20	339	11602	86	0	659	1089	33	59	111	559	42	5759	771	0	13	7	75	7	48	56	24	19234	5369
C:\Data\BAS_sjro\ARD1A\XRF data\L000087.spe	174.04	7.6	1	0.018321	-0.005962	0.009478	0.091361	11635	1.17	0	7	18	31	0	44	80	1950	245	33	0	259	10708	64	12	585	896	0	170	168	383	0	5071	669	9	0	63	48	78	27	0	98	16858	4865
C:\Data\BAS_sjro\ARD1A\XRF data\L000088.spe	176.1	7.55	1	0.018321	-0.005962	0.00948	0.091361	12051	1.15	0	10	11	15	0	40	32	2867	282	18	18	367	13134	109	0	738	900	35	25	123	409	0	4913	489	0	0	33	22	0	44	61	0	17191	4798
C:\Data\BAS_sjro\ARD1A\XRF data\L000089.spe	178.04	7.54	1	0.018321	-0.005993	0.00948	0.09135	12292	1.15	0	7	15	53	0	26	62	2392	245	4	15	273	13045	131	9	539	819	6	205	85	401	17	5473	606	9	20	0	30	32	56	0	84	17870	5182
C:\Data\BAS_sjro\ARD1A\XRF data\L000090.spe	180.04	7.54	1	0.018321	-0.005993	0.009478	0.09135	15015	1.19	0	15	33	44	16	22	127	3291	515	33	57	437	21195	177	0	873	1055	0	43	165	483	102	5540	767	12	11	12	60	0	23	40	0	19586	5415
C:\Data\BAS_sjro\ARD1A\XRF data\L000091.spe	182.04	7.57	1	0.01832	-0.005993	0.009477	0.09135	11656	1.08	7	10	21	50	0	19	48	1657	444	5	9	255	15714	85	10	331	507	10	15	160	334	78	3146	609	0	0	26	59	56	77	91	40	16570	4882
C:\Data\BAS_sjro\ARD1A\XRF data\L000092.spe	184.04	7.53	1	0.018321	-0.006015	0.009477	0.09135	14964	1.17	0	27	15	36	0	14	100	2215	800	61	19	416	26820	205	22	364	464	31	98	70	236	0	3568	759	0	30	0	16	0	38	28	0	19878	6020
C:\Data\BAS_sjro\ARD1A\XRF data\L000093.spe	186.1	7.51	1	0.018321	-0.006015	0.009476	0.09135	12396	1.08	0	17	14	31	13	59	81	2043	522	23	14	260	15787	132	0	389	418	9	49	68	213	0	2912	694	0	15	0	0	5	49	0	0	17723	5229
C:\Data\BAS_sjro\ARD1A\XRF data\L000094.spe	188.1	7.5	1	0.018321	-0.006015	0.009475	0.091357	10654	1.22	0	15	12	14	8	39	39	1338	279	32	10	163	11896	65	0	212	310	0	97	108	284	46	2478	689	0	14	6	47	30	49	0	127	16172	4663
C:\Data\BAS_sjro\ARD1A\XRF data\L000095.spe	190.2	7.52	1	0.018321	-0.006015	0.009474	0.091357	12816	1.1	0	35	32	46	9	45	91	2270	689	39	5	290	21068	172	0	382	486	13	0	79	225	71	2915	703	7	0	0	54	59	9	55	49	17149	5008
C:\Data\BAS_sjro\ARD1A\XRF data\L000096.spe	192.1	7.54	1	0.018321	-0.005982	0.009472	0.091357	12521	1.21	0	25	20	26	0	27	64	2420	577	0	17	317	18412	137	33	415	529	109	42	55	356	23	2879	569	4	0	0	29	0	59	61	0	16767	4960
C:\Data\BAS_sjro\ARD1A\XRF data\L000097.spe	194.1	7.54	1	0.01832	-0.006016	0.009474	0.091357	13358	1.16	5	17	31	24	0	66	76	2642	706	18	8	336	22317	155	0	437	522	20	22	111	289	0	3294	746	0	6	11	36	0	37	70	77	17444	4921
C:\Data\BAS_sjro\ARD1A\XRF data\L000098.spe	196.2	7.54	1	0.01832	-0.005992	0.009476	0.091367	9708	1.14	0	13	19	38	9	68	59	1063	300	18	0	144	10137	107	8	212	233	29	130	113	208	0	2510	713	11	0	0	44	41	45	0	6	15121	4357
C:\Data\BAS_sjro\ARD1A\XRF data\L000099.spe	198.04	7.54	1	0.01832	-0.005992	0.009476	0.091374	12342	1.14	7	22	0	26	6	40	75	1882	466	51	0	246	17226	149	0	278	423	0	36	149	293	13	3152	653	0	0	21	0	10	0	58	89	17559	5079
C:\Data\BAS_sjro\ARD1A\XRF data\L000100.spe	200.1	7.55	1	0.01832	-0.006017	0.009474	0.091374	12186	1.05	0	12	22	11	0	40	78	1804	405	17	0	259	13502	126	0	342	478	0	8	89	268	43	3358	788	0	7	0	9	58	62	0	25	18806	5344
C:\Data\BAS_sjro\ARD1A\XRF data\L000101.spe	202.04	7.56	1	0.01832	-0.006017	0.009472	0.091367	12905	1.18	0	15	5	16	7	20	54	2228	363	37	16	259	13326	84	6	429	634	30	103	108	380	147	3807	899	14	11	0	19	15	67	0	80	19873	5726
C:\Data\BAS_sjro\ARD1A\XRF data\L000102.spe	204.1	7.52	1	0.018321	-0.006036	0.009472	0.091367	13032	1.04	0	26	33	32	0	33	74	2493	528	45	0	334	17368	120	0	436	667	20	81	155	393	64	3589	714	16	11	7	25	45	59	0	42	18125	5435
C:\Data\BAS_sjro\ARD1A\XRF data\L000103.spe	206.2	7.54	1	0.01832	-0.006005	0.009472	0.091358	13794	1.18	0	12	12	33	6	43	95	2068	609	32	14	306	18482	183	0	317	375	0	237	91	244	0	3412	780	8	0	4	18	36	49	0	119	19993	5712
C:\Data\BAS_sjro\ARD1A\XRF data\L000104.spe	208.1	7.53	1	0.01832	-0.006005	0.009471	0.091358	12632	1.08	0	20	13	8	5	12	63	1777	513	5	10	280	17503	121	0	301	395	44	0	101	221	81	3150	755	15	0	0	36	0	35	57	103	18486	5332
C:\Data\BAS_sjro\ARD1A\XRF data\L000105.spe	210.1	7.51	1	0.018319	-0.006039	0.009472	0.09135	12944	1.29	0	14	9	27	13	45	92	1969	601	13	0	263	19711	187	0	359	367	60	7	0	310	0	3112	592	9	0	0	0	0	28	45	79	17631	4968
C:\Data\BAS_sjro\ARD1A\XRF data\L000106.spe	212.1	7.51	1	0.018319	-0.006039	0.009474	0.09135	10747	1.06	0	27	0	21	8	52	75	1999	637	5	7	233	17650	120	0	308	324	48	46	80	224	60	2630	598	8	13	0	0	0	18	10	96	14330	4342
C:\Data\BAS_sjro\ARD1A\XRF data\L000107.spe	214.2	7.56	1	0.018319	-0.006039	0.009476	0.09135	9943	1.22	0	0	0	26	0	61	23	918	271	20	5	166	10120	100	0	152	193	47	15	76	200	0	2448	733	13	0	15	42	5	24	30	0	15546	4541
C:\Data\BAS_sjro\ARD1A\XRF data\L000108.spe	216.1	7.62	1	0.018318	-0.005984	0.009478	0.09135	13621	1.26	0	26	7	33	8	29	93	2178	669	27	22	306	20750	216	0	346	391	0	0	74	281	106	3227	818	0	5	0	13	0	93	69	21	18496	5211
C:\Data\BAS_sjro\ARD1A\XRF data\L000109.spe	218.04	7.66	1	0.018318	-0.005944	0.009478	0.09135	12605	1.11	18	31	8	50	19	60	87	1960	622	4	0	311	20196	113	0	339	386	77	0	24	289	0	2760	678	0	8	0	21	0	61	86	0	16945	4945
C:\Data\BAS_sjro\ARD1A\XRF data\L000110.spe	220.04	7.66	1	0.018318	-0.005944	0.00948	0.09135	10618	1.19	0	6	0	7	0	61	39	1410	444	0	18	196	14024	76	0	215	355	19	58	105	214	68	2295	625	0	0	28	48	37	33	8	78	15553	4445
C:\Data\BAS_sjro\ARD1A\XRF data\L000111.spe	222.04	7.66	1	0.018318	-0.005944	0.009481	0.091341	11693	1.13	0	11	16	12	0	44	44	1712	511	29	8	227	15631	141	0	266	312	0	76	79	294	72	2560	740	0	0	8	21	8	0	0	123	16638	4852
C:\Data\BAS_sjro\ARD1A\XRF data\L000112.spe	224.04	7.66	1	0.018318	-0.005973	0.009479	0.09135	13293	1.16	20	26	0	39	0	35	87	2075	636	33	22	323	21013	156	0	322	410	0	33	47	264	9	3056	763	0	11	0	41	34	77	51	89	18204	5278
C:\Data\BAS_sjro\ARD1A\XRF data\L000113.spe	226.04	7.67	1	0.018318	-0.005896	0.009479	0.09135	13488	1.15	9	25	13	35	0	39	83	2203	674	48	10	286	21793	206	10	369	445	17	27	145	264	94	3112	702	9	0	0	44	0	54	66	0	18097	5393
C:\Data\BAS_sjro\ARD1A\XRF data\L000114.spe	228.04	7.71	1	0.018318	-0.005896	0.009477	0.09134	11612	1.24	14	22	0	31	0	61	46	1136	451	0	0	190	16105	153	0	308	277	56	5	103	249	98	2557	827	0	20	0	50	0	66	64	0	16992	5339
C:\Data\BAS_sjro\ARD1A\XRF data\L000115.spe	230.04	7.75	1	0.018319	-0.005878	0.009476	0.09134	12552	1.04	0	51	18	30	0	55	75	1559	621	16	19	267	18172	183	15	188	319	0	65	80	260	0	2952	839	0	0	38	35	40	67	9	11	17734	5339
C:\Data\BAS_sjro\ARD1A\XRF data\L000116.spe	232.04	7.75	0	0.018318	-0.005901	0.009476	0.091354	7289	1.08	0	13	0	13	0	52	37	1229	429	0	0	191	13428	138	0	180	224	0	0	0	208	5	1504	449	0	0	0	0	0	57	36	0	9384	2693
C:\Data\BAS_sjro\ARD1A\XRF data\L000117.spe	234.04	7.75	0	0.018318	-0.005873	0.009475	0.091354	7716	1.01	0	0	0	16	9	50	38	846	237	18	7	131	9306	110	0	154	218	22	60	32	119	33	1765	464	0	0	23	35	18	40	0	0	11921	3531
C:\Data\BAS_sjro\ARD1A\XRF data\L000118.spe	236.04	7.75	1	0.018318	-0.005841	0.009473	0.091361	13014	1.07	17	24	15	19	0	35	55	2105	632	0	0	280	19698	201	0	427	409	4	15	85	375	48	2949	685	0	10	7	47	53	76	0	23	17582	5072
C:\Data\BAS_sjro\ARD1A\XRF data\L000119.spe	238.04	7.75	1	0.018318	-0.005841	0.009473	0.091354	13954	1.23	0	16	9	24	0	30	100	2059	726	24	0	343	23506	167	8	297	356	48	18	90	308	0	2842	726	0	39	0	35	0	42	5	162	18574	5381
C:\Data\BAS_sjro\ARD1A\XRF data\L000120.spe	240.04	7.78	1	0.018318	-0.005841	0.009471	0.091354	13784	1.12	6	16	23	20	6	50	89	1971	579	0	0	296	19285	159	0	350	328	15	44	129	350	25	3152	697	10	21	0	41	12	21	11	114	19419	5638
C:\Data\BAS_sjro\ARD1A\XRF data\L000121.spe	242.04	7.75	1	0.018317	-0.005841	0.009473	0.091353	15082	1.19	0	42	21	27	0	25	67	2375	596	40	0	345	21015	252	0	363	452	0	29	121	333	0	3215	922	0	6	75	18	61	9	73	62	21251	6001
C:\Data\BAS_sjro\ARD1A\XRF data\L000122.spe	244.04	7.71	1	0.018318	-0.005795	0.009473	0.091353	13902	1.26	0	24	23	43	9	47	81	2215	723	51	18	315	21089	160	0	328	371	27	0	190	421	81	3353	935	14	0	22	0	0	33	99	122	19221	5547
C:\Data\BAS_sjro\ARD1A\XRF data\L000123.spe	246.04	7.7	1	0.018318	-0.005795	0.009475	0.091353	12804	1.19	0	16	26	12	13	23	89	1617	505	0	12	235	17329	149	7	240	313	0	57	105	240	0	2505	768	0	16	0	32	49	55	23	0	18513	5675
C:\Data\BAS_sjro\ARD1A\XRF data\L000124.spe	248.04	7.71	1	0.018318	-0.005763	0.009476	0.091353	13876	1.13	11	46	0	33	0	20	63	2173	486	6	29	316	17283	147	0	398	527	0	0	113	226	78	3151	815	5	13	0	54	35	51	49	0	20320	5869
C:\Data\BAS_sjro\ARD1A\XRF data\L000125.spe	250.04	7.71	1	0.018318	-0.005763	0.009475	0.091353	13838	1.17	7	20	14	44	0	23	79	1997	532	54	26	250	18375	152	0	395	479	20	70	90	362	149	3522	789	0	7	0	63	26	82	20	66	20157	5719
C:\Data\BAS_sjro\ARD1A\XRF data\L000126.spe	252.04	7.71	1	0.018318	-0.005735	0.009473	0.091346	14075	1.19	12	41	0	30	5	32	99	1864	678	36	12	289	21552	177	5	388	433	0	0	60	314	0	3187	902	18	18	0	50	78	35	87	48	19912	5743
C:\Data\BAS_sjro\ARD1A\XRF data\L000127.spe	254.04	7.71	1	0.018318	-0.005735	0.009471	0.091356	14507	1.15	0	18	0	39	0	27	63	2012	756	28	0	340	25125	226	0	300	431	18	56	101	186	47	3210	835	0	19	0	0	28	68	11	21	19474	5766
C:\Data\BAS_sjro\ARD1A\XRF data\L000128.spe	256.04	7.73	1	0.018318	-0.005735	0.009473	0.091356	14353	1.19	0	13	0	16	0	46	77	2723	687	16	16	326	22838	147	0	473	549	4	120	115	319	22	3275	692	0	24	0	17	10	45	0	36	18989	5487
C:\Data\BAS_sjro\ARD1A\XRF data\L000129.spe	258.04	7.71	1	0.018318	-0.005747	0.009475	0.091356	13501	1.17	17	23	19	37	11	72	84	2449	585	31	0	336	20207	129	16	365	499	23	0	116	298	0	3105	775	6	9	0	42	21	51	54	18	18515	5406
C:\Data\BAS_sjro\ARD1A\XRF data\L000130.spe	260.1	7.7	0	0.018318	-0.005767	0.009475	0.091356	8280	1.08	0	0	0	29	6	90	11	733	191	10	0	106	7587	67	0	145	290	42	99	31	122	10	2077	655	6	0	0	35	0	10	0	49	13073	4108
C:\Data\BAS_sjro\ARD1A\XRF data\L000131.spe	262.04	7.69	1	0.018318	-0.005767	0.009476	0.091356	9552	1.15	0	17	0	28	10	54	56	1152	371	24	4	151	11841	100	0	141	245	31	132	97	188	61	2117	517	0	0	0	0	0	78	0	28	14424	4145
C:\Data\BAS_sjro\ARD1A\XRF data\L000132.spe	264.04	7.67	1	0.018318	-0.005742	0.009478	0.091363	12794	1.16	8	23	10	20	13	60	72	1723	636	17	22	263	21068	216	0	340	330	0	141	63	294	0	2550	745	0	25	0	27	55	40	0	131	17449	5178
C:\Data\BAS_sjro\ARD1A\XRF data\L000133.spe	266.1	7.68	1	0.018318	-0.005742	0.009479	0.091363	12906	1	10	31	12	34	6	63	72	2005	713	33	0	296	22495	179	17	201	412	0	0	93	209	23	2629	692	0	10	0	55	0	30	78	80	17006	4962
C:\Data\BAS_sjro\ARD1A\XRF data\L000134.spe	268.1	7.7	1	0.018317	-0.005721	0.009481	0.091363	12245	1.1	0	8	4	48	0	48	73	1756	644	34	11	280	20807	169	0	148	326	46	12	0	142	0	2475	724	0	0	29	47	9	21	31	25	15946	4878
C:\Data\BAS_sjro\ARD1A\XRF data\L000135.spe	270.1	7.72	1	0.018318	-0.005721	0.009482	0.09137	10846	1.06	0	29	12	33	0	59	67	1691	611	36	13	229	18596	185	0	134	284	31	5	50	109	0	2157	621	0	0	0	0	26	10	8	0	14150	4463
C:\Data\BAS_sjro\ARD1A\XRF data\L000136.spe	272.1	7.72	1	0.018317	-0.005721	0.009484	0.091378	11744	1.16	0	8	5	4	0	45	62	1116	449	10	9	171	15913	176	0	159	175	50	30	0	171	40	2164	666	0	7	0	8	0	18	33	42	17314	5045
C:\Data\BAS_sjro\ARD1A\XRF data\L000137.spe	274.04	7.72	1	0.018317	-0.005721	0.009486	0.091378	13900	1.25	0	18	0	22	0	8	101	1263	567	40	24	263	20263	186	0	132	225	43	52	83	385	0	2035	637	0	0	40	52	30	79	41	0	19759	5853
C:\Data\BAS_sjro\ARD1A\XRF data\L000138.spe	276.04	7.72	1	0.018317	-0.005721	0.009487	0.091378	13032	1.13	9	24	0	47	0	15	49	1239	587	58	12	171	19298	161	11	161	176	24	0	5	280	0	1947	734	8	0	16	73	16	34	118	26	18792	5234
C:\Data\BAS_sjro\ARD1A\XRF data\L000139.spe	278.04	7.73	1	0.018317	-0.005744	0.009487	0.091378	13053	1.17	0	31	19	37	8	14	49	816	364	8	0	149	14704	192	0	120	125	78	48	40	236	0	1908	775	0	0	5	64	0	42	35	94	20888	5873
C:\Data\BAS_sjro\ARD1A\XRF data\L000140.spe	280.04	7.75	1	0.018317	-0.005772	0.009486	0.091378	15270	1.2	0	33	0	31	14	28	67	1256	479	18	16	203	20493	218	0	151	153	0	52	97	273	57	2176	866	0	48	50	38	35	88	20	85	22925	6341
C:\Data\BAS_sjro\ARD1A\XRF data\L000141.spe	282.04	7.73	1	0.018318	-0.00579	0.009488	0.091378	14065	1.13	0	26	5	29	0	32	91	1428	676	60	31	231	24188	157	11	207	174	61	105	85	275	58	1777	652	0	7	0	73	0	32	0	94	19302	5348
C:\Data\BAS_sjro\ARD1A\XRF data\L000142.spe	284.2	7.7	1	0.018318	-0.005817	0.009486	0.09137	15286	1.11	0	35	26	32	0	57	144	2118	890	24	5	342	29471	294	22	188	260	40	34	136	339	41	2100	733	0	32	38	57	5	40	0	77	19826	5775
C:\Data\BAS_sjro\ARD1A\XRF data\L000143.spe	286.1	7.71	1	0.018318	-0.005817	0.009487	0.09137	13183	1.13	8	19	9	21	8	36	62	1134	526	19	0	197	19567	189	0	84	118	0	80	77	133	0	1917	691	0	0	37	14	70	49	0	41	19176	5741
C:\Data\BAS_sjro\ARD1A\XRF data\L000144.spe	288.04	7.69	1	0.018317	-0.005817	0.009489	0.09137	13123	1.04	7	16	0	32	10	49	115	1487	681	24	10	290	23931	214	8	176	144	56	50	116	272	0	1961	779	10	0	0	13	22	86	39	13	17490	5029
C:\Data\BAS_sjro\ARD1A\XRF data\L000145.spe	290.04	7.69	1	0.018317	-0.005784	0.009491	0.091362	11298	1.09	0	11	6	23	0	43	60	892	409	38	12	149	14179	131	0	103	135	12	8	5	255	33	1653	746	0	0	28	34	32	53	42	80	17271	5153
C:\Data\BAS_sjro\ARD1A\XRF data\L000146.spe	292.1	7.69	1	0.018318	-0.005764	0.009492	0.091362	13277	1.16	7	42	6	41	9	56	67	1230	548	23	14	205	18612	174	0	161	185	6	65	30	215	0	1872	690	0	11	0	16	0	68	0	17	19396	5708
C:\Data\BAS_sjro\ARD1A\XRF data\L000147.spe	294.1	7.7	1	0.018318	-0.00574	0.009492	0.091354	12291	1.14	4	9	15	11	0	48	41	1101	465	8	6	199	16022	137	0	160	190	0	31	187	208	59	1924	846	4	21	37	43	50	23	55	0	18637	5382
C:\Data\BAS_sjro\ARD1A\XRF data\L000148.spe	296.1	7.72	1	0.018318	-0.00574	0.009494	0.091354	13216	1.16	0	43	16	23	15	44	71	1432	660	41	10	240	22934	146	0	137	173	23	0	78	221	21	1769	704	0	7	5	26	15	40	80	68	18039	5214
C:\Data\BAS_sjro\ARD1A\XRF data\L000149.spe	298.1	7.74	1	0.018317	-0.005768	0.009492	0.091362	11697	1.18	0	23	21	28	7	50	40	888	445	31	0	134	13941	153	0	129	138	30	17	165	280	9	1630	750	0	0	0	23	24	0	72	0	17479	5414
C:\Data\BAS_sjro\ARD1A\XRF data\L000150.spe	300.04	7.75	1	0.018317	-0.005736	0.009491	0.091362	13050	1.13	4	49	15	36	0	39	62	1223	576	21	0	217	19211	152	5	152	161	81	34	126	274	58	1854	654	0	0	0	66	30	41	0	100	18838	5229
C:\Data\BAS_sjro\ARD1A\XRF data\L000151.spe	302.04	7.75	1	0.018318	-0.005691	0.009491	0.091362	12856	1.21	0	12	9	7	0	34	78	1144	626	75	0	208	19730	201	21	159	102	0	198	71	199	0	1904	700	0	0	9	17	41	85	0	181	18342	5454
C:\Data\BAS_sjro\ARD1A\XRF data\L000152.spe	304.04	7.78	1	0.018318	-0.005691	0.00949	0.091355	12747	1.16	0	46	0	32	14	47	79	1376	634	24	0	237	22631	184	0	136	148	13	82	55	210	43	1784	678	0	26	0	39	12	67	0	57	17060	5081
C:\Data\BAS_sjro\ARD1A\XRF data\L000153.spe	306.1	7.78	1	0.018318	-0.005691	0.009488	0.091364	12416	1.19	10	33	0	24	0	51	64	1377	612	35	10	201	20193	187	0	135	129	50	99	99	183	20	1837	751	0	17	0	22	16	43	34	33	17346	5032
C:\Data\BAS_sjro\ARD1A\XRF data\L000154.spe	308.04	7.78	1	0.018318	-0.005666	0.009487	0.091364	12837	1.17	0	30	0	21	11	29	44	1454	635	35	18	223	20852	166	0	124	196	37	0	0	203	0	1900	669	9	0	0	30	4	64	56	0	17428	4999
C:\Data\BAS_sjro\ARD1A\XRF data\L000155.spe	310.04	7.8	1	0.018318	-0.005666	0.009487	0.091364	13332	1.2	13	47	21	24	12	28	110	1557	723	38	16	269	21731	165	0	164	233	32	9	98	201	27	2296	674	0	0	0	16	41	31	67	0	18099	5182
C:\Data\BAS_sjro\ARD1A\XRF data\L000156.spe	312.04	7.8	1	0.018318	-0.005674	0.009485	0.091364	14173	1.19	0	32	24	29	0	12	113	1810	773	44	31	324	24861	260	0	131	207	0	35	117	150	88	2437	729	0	0	49	17	57	22	0	17	18965	5619
C:\Data\BAS_sjro\ARD1A\XRF data\L000157.spe	314.04	7.81	1	0.018317	-0.005674	0.009483	0.091371	13310	1.05	0	24	12	17	4	37	107	1537	680	46	17	202	22040	223	10	142	148	0	0	86	180	11	2106	749	0	17	10	42	27	12	63	51	17900	5442
C:\Data\BAS_sjro\ARD1A\XRF data\L000158.spe	316.04	7.84	1	0.018317	-0.005655	0.009481	0.091371	13648	1.14	0	30	0	30	8	25	99	1685	760	52	18	277	24064	241	10	177	213	33	22	11	213	0	2162	683	0	8	0	23	79	47	0	0	18062	5338
C:\Data\BAS_sjro\ARD1A\XRF data\L000159.spe	318.04	7.84	1	0.018317	-0.005666	0.009479	0.091371	13545	1.16	0	31	8	32	6	39	63	1422	620	49	20	236	21317	162	24	156	224	69	97	196	220	21	2241	1019	0	0	0	66	26	14	5	11	19019	5254
C:\Data\BAS_sjro\ARD1A\XRF data\L000160.spe	320.04	7.84	1	0.018317	-0.005638	0.009478	0.091371	13930	1.18	0	35	17	18	5	25	95	1665	690	15	10	258	22277	122	0	183	184	18	0	22	215	0	2332	791	0	0	20	34	62	36	103	10	19084	5660
C:\Data\BAS_sjro\ARD1A\XRF data\L000161.spe	322.04	7.84	1	0.018317	-0.005638	0.009476	0.091371	13103	1.1	0	14	12	10	0	30	95	1408	579	47	0	207	18709	188	0	144	213	64	0	103	252	57	2446	706	4	24	45	27	46	0	78	0	19002	5552
C:\Data\BAS_sjro\ARD1A\XRF data\L000162.spe	324.04	7.87	1	0.018317	-0.005662	0.009478	0.091371	14270	1.12	0	39	0	21	0	35	95	1856	696	40	0	308	23166	174	12	333	340	0	34	40	277	0	2426	832	0	16	0	18	12	37	0	40	19477	5794
C:\Data\BAS_sjro\ARD1A\XRF data\L000163.spe	326.04	7.9	1	0.018318	-0.005693	0.009478	0.091361	11040	1.21	7	25	26	39	6	41	77	1758	387	0	5	181	13389	111	0	316	390	0	95	84	305	68	2549	702	9	10	25	19	27	9	0	39	16744	4852
C:\Data\BAS_sjro\ARD1A\XRF data\L000164.spe	328.04	7.9	1	0.018318	-0.005723	0.009476	0.091361	13554	1.18	0	21	0	43	10	20	90	1987	573	10	9	289	19213	151	0	422	399	0	0	123	294	97	2985	732	0	21	63	22	54	7	102	0	18981	5681
C:\Data\BAS_sjro\ARD1A\XRF data\L000165.spe	330.04	7.9	1	0.018317	-0.005726	0.009476	0.091361	14202	1.28	0	31	0	36	4	16	100	1785	685	14	12	311	23257	223	7	242	298	18	43	108	325	64	2354	659	0	21	0	48	13	66	49	87	19672	5598
C:\Data\BAS_sjro\ARD1A\XRF data\L000166.spe	332.04	7.9	1	0.018318	-0.005726	0.009475	0.091361	13849	1.14	0	20	11	15	0	36	43	1030	521	9	5	176	17504	192	12	170	213	9	191	42	304	57	2177	717	0	0	27	32	78	76	0	60	20724	6092
C:\Data\BAS_sjro\ARD1A\XRF data\L000167.spe	334.04	7.9	1	0.018318	-0.005726	0.009473	0.09137	14495	1.11	11	0	9	34	0	50	91	1574	711	37	0	246	23572	168	11	181	190	0	66	111	253	0	2156	578	8	5	0	33	63	7	0	27	20184	5692
C:\Data\BAS_sjro\ARD1A\XRF data\L000168.spe	336.04	7.91	1	0.018318	-0.005726	0.009471	0.09137	13953	1.2	12	42	18	40	9	45	92	1789	799	33	0	294	25418	238	0	202	276	34	39	91	282	23	2260	805	0	0	43	26	8	28	31	0	18604	5397
C:\Data\BAS_sjro\ARD1A\XRF data\L000169.spe	338.04	7.85	1	0.018318	-0.005726	0.00947	0.09137	12971	1.1	6	27	7	26	0	64	62	1377	496	38	19	218	17748	159	0	295	289	5	72	133	295	39	2299	823	5	0	10	22	67	24	0	53	18814	5464
C:\Data\BAS_sjro\ARD1A\XRF data\L000170.spe	340.04	7.88	1	0.018318	-0.005756	0.009472	0.09137	10017	1.15	0	0	18	33	7	61	57	1055	219	38	5	208	11590	167	6	255	222	0	0	49	192	0	1973	560	0	36	0	24	57	57	31	16	15308	4592
C:\Data\BAS_sjro\ARD1A\XRF data\L000171.spe	342.04	7.86	1	0.018318	-0.005756	0.009474	0.091363	12266	1.17	0	30	17	23	0	42	43	1385	368	0	15	176	13981	106	0	229	308	0	84	99	225	13	3043	731	9	14	51	0	0	5	22	0	19238	5692
C:\Data\BAS_sjro\ARD1A\XRF data\L000172.spe	344.04	7.87	1	0.018318	-0.005788	0.009472	0.091363	12184	1.08	0	19	18	33	4	60	83	2295	474	27	11	291	16154	143	17	302	459	0	0	72	409	16	2710	719	4	23	31	43	24	50	67	32	17356	4821
C:\Data\BAS_sjro\ARD1A\XRF data\L000173.spe	346.04	7.88	1	0.018318	-0.005797	0.00947	0.091363	9457	1.06	8	27	10	24	0	52	67	1551	465	26	0	180	10720	64	0	278	234	0	133	61	127	74	1979	695	0	12	0	18	0	60	0	58	13502	4247
C:\Data\BAS_sjro\ARD1A\XRF data\L000174.spe	348.1	7.7	0	0.018318	-0.005818	0.00947	0.091373	7762	1.1	0	17	15	28	0	24	30	910	207	0	16	141	8103	64	0	133	210	0	0	37	132	45	1497	429	0	13	36	31	36	0	51	0	11473	3543
C:\Data\BAS_sjro\ARD1A\XRF data\L000175.spe	350.04	7.71	1	0.018319	-0.005851	0.009472	0.091373	11630	1.21	0	35	25	14	0	18	91	2563	559	22	0	326	20593	173	0	407	457	0	149	48	165	143	2079	872	0	4	0	40	18	37	0	118	14102	4617
C:\Data\BAS_sjro\ARD1A\XRF data\L000176.spe	352.1	7.71	1	0.018319	-0.005828	0.009472	0.091363	9922	1.01	7	74	5	16	0	29	178	1268	592	7	8	161	13153	120	0	292	242	93	67	108	156	73	1380	893	0	9	17	91	22	43	0	43	13375	4331
C:\Data\BAS_sjro\ARD1A\XRF data\L000177.spe	354.1	7.71	1	0.018319	-0.005851	0.00947	0.091363	12156	1.11	14	35	20	31	0	30	60	1776	412	29	0	294	17320	204	0	314	395	0	47	114	306	0	2978	590	0	13	29	8	30	0	20	0	17291	4858
C:\Data\BAS_sjro\ARD1A\XRF data\L000178.spe	356.1	7.72	1	0.018319	-0.005851	0.00947	0.09137	13994	1.1	8	21	9	33	0	37	80	2158	612	46	0	335	21547	200	0	367	483	75	0	158	340	14	2962	729	0	0	0	49	0	0	85	39	19162	5532
C:\Data\BAS_sjro\ARD1A\XRF data\L000179.spe	358.04	7.76	1	0.018319	-0.005883	0.00947	0.091363	11747	1.17	0	21	12	32	16	41	60	1555	520	43	18	222	16036	191	0	177	279	0	38	32	208	0	2766	809	7	12	15	13	25	64	0	0	17374	5184
C:\Data\BAS_sjro\ARD1A\XRF data\L000180.spe	360.1	7.76	1	0.018319	-0.005903	0.00947	0.091371	13849	1.16	6	44	15	21	9	32	97	2356	719	48	0	353	24687	232	0	362	448	26	56	129	265	7	2943	733	0	0	0	53	0	59	0	25	18183	5295
C:\Data\BAS_sjro\ARD1A\XRF data\L000181.spe	362.04	7.78	1	0.018319	-0.005874	0.009468	0.091371	12312	1.2	0	27	17	30	7	38	52	2166	562	32	0	296	20551	118	0	395	353	14	17	173	229	57	2677	765	0	9	20	46	44	8	81	0	16616	4926
C:\Data\BAS_sjro\ARD1A\XRF data\L000182.spe	364.1	7.8	1	0.018319	-0.005874	0.00947	0.091371	12405	1.13	18	16	16	20	0	40	61	1624	397	7	22	238	13608	153	0	317	405	56	108	172	258	20	3369	907	0	6	16	38	0	29	6	107	19172	5662
C:\Data\BAS_sjro\ARD1A\XRF data\L000183.spe	366.04	7.8	1	0.018319	-0.005874	0.009472	0.091371	13866	1.18	18	27	10	0	0	25	86	2178	569	42	0	319	19654	161	0	305	448	6	76	0	313	0	3429	802	0	0	0	43	46	85	0	146	19599	5735
C:\Data\BAS_sjro\ARD1A\XRF data\L000184.spe	368.1	7.8	1	0.018319	-0.005874	0.009474	0.091362	13488	1.17	0	12	15	33	0	44	83	2087	553	4	6	323	20060	101	0	343	429	43	0	92	351	15	3173	839	0	6	0	43	0	39	97	34	19053	5480
C:\Data\BAS_sjro\ARD1A\XRF data\L000185.spe	370.24	7.8	1	0.018319	-0.005896	0.009472	0.091354	13470	1.19	12	27	15	44	6	16	57	1822	440	20	0	212	16839	160	0	314	424	10	149	73	273	21	3362	850	0	19	20	70	46	95	0	102	20054	5730
C:\Data\BAS_sjro\ARD1A\XRF data\L000186.spe	372.04	7.81	1	0.018319	-0.005916	0.009471	0.091354	14711	1.17	14	11	8	20	0	18	80	2266	656	46	19	350	20333	151	0	354	479	0	43	109	290	0	3454	665	0	4	16	22	15	56	0	118	20757	5933
C:\Data\BAS_sjro\ARD1A\XRF data\L000187.spe	374.04	7.83	1	0.018319	-0.005916	0.009469	0.091373	12587	1.26	12	26	0	40	14	32	70	1338	383	43	17	179	13811	156	5	229	324	67	113	129	226	23	3413	875	0	5	19	34	0	34	0	64	19466	5791
C:\Data\BAS_sjro\ARD1A\XRF data\L000188.spe	376.04	7.82	1	0.018319	-0.00594	0.009469	0.09138	14422	1.16	0	36	0	40	9	30	112	2138	597	7	24	340	21456	178	6	322	427	0	147	150	282	0	3525	811	13	20	4	32	19	11	0	51	20326	5897
C:\Data\BAS_sjro\ARD1A\XRF data\L000189.spe	378.04	7.8	1	0.018319	-0.00594	0.009467	0.091387	13322	1.14	21	40	14	59	0	26	67	1747	609	32	0	248	20588	171	0	233	339	32	0	0	266	0	2841	787	0	0	0	5	0	114	77	0	18629	5625
C:\Data\BAS_sjro\ARD1A\XRF data\L000190.spe	380.04	7.83	1	0.01832	-0.005963	0.009467	0.091387	13776	1.08	23	23	10	17	7	45	66	1842	634	52	0	296	21679	165	0	261	287	0	68	131	337	41	2923	783	5	19	18	31	43	60	42	27	18863	5407
C:\Data\BAS_sjro\ARD1A\XRF data\L000191.spe	382.04	7.86	1	0.018319	-0.005963	0.009468	0.091387	12078	1.1	7	28	22	26	0	53	63	1242	521	19	6	202	15371	104	0	128	221	61	143	82	243	0	2507	736	0	0	18	21	0	32	0	91	17698	5430
C:\Data\BAS_sjro\ARD1A\XRF data\L000192.spe	384.04	7.88	1	0.01832	-0.005963	0.009469	0.091387	14297	1.12	0	48	20	30	14	28	93	1848	616	8	0	252	22128	163	29	266	337	14	0	174	226	65	2931	783	0	0	35	26	23	61	76	95	19487	5769
C:\Data\BAS_sjro\ARD1A\XRF data\L000193.spe	386.04	7.88	1	0.018319	-0.005942	0.009469	0.091387	13146	1.22	0	45	13	26	0	21	78	1910	670	23	4	238	21283	148	0	219	235	0	28	22	224	0	2646	786	0	7	0	0	0	51	60	0	17983	5357
C:\Data\BAS_sjro\ARD1A\XRF data\L000194.spe	388.04	7.88	1	0.018319	-0.005966	0.009468	0.091387	13694	1.07	8	47	7	23	0	14	99	1650	648	56	19	280	21333	165	0	229	231	0	103	87	227	0	2790	701	0	0	11	37	78	90	45	106	18981	5763
C:\Data\BAS_sjro\ARD1A\XRF data\L000195.spe	390.04	7.88	1	0.018319	-0.005966	0.009466	0.091381	10507	1.08	0	36	4	19	6	25	42	840	324	17	32	105	10591	81	0	130	184	57	28	28	139	0	2334	729	0	10	23	38	0	4	50	0	17151	5342
C:\Data\BAS_sjro\ARD1A\XRF data\L000196.spe	392.04	7.89	1	0.018319	-0.005966	0.009465	0.091381	13826	1.14	0	35	0	21	0	7	79	1507	493	22	0	241	18224	135	0	206	267	56	96	130	275	0	3186	900	0	6	0	38	20	38	5	46	20386	6095
C:\Data\BAS_sjro\ARD1A\XRF data\L000197.spe	394.04	7.91	1	0.018319	-0.005966	0.009465	0.091381	14871	1.15	9	56	0	32	0	28	98	2243	738	32	9	318	25031	257	0	304	355	12	30	141	326	34	3311	817	0	0	39	0	27	15	118	88	19998	5596
C:\Data\BAS_sjro\ARD1A\XRF data\L000198.spe	396.04	7.91	1	0.018318	-0.005989	0.009463	0.091389	14442	1.25	12	30	27	34	0	28	77	2201	606	19	0	311	21561	209	0	436	432	13	83	112	313	66	3184	764	0	0	17	58	49	6	13	83	20170	5649
C:\Data\BAS_sjro\ARD1A\XRF data\L000199.spe	398.04	7.89	1	0.018318	-0.005935	0.009461	0.091389	15496	1.23	0	59	14	45	5	39	78	2639	682	11	18	347	26279	146	0	408	448	54	93	81	353	21	3478	674	5	10	0	8	0	44	0	24	20679	5712
C:\Data\BAS_sjro\ARD1A\XRF data\L000200.spe	400.04	7.9	1	0.018318	-0.005912	0.009461	0.091389	13820	1.27	4	24	21	34	16	32	96	2549	511	11	33	291	20335	210	0	465	583	16	28	71	346	61	3716	721	4	14	0	42	0	27	19	86	18532	5662
C:\Data\BAS_sjro\ARD1A\XRF data\L000201.spe	402.04	7.88	1	0.018319	-0.005912	0.009461	0.0914	12598	1.19	31	33	26	38	0	43	68	2025	390	24	0	240	15306	131	0	417	534	39	0	100	368	0	3637	754	0	0	8	36	41	53	101	17	18112	5301
C:\Data\BAS_sjro\ARD1A\XRF data\L000202.spe	404.04	7.88	1	0.018319	-0.005882	0.009459	0.0914	13701	1.15	0	0	18	39	7	49	69	2340	461	17	0	350	18113	128	0	496	554	0	72	147	411	112	3695	591	0	0	71	71	77	93	12	26	19752	5739
C:\Data\BAS_sjro\ARD1A\XRF data\L000203.spe	406.04	7.91	1	0.018319	-0.005862	0.009459	0.0914	13618	1.14	0	15	15	26	0	67	85	2686	511	0	11	327	19946	113	0	527	569	29	0	123	294	0	3606	716	0	15	0	15	0	0	48	46	18833	5474
C:\Data\BAS_sjro\ARD1A\XRF data\L000204.spe	408.04	7.93	1	0.018319	-0.005862	0.009458	0.091389	11277	1.2	0	5	7	43	5	39	61	1566	347	0	6	217	12469	82	0	320	346	20	78	14	306	52	3087	742	0	14	0	0	19	58	0	61	17277	4864
C:\Data\BAS_sjro\ARD1A\XRF data\L000205.spe	410.04	7.93	1	0.018319	-0.005862	0.009459	0.091389	13401	1.19	0	0	5	19	0	28	66	2862	531	7	17	349	21147	171	0	505	781	0	53	88	392	0	3425	611	0	24	47	0	72	0	22	64	17807	4952
C:\Data\BAS_sjro\ARD1A\XRF data\L000206.spe	412.04	7.93	1	0.018319	-0.005837	0.009459	0.09138	11034	1.14	0	27	0	31	0	48	45	1605	445	43	16	220	14912	157	17	275	291	0	18	52	256	0	2823	600	0	0	0	5	40	70	6	56	15902	4703
C:\Data\BAS_sjro\ARD1A\XRF data\L000207.spe	414.04	7.93	1	0.018319	-0.005837	0.00946	0.09138	12015	1.11	0	10	0	45	8	26	60	1925	493	35	0	255	17111	196	0	289	370	0	33	132	238	89	3154	684	0	0	62	0	56	23	55	38	16554	5024
C:\Data\BAS_sjro\ARD1A\XRF data\L000208.spe	416.04	7.94	1	0.018319	-0.005858	0.00946	0.09138	12963	1.14	5	18	23	29	0	51	98	2126	636	40	0	294	21645	178	0	324	353	42	26	111	205	62	2779	678	0	0	0	6	11	36	23	57	17237	5295
C:\Data\BAS_sjro\ARD1A\XRF data\L000209.spe	418.04	8	1	0.018319	-0.005887	0.009459	0.091369	12167	1.15	6	41	0	32	16	58	65	1867	628	22	14	289	19264	210	10	235	243	60	51	80	162	34	2924	682	6	0	0	47	24	87	50	8	16532	5067
C:\Data\BAS_sjro\ARD1A\XRF data\L000210.spe	420.04	8	1	0.01832	-0.005887	0.009457	0.091362	10519	1.1	8	29	26	35	6	62	69	1782	335	28	7	226	13386	53	0	300	482	11	98	120	282	0	2951	555	8	0	0	27	34	43	0	46	14840	4608
C:\Data\BAS_sjro\ARD1A\XRF data\L000211.spe	422.04	8	1	0.018319	-0.005864	0.009456	0.091362	10652	1.13	0	0	0	10	10	58	49	1439	393	45	19	204	13359	178	0	169	198	37	0	27	127	110	2604	652	0	4	0	46	45	49	117	0	15667	4918
C:\Data\BAS_sjro\ARD1A\XRF data\L000212.spe	424.04	8	1	0.018319	-0.005864	0.009457	0.091362	10386	1.12	0	31	5	0	0	60	87	1384	591	6	11	195	16384	139	0	114	171	0	0	0	138	0	2099	641	0	0	0	38	34	42	25	27	14272	4468
C:\Data\BAS_sjro\ARD1A\XRF data\L000213.spe	426.04	8	1	0.018319	-0.005864	0.009459	0.091354	10752	1.06	0	14	0	21	0	52	61	1376	519	48	0	159	16548	174	0	120	196	0	101	60	169	46	2307	637	0	0	0	52	0	6	0	136	15124	4748
C:\Data\BAS_sjro\ARD1A\XRF data\L000214.spe	428.04	8	0	0.018319	-0.005897	0.009457	0.091354	8016	1.14	0	10	4	14	0	35	27	442	169	0	10	71	6443	70	0	72	85	0	51	104	139	0	2089	585	0	0	13	43	23	0	18	41	13338	4034
C:\Data\BAS_sjro\ARD1A\XRF data\L000215.spe	430.04	8	1	0.018319	-0.005917	0.009459	0.091354	8875	1.15	0	36	11	18	5	6	65	1313	524	25	8	227	16282	181	17	137	220	23	85	80	149	57	1666	477	0	9	14	62	14	79	60	47	11531	3717
C:\Data\BAS_sjro\ARD1A\XRF data\L000216.spe	432.04	8	1	0.018319	-0.005917	0.009457	0.091354	11593	1.18	0	26	6	14	5	22	74	1201	474	42	26	230	15721	197	0	131	168	34	71	70	176	95	2483	724	0	0	12	31	5	40	9	87	17247	5349
C:\Data\BAS_sjro\ARD1A\XRF data\L000217.spe	434.04	8	1	0.018319	-0.005917	0.009455	0.091345	12219	1.2	22	19	24	31	9	16	34	1276	521	55	7	180	17198	142	0	185	244	0	122	93	329	48	2648	644	0	0	0	36	46	28	0	0	17534	5519
C:\Data\BAS_sjro\ARD1A\XRF data\L000218.spe	436.04	8	1	0.018319	-0.005917	0.009455	0.091338	12510	1.2	0	20	23	28	14	7	75	1300	504	16	0	181	18386	161	0	68	222	0	63	29	126	77	2631	772	8	17	23	38	44	46	0	0	18023	5552
C:\Data\BAS_sjro\ARD1A\XRF data\L000219.spe	438.04	8	1	0.018319	-0.005917	0.009456	0.091338	12746	1.11	5	22	19	24	0	6	70	1388	643	32	0	204	20114	224	0	73	196	17	31	72	119	55	2753	826	0	0	19	8	0	36	14	0	17762	5687
C:\Data\BAS_sjro\ARD1A\XRF data\L000220.spe	440.04	8	1	0.018319	-0.005917	0.009456	0.091327	12526	1.25	0	23	0	10	0	8	66	1252	526	38	21	169	17955	159	0	111	167	0	53	128	195	0	2603	623	0	15	23	46	53	70	67	22	17902	5748
C:\Data\BAS_sjro\ARD1A\XRF data\L000221.spe	442.04	8	1	0.018319	-0.005894	0.009456	0.091319	13036	1.19	0	33	9	20	0	0	57	1374	551	17	0	219	20303	132	0	55	182	0	151	108	183	10	2828	799	0	13	33	9	72	32	0	51	18098	5912
C:\Data\BAS_sjro\ARD1A\XRF data\L000222.spe	444.04	8	1	0.018319	-0.005894	0.009454	0.091319	13448	1.26	0	40	12	28	8	20	75	1395	587	28	4	232	19792	192	0	170	199	0	69	13	151	44	2813	854	0	9	35	26	22	0	0	130	19159	6118
C:\Data\BAS_sjro\ARD1A\XRF data\L000223.spe	446.04	8	1	0.018319	-0.005917	0.009456	0.091319	14084	1.29	0	11	0	30	10	14	80	1883	817	17	31	294	25629	173	27	126	249	0	102	43	231	9	2891	856	0	0	30	24	19	66	0	88	18583	5780
C:\Data\BAS_sjro\ARD1A\XRF data\L000224.spe	448.04	8	1	0.018318	-0.005917	0.009454	0.091301	14020	1.2	0	38	20	45	0	34	120	2448	1011	63	29	381	29865	226	0	123	294	0	0	77	235	34	2619	736	0	6	88	12	99	21	0	75	16943	5331
C:\Data\BAS_sjro\ARD1A\XRF data\L000225.spe	450.04	8	1	0.018318	-0.005917	0.009452	0.091301	12909	1.21	0	46	0	15	0	23	86	1716	734	37	13	251	21901	154	36	139	237	66	18	127	233	31	2556	886	0	0	17	43	19	42	19	0	17486	5566
C:\Data\BAS_sjro\ARD1A\XRF data\L000226.spe	452.04	8	1	0.018319	-0.005947	0.009454	0.091301	13766	1.1	0	30	0	18	0	28	100	1947	853	17	20	270	25058	271	8	152	264	6	80	85	211	91	2911	795	14	0	31	42	89	88	0	72	17921	5809
C:\Data\BAS_sjro\ARD1A\XRF data\L000227.spe	454.04	8	1	0.018319	-0.005923	0.009455	0.091301	13219	1.12	0	46	7	22	0	38	79	1853	805	25	0	289	23611	193	0	165	171	31	0	5	209	119	2726	733	0	0	0	10	10	80	105	35	16974	5594
C:\Data\BAS_sjro\ARD1A\XRF data\L000228.spe	456.04	8	1	0.018318	-0.005923	0.009454	0.091301	12931	1.1	18	42	19	24	7	34	75	1667	723	27	4	303	22514	195	0	157	243	0	5	137	209	26	2483	636	0	5	39	14	6	12	29	40	17094	5326
C:\Data\BAS_sjro\ARD1A\XRF data\L000229.spe	458.04	8	1	0.018319	-0.005923	0.009452	0.091301	12211	1.18	0	55	6	21	0	36	85	1654	711	37	0	245	21118	229	0	101	141	8	73	43	119	64	2401	718	0	0	26	0	0	19	22	0	16317	5408
C:\Data\BAS_sjro\ARD1A\XRF data\L000230.spe	460.04	8	1	0.018319	-0.005923	0.009452	0.091293	13958	1.15	5	63	0	21	5	34	100	2498	1083	25	19	354	30269	278	0	158	285	0	13	103	113	110	2738	826	6	0	6	31	56	0	18	26	16275	5423
C:\Data\BAS_sjro\ARD1A\XRF data\L000231.spe	462.04	8	1	0.018319	-0.005923	0.009453	0.091293	12905	1.09	0	39	17	6	28	64	77	1875	849	25	12	323	24173	222	18	114	190	0	37	70	113	19	2480	860	0	24	6	26	24	35	0	38	16024	5428
C:\Data\BAS_sjro\ARD1A\XRF data\L000232.spe	464.04	8	1	0.018319	-0.005923	0.009452	0.091293	12945	1.11	0	32	6	15	0	55	126	2103	926	78	0	317	26529	216	0	191	250	0	0	62	90	0	2388	820	0	7	23	19	95	38	84	107	15631	5329
C:\Data\BAS_sjro\ARD1A\XRF data\L000233.spe	466.04	8	1	0.018319	-0.005901	0.00945	0.091293	9587	1.12	13	20	0	22	10	80	35	910	438	9	21	176	13653	101	0	68	94	53	59	14	77	127	1834	767	12	9	0	0	0	0	0	52	13751	4709
C:\Data\BAS_sjro\ARD1A\XRF data\L000234.spe	468.04	8	1	0.018319	-0.005928	0.009452	0.091284	9669	1.15	0	9	0	9	6	76	43	1095	535	30	10	168	15618	141	7	32	135	17	0	35	205	124	1822	657	0	5	4	20	0	23	53	0	12883	4648
C:\Data\BAS_sjro\ARD1A\XRF data\L000235.spe	470.04	7.98	1	0.018319	-0.005948	0.009452	0.091296	11177	1.17	8	27	0	17	10	56	92	1704	809	26	14	252	22770	224	0	62	177	24	127	161	25	111	2067	663	7	15	27	56	14	24	0	39	13472	4715
C:\Data\BAS_sjro\ARD1A\XRF data\L000236.spe	472.04	7.95	1	0.018319	-0.005948	0.009454	0.091296	11879	1.13	14	49	24	17	9	26	92	1987	963	43	0	297	27321	185	5	57	100	39	26	64	71	30	2101	634	0	0	0	37	0	81	39	98	13578	4912
C:\Data\BAS_sjro\ARD1A\XRF data\L000237.spe	474.04	7.95	1	0.018319	-0.005948	0.009452	0.091296	12058	1.16	0	58	0	13	0	43	117	2396	1089	9	12	332	30894	306	0	89	143	68	0	12	159	92	2067	674	0	25	0	65	0	16	23	97	12745	4796
C:\Data\BAS_sjro\ARD1A\XRF data\L000238.spe	476.04	7.96	1	0.01832	-0.005973	0.009453	0.091304	11298	1.22	11	49	0	8	0	67	102	2163	1049	38	0	344	30250	216	38	53	150	10	0	0	120	76	1939	757	0	0	0	40	38	108	106	58	11745	4523
C:\Data\BAS_sjro\ARD1A\XRF data\L000239.spe	478.04	7.97	1	0.01832	-0.006001	0.009452	0.091294	11901	1.16	0	65	0	8	0	63	91	2767	1398	66	0	422	35828	241	25	45	112	0	0	0	65	109	1993	687	0	0	0	43	38	53	53	0	10995	4545
C:\Data\BAS_sjro\ARD1A\XRF data\L000240.spe	480.04	7.97	1	0.01832	-0.006025	0.009453	0.091294	11798	1.16	10	65	5	6	0	39	115	2721	1239	73	0	381	35051	318	26	28	137	0	34	95	57	75	1830	680	0	0	51	33	35	15	0	25	11056	4471
C:\Data\BAS_sjro\ARD1A\XRF data\L000241.spe	482.04	7.97	1	0.01832	-0.006025	0.009455	0.091294	11753	1.06	5	39	8	21	10	59	97	2328	1120	29	10	356	29848	266	14	72	160	0	0	50	92	126	2052	733	0	0	20	20	45	36	46	25	12198	4741
C:\Data\BAS_sjro\ARD1A\XRF data\L000242.spe	484.04	7.97	1	0.01832	-0.006006	0.009455	0.091294	11171	1.13	0	34	8	32	0	58	95	1723	779	22	19	257	21094	225	0	136	134	54	11	108	97	0	2303	689	0	4	13	37	0	0	10	15	13941	4927
C:\Data\BAS_sjro\ARD1A\XRF data\L000243.spe	486.04	7.99	1	0.01832	-0.005987	0.009455	0.091304	11036	1.14	11	23	16	28	5	82	92	1520	613	40	6	242	18611	146	0	144	240	0	54	65	156	95	2169	518	0	0	25	29	21	57	0	75	14478	4825
C:\Data\BAS_sjro\ARD1A\XRF data\L000244.spe	488.04	8	1	0.01832	-0.005963	0.009455	0.091304	11950	1.1	0	10	0	19	0	57	55	1419	580	27	24	260	17938	150	0	177	181	32	32	112	162	73	2380	863	0	0	0	31	22	63	13	82	16369	5209
C:\Data\BAS_sjro\ARD1A\XRF data\L000245.spe	490.04	7.99	1	0.01832	-0.005984	0.009455	0.091295	11085	1.14	11	28	0	21	10	97	73	1365	539	38	7	188	15016	140	0	190	224	10	105	0	151	100	2193	745	0	0	0	40	32	65	0	51	16277	5075
C:\Data\BAS_sjro\ARD1A\XRF data\L000246.spe	492.04	7.99	1	0.01832	-0.005984	0.009456	0.091295	11821	1.02	4	34	11	19	11	61	76	1421	498	59	0	205	16836	132	0	124	178	47	34	64	102	0	2407	582	0	0	12	15	0	34	0	0	16538	5242
C:\Data\BAS_sjro\ARD1A\XRF data\L000247.spe	494.04	7.95	1	0.018319	-0.005958	0.009456	0.091291	12921	1.15	0	52	0	43	0	70	79	2017	669	43	0	267	22955	183	12	211	245	10	51	37	116	31	2687	753	0	23	0	26	0	60	0	53	16767	5417
C:\Data\BAS_sjro\ARD1A\XRF data\L000248.spe	496.04	7.96	1	0.01832	-0.005925	0.009457	0.0913	11778	1.21	0	24	0	23	0	64	84	1551	634	19	23	244	19267	196	0	141	191	95	20	133	220	0	2462	707	0	0	0	40	0	10	56	41	15782	5142
C:\Data\BAS_sjro\ARD1A\XRF data\L000249.spe	498.04	7.96	1	0.01832	-0.005955	0.009455	0.091293	12694	1.21	9	35	16	13	0	56	92	1853	723	55	0	246	21818	174	12	120	185	22	0	91	191	122	2729	865	0	0	6	14	0	40	18	34	16755	5471
C:\Data\BAS_sjro\ARD1A\XRF data\L000250.spe	500.04	7.96	1	0.01832	-0.005978	0.009455	0.091293	12439	1.11	0	25	0	31	0	57	101	1943	734	36	30	296	22651	236	5	177	209	46	0	61	178	0	2362	762	6	16	9	28	10	0	42	0	15958	5384
C:\Data\BAS_sjro\ARD1A\XRF data\L000251.spe	502.04	7.93	1	0.01832	-0.005978	0.009457	0.091286	12715	1.18	0	26	0	33	13	62	88	1887	771	33	16	282	23119	222	0	196	222	9	40	118	169	0	2536	636	17	0	17	54	28	22	31	16	16405	5391
C:\Data\BAS_sjro\ARD1A\XRF data\L000252.spe	504.04	7.9	1	0.018319	-0.006003	0.009458	0.091278	12737	1.02	0	31	0	4	0	55	70	1893	740	28	55	271	23467	214	36	209	253	0	0	150	98	39	2504	799	0	6	21	58	50	27	39	120	15912	5265
C:\Data\BAS_sjro\ARD1A\XRF data\L000253.spe	506.04	7.88	1	0.01832	-0.006003	0.009459	0.091278	12511	1.09	0	28	0	22	0	50	63	1960	827	41	0	262	24088	210	22	170	233	65	41	103	166	83	2550	717	0	0	0	45	26	64	8	168	15406	5150
C:\Data\BAS_sjro\ARD1A\XRF data\L000254.spe	508.04	7.87	1	0.018319	-0.005973	0.009459	0.091271	12392	1.18	0	15	0	17	0	61	91	1909	801	38	0	307	22945	235	13	168	189	0	195	124	101	17	2436	807	0	0	0	50	39	35	0	127	15841	5080
C:\Data\BAS_sjro\ARD1A\XRF data\L000255.spe	510.04	7.86	1	0.018319	-0.006003	0.009458	0.091279	12909	1.1	5	29	0	4	0	55	100	2127	946	30	19	315	26838	203	29	186	233	24	0	127	125	45	2549	704	7	0	0	42	33	51	127	0	15870	5313
C:\Data\BAS_sjro\ARD1A\XRF data\L000256.spe	512.04	7.85	1	0.01832	-0.006003	0.009456	0.09127	13021	1.34	0	54	0	9	0	49	95	2301	1009	75	12	339	29635	248	0	100	206	24	0	34	169	88	2303	854	0	9	21	64	44	34	78	81	14942	5158
C:\Data\BAS_sjro\ARD1A\XRF data\L000257.spe	514.04	7.85	1	0.01832	-0.006003	0.009456	0.09127	11961	1.14	0	39	0	36	0	54	99	2019	928	36	15	300	26249	220	19	55	180	25	5	30	32	0	2276	675	0	17	17	40	0	29	8	69	13802	4885
C:\Data\BAS_sjro\ARD1A\XRF data\L000258.spe	516.04	7.87	1	0.01832	-0.006026	0.009456	0.09127	11164	1.06	0	43	14	23	15	76	101	2302	1076	0	13	306	28805	253	29	63	127	12	17	19	39	93	2063	592	0	6	0	32	0	19	15	109	11572	4479
C:\Data\BAS_sjro\ARD1A\XRF data\L000259.spe	518.04	7.9	1	0.01832	-0.005999	0.009456	0.091258	9637	1.23	0	17	0	25	0	35	26	1364	581	36	0	233	18093	130	0	82	86	0	0	8	59	20	2051	602	0	0	0	26	26	17	45	0	12208	4542
C:\Data\BAS_sjro\ARD1A\XRF data\L000260.spe	520.04	7.9	1	0.01832	-0.005999	0.009457	0.091258	11404	1.19	0	37	19	27	0	55	55	1549	574	35	0	206	18149	206	0	159	192	0	0	0	131	28	2471	622	0	8	39	0	31	52	80	4	15578	4918
C:\Data\BAS_sjro\ARD1A\XRF data\L000261.spe	522.04	7.9	1	0.018319	-0.005999	0.009459	0.091258	11435	1.14	0	39	35	27	0	40	84	1523	513	42	0	200	16870	136	4	125	203	0	0	31	160	107	2478	757	0	26	34	20	40	44	96	0	15900	4959
C:\Data\BAS_sjro\ARD1A\XRF data\L000262.spe	524.04	7.9	1	0.018319	-0.006018	0.009459	0.091258	12587	1.17	0	46	12	16	0	44	104	1955	654	46	0	304	22484	129	20	192	208	14	101	26	146	32	2679	752	0	39	0	34	35	72	29	37	16161	5435
C:\Data\BAS_sjro\ARD1A\XRF data\L000263.spe	526.04	7.91	1	0.018319	-0.006018	0.009459	0.091258	13425	1.19	7	48	14	16	0	68	96	1996	715	34	0	279	21914	195	0	261	290	54	136	142	186	0	2915	875	0	0	0	79	17	41	0	99	18213	5580
C:\Data\BAS_sjro\ARD1A\XRF data\L000264.spe	528.04	7.93	1	0.018319	-0.006018	0.009457	0.091258	10887	1.2	0	0	0	27	0	44	64	1062	341	37	5	143	10958	58	5	208	240	0	0	69	162	0	2712	746	12	0	0	40	89	94	16	14	17144	4961
C:\Data\BAS_sjro\ARD1A\XRF data\L000265.spe	530.04	7.91	1	0.018319	-0.006046	0.009457	0.091269	12501	1.24	0	40	25	21	15	67	58	1297	418	45	11	191	15118	108	0	175	312	0	68	48	232	0	2951	726	5	0	42	63	67	53	0	0	18812	5766
C:\Data\BAS_sjro\ARD1A\XRF data\L000266.spe	532.04	7.91	1	0.01832	-0.006046	0.009456	0.091273	14107	1.16	5	26	15	41	0	41	81	1816	596	11	14	311	18866	188	0	237	243	0	0	42	172	0	3036	879	0	0	0	32	0	59	110	0	20495	6010
C:\Data\BAS_sjro\ARD1A\XRF data\L000267.spe	534.04	7.89	1	0.01832	-0.006046	0.009454	0.091273	11830	1.13	0	32	13	37	12	68	66	1204	386	0	21	196	12448	125	10	147	259	0	114	172	182	0	2714	737	9	14	25	31	47	46	0	43	18525	5277
C:\Data\BAS_sjro\ARD1A\XRF data\L000268.spe	536.04	7.9	1	0.01832	-0.006015	0.009454	0.091264	11943	1.22	0	12	0	14	0	32	26	905	319	6	9	143	10670	102	17	147	247	0	48	79	225	28	2706	699	0	0	4	30	37	52	4	56	19671	5656
C:\Data\BAS_sjro\ARD1A\XRF data\L000269.spe	538.04	7.9	1	0.018319	-0.006015	0.009454	0.091273	13861	1.21	0	33	20	15	22	39	71	1448	483	27	0	190	16360	120	9	301	355	0	5	76	138	0	3329	701	0	5	34	13	56	19	27	0	21007	5876
C:\Data\BAS_sjro\ARD1A\XRF data\L000270.spe	540.04	7.9	1	0.018319	-0.006039	0.009454	0.091264	14664	1.13	0	26	4	31	6	61	75	1673	568	5	17	275	18494	136	22	299	399	0	73	124	277	0	3248	926	0	0	58	54	34	34	0	47	21862	6199
C:\Data\BAS_sjro\ARD1A\XRF data\L000271.spe	542.04	7.9	1	0.018319	-0.006039	0.009454	0.091253	13734	1.18	0	41	32	8	0	44	77	1506	446	0	22	235	16025	157	0	261	367	5	57	6	322	0	2968	801	0	28	0	25	48	91	54	56	21094	5727
C:\Data\BAS_sjro\ARD1A\XRF data\L000272.spe	544.04	7.92	1	0.01832	-0.006039	0.009454	0.091244	14485	1.18	18	56	6	28	0	58	87	1462	461	26	9	242	15625	149	0	349	329	0	113	90	274	0	3009	733	0	0	30	47	97	93	0	71	22098	6297
C:\Data\BAS_sjro\ARD1A\XRF data\L000273.spe	546.04	7.93	1	0.018319	-0.006007	0.009452	0.091254	15624	1.21	0	40	0	37	0	23	91	1688	544	17	0	302	17806	122	0	297	379	0	66	82	307	0	3212	915	0	0	46	41	46	0	19	0	24196	6405
C:\Data\BAS_sjro\ARD1A\XRF data\L000274.spe	548.04	7.93	1	0.018319	-0.006036	0.009452	0.091252	15084	1.16	0	24	9	31	6	57	74	1802	584	14	24	263	18321	125	0	346	353	14	92	62	258	14	3311	771	0	0	15	27	0	22	10	0	23122	6312
C:\Data\BAS_sjro\ARD1A\XRF data\L000275.spe	550.04	7.89	1	0.018319	-0.006058	0.009452	0.091244	10817	1.19	6	0	5	23	8	65	46	1015	323	0	10	164	9810	87	0	192	197	26	0	131	162	48	2296	675	0	0	13	15	7	36	93	48	17784	4771
C:\Data\BAS_sjro\ARD1A\XRF data\L000276.spe	552.04	7.83	1	0.018319	-0.006058	0.00945	0.091258	14352	1.16	0	26	7	26	0	49	67	1420	419	24	0	246	16085	111	0	299	313	46	147	49	263	0	2904	648	0	10	18	56	23	22	0	0	22564	5918
C:\Data\BAS_sjro\ARD1A\XRF data\L000277.spe	554.04	7.83	1	0.01832	-0.006058	0.009449	0.091257	14852	1.07	5	10	13	12	0	45	70	1659	539	17	25	255	17654	169	0	402	371	4	0	84	228	43	2957	771	0	0	0	0	25	43	115	24	22527	6208
C:\Data\BAS_sjro\ARD1A\XRF data\L000278.spe	556.04	7.83	1	0.018319	-0.006028	0.009447	0.091265	14820	1.14	19	18	21	29	0	32	67	1744	511	7	17	270	17796	157	0	293	376	48	65	154	280	35	3522	855	0	33	28	65	0	49	38	41	22746	6403
C:\Data\BAS_sjro\ARD1A\XRF data\L000279.spe	558.04	7.84	1	0.018319	-0.006028	0.009449	0.091265	15278	1.08	22	14	12	23	0	50	61	1677	531	20	7	247	16984	173	34	448	390	0	85	50	296	97	3397	850	0	0	0	80	75	84	0	0	23729	6293
C:\Data\BAS_sjro\ARD1A\XRF data\L000280.spe	560.04	7.86	1	0.01832	-0.006028	0.00945	0.091272	13779	1.16	10	7	0	33	11	52	59	1482	388	16	14	195	12977	82	0	312	345	33	0	78	252	0	3146	726	0	0	15	41	15	35	57	0	22660	5893
C:\Data\BAS_sjro\ARD1A\XRF data\L000281.spe	562.04	7.85	1	0.01832	-0.006002	0.00945	0.09128	11763	1.1	0	8	0	39	0	86	23	611	197	31	0	110	6387	72	0	207	189	15	103	34	171	0	2989	657	0	0	4	35	51	24	0	121	20890	5666
C:\Data\BAS_sjro\ARD1A\XRF data\L000282.spe	564.04	7.79	1	0.01832	-0.006002	0.009449	0.091273	12332	1.11	16	20	10	37	0	53	25	893	284	0	8	145	8697	68	0	197	261	0	24	109	326	0	3857	827	0	20	17	6	51	58	6	0	20690	5720
C:\Data\BAS_sjro\ARD1A\XRF data\L000283.spe	566.04	7.79	1	0.01832	-0.005983	0.009448	0.091273	9430	1.11	0	13	0	31	0	69	31	537	79	10	6	100	3899	17	5	189	338	0	61	32	279	0	4310	759	4	6	19	5	48	55	0	0	16556	4971
C:\Data\BAS_sjro\ARD1A\XRF data\L000284.spe	568.04	7.76	1	0.01832	-0.005983	0.009448	0.091284	14849	1.16	10	8	12	47	9	40	123	3049	491	21	10	359	19133	237	0	863	1207	0	134	83	383	0	5992	844	0	0	6	45	105	89	0	8	20384	5828
C:\Data\BAS_sjro\ARD1A\XRF data\L000285.spe	570.04	7.73	1	0.018319	-0.006014	0.009449	0.091284	13142	1.13	0	26	15	69	6	31	106	2626	419	24	12	331	18824	140	0	577	877	0	28	116	456	32	5640	627	0	0	0	27	46	43	29	17	17624	4787
C:\Data\BAS_sjro\ARD1A\XRF data\L000286.spe	572.04	7.74	0	0.018319	-0.00599	0.009451	0.091284	7630	1.1	0	0	10	29	0	60	34	957	126	0	5	128	6178	18	0	266	375	0	0	50	251	24	3487	408	0	0	0	0	0	54	84	0	11304	3380
C:\Data\BAS_sjro\ARD1A\XRF data\L000287.spe	574.04	7.73	1	0.018319	-0.00599	0.009452	0.091299	10496	1.11	0	0	23	36	16	41	64	1939	266	0	0	261	13500	127	0	516	688	0	167	95	319	0	4177	505	0	0	0	11	31	12	0	37	14332	4259
C:\Data\BAS_sjro\ARD1A\XRF data\L000288.spe	576.04	7.73	1	0.018319	-0.006021	0.00945	0.091308	13804	1.15	0	9	0	29	0	51	85	3500	369	0	11	493	15628	105	0	826	1302	8	36	234	577	54	6741	717	0	4	22	59	8	60	107	0	18432	5357
C:\Data\BAS_sjro\ARD1A\XRF data\L000289.spe	578.04	7.75	1	0.018319	-0.006051	0.00945	0.091303	13553	1.19	0	0	20	58	0	50	95	2653	256	0	19	366	14303	130	0	646	976	23	255	107	456	0	6254	712	0	9	0	39	34	92	0	0	19581	5444
C:\Data\BAS_sjro\ARD1A\XRF data\L000290.spe	580.04	7.75	1	0.01832	-0.006083	0.009452	0.091303	14672	1.12	15	27	32	44	0	44	70	2992	270	0	16	403	15130	97	0	905	1099	0	96	113	467	64	6992	749	0	0	0	23	45	151	54	0	20934	5904
C:\Data\BAS_sjro\ARD1A\XRF data\L000291.spe	582.04	7.74	1	0.018319	-0.006083	0.009454	0.091303	14407	1.29	0	13	0	43	0	29	77	2925	276	13	0	364	13570	63	0	849	1245	0	153	138	432	0	6642	870	6	0	60	46	33	45	0	39	20924	6010
C:\Data\BAS_sjro\ARD1A\XRF data\L000292.spe	584.04	7.72	1	0.018319	-0.006083	0.009455	0.091303	15670	1.13	0	15	29	48	0	46	59	3557	402	33	9	554	16698	90	0	1033	1351	0	60	201	606	0	6923	824	0	0	6	17	48	60	33	24	22065	6032
C:\Data\BAS_sjro\ARD1A\XRF data\L000293.spe	586.04	7.71	1	0.018319	-0.006102	0.009456	0.091303	14593	1.15	8	9	26	54	0	42	89	2779	290	12	0	425	14864	122	12	926	1060	31	54	126	527	0	6310	618	7	16	19	46	23	97	51	0	21094	5686
C:\Data\BAS_sjro\ARD1A\XRF data\L000294.spe	588.04	7.69	1	0.01832	-0.006102	0.009458	0.091303	16440	1.21	0	6	39	51	13	27	106	3842	352	0	42	598	16236	91	0	1068	1327	14	98	188	705	0	7099	792	15	7	0	25	0	85	55	0	23357	6331
C:\Data\BAS_sjro\ARD1A\XRF data\L000295.spe	590.04	7.65	1	0.01832	-0.006102	0.00946	0.091317	14327	1.06	0	23	33	53	0	65	86	3240	293	0	0	472	13608	160	0	872	1024	0	131	164	506	0	5662	688	8	21	14	26	75	84	23	0	20535	5688
C:\Data\BAS_sjro\ARD1A\XRF data\L000296.spe	592.04	7.55	1	0.01832	-0.006102	0.009459	0.091317	13590	1.07	0	14	25	33	17	58	96	2720	609	9	0	366	18980	198	0	546	641	0	38	43	252	5	4014	724	0	0	27	24	22	15	28	50	18736	5288
C:\Data\BAS_sjro\ARD1A\XRF data\L000297.spe	594.04	7.55	0	0.01832	-0.006102	0.009457	0.09131	8718	1.18	0	4	0	0	6	70	9	368	130	0	14	75	5431	73	0	80	119	27	58	51	80	0	2089	783	6	0	10	20	27	0	0	0	15048	4920
C:\Data\BAS_sjro\ARD1A\XRF data\L000298.spe	596.04	7.58	0	0.018321	-0.006102	0.009455	0.09131	7590	1.1	4	7	9	0	0	79	0	184	70	0	0	21	2622	46	0	26	54	0	14	54	170	0	1855	761	0	0	20	13	19	48	45	0	14083	4435
C:\Data\BAS_sjro\ARD1A\XRF data\L000299.spe	598.04	7.57	1	0.01832	-0.006102	0.009455	0.09131	10740	1.17	0	14	18	14	17	44	64	1028	426	36	22	312	13938	119	10	87	193	0	79	52	185	0	2418	703	0	0	14	32	43	0	0	18	15656	5094
C:\Data\BAS_sjro\ARD1A\XRF data\L000300.spe	600.04	7.57	1	0.01832	-0.006102	0.009454	0.09131	10844	1.05	0	29	13	14	0	69	54	1273	489	16	25	358	15181	180	0	87	193	20	0	35	183	30	2299	696	10	15	6	63	19	66	80	29	15561	5031
C:\Data\BAS_sjro\ARD1A\XRF data\L000301.spe	602.04	7.56	1	0.01832	-0.006073	0.009453	0.09131	11245	1.11	15	15	13	23	0	56	58	1349	475	35	0	225	15667	70	0	111	197	53	118	32	101	10	2780	742	0	12	0	40	0	56	0	0	15984	5040
C:\Data\BAS_sjro\ARD1A\XRF data\L000302.spe	604.04	7.55	1	0.01832	-0.006073	0.009452	0.091316	13904	1.15	0	45	0	36	15	53	100	2486	791	21	19	356	24759	135	0	222	394	0	28	58	233	154	4319	718	0	0	71	23	0	50	0	0	18039	5477
C:\Data\BAS_sjro\ARD1A\XRF data\L000303.spe	606.04	7.55	1	0.01832	-0.006098	0.009452	0.091308	12714	1.19	0	12	19	28	13	79	71	2134	356	0	0	361	13978	88	6	456	636	0	78	73	322	0	4958	897	0	21	0	36	49	94	0	15	18624	5420
C:\Data\BAS_sjro\ARD1A\XRF data\L000304.spe	608.04	7.55	1	0.01832	-0.006099	0.009452	0.091308	14437	1.13	0	7	10	42	0	42	54	2793	312	7	16	499	16603	185	0	792	1161	0	149	173	494	0	6114	691	0	0	35	52	50	54	0	63	20492	5806
C:\Data\BAS_sjro\ARD1A\XRF data\L000305.spe	610.04	7.49	1	0.018319	-0.006127	0.009453	0.0913	15258	1.17	0	12	39	52	0	39	108	3150	355	16	7	544	19254	150	0	778	1177	0	103	93	485	10	6449	948	10	12	34	21	10	63	17	0	20963	5795
C:\Data\BAS_sjro\ARD1A\XRF data\L000306.spe	612.04	7.46	1	0.018319	-0.006097	0.009455	0.0913	12979	1.13	12	12	10	56	5	61	80	2163	247	0	0	458	15035	22	29	719	943	71	53	76	338	43	5465	805	0	0	0	55	13	108	36	0	18799	5215
C:\Data\BAS_sjro\ARD1A\XRF data\L000307.spe	614.04	7.46	1	0.018319	-0.006097	0.009453	0.091306	12147	1.12	4	13	33	28	0	80	41	1617	217	15	22	343	11833	82	0	560	709	34	58	104	431	35	5352	691	0	0	0	54	36	67	21	0	18157	5180
C:\Data\BAS_sjro\ARD1A\XRF data\L000308.spe	616.04	7.46	1	0.018319	-0.006097	0.009452	0.091315	13502	1.05	12	17	13	54	0	31	63	2340	274	5	18	464	13905	134	0	604	849	0	0	100	473	0	5799	595	0	0	6	52	11	89	90	0	19175	5419
C:\Data\BAS_sjro\ARD1A\XRF data\L000309.spe	618.04	7.45	1	0.018318	-0.006097	0.00945	0.091305	14133	1.19	0	14	15	19	14	66	73	2695	342	10	0	502	17107	105	0	659	905	0	0	99	571	0	5596	760	0	0	8	0	50	39	43	18	19994	5467
C:\Data\BAS_sjro\ARD1A\XRF data\L000310.spe	620.04	7.43	1	0.018319	-0.006064	0.009448	0.091298	12581	1.11	0	6	32	42	6	65	64	2064	231	0	24	396	14011	68	12	595	757	0	0	114	402	60	5037	696	0	11	47	9	38	35	74	0	18063	4941
C:\Data\BAS_sjro\ARD1A\XRF data\L000311.spe	622.04	7.43	1	0.018318	-0.006041	0.009446	0.091298	13892	1.18	0	15	20	42	5	69	63	2876	218	23	7	783	20114	140	0	804	875	5	35	160	466	19	5751	665	0	14	0	51	5	71	5	67	18748	5461
C:\Data\BAS_sjro\ARD1A\XRF data\L000312.spe	624.04	7.43	1	0.018319	-0.00602	0.009446	0.09129	12730	1.15	0	5	18	31	13	57	66	2242	224	7	13	398	12657	148	0	563	737	0	81	134	482	86	5602	647	0	0	17	38	0	0	16	18	18943	5327
C:\Data\BAS_sjro\ARD1A\XRF data\L000313.spe	626.04	7.46	1	0.018319	-0.00602	0.009445	0.091281	13942	1.09	0	11	27	39	0	55	80	2880	347	0	0	495	16034	90	0	659	927	0	31	140	448	85	5689	746	0	9	29	34	52	67	0	0	20106	5593
C:\Data\BAS_sjro\ARD1A\XRF data\L000314.spe	628.04	7.46	1	0.018319	-0.006	0.009443	0.091281	14832	1.25	0	19	24	33	0	52	59	3558	330	28	18	686	18536	135	15	846	1162	9	54	166	525	46	6198	784	0	0	5	49	33	83	49	62	20301	5709
C:\Data\BAS_sjro\ARD1A\XRF data\L000315.spe	630.04	7.44	1	0.018319	-0.005969	0.009443	0.09128	13933	1.19	0	17	11	48	0	62	107	2714	254	7	19	535	16162	139	0	737	908	0	100	168	475	0	5601	699	0	14	33	18	33	66	0	0	20374	5580
C:\Data\BAS_sjro\ARD1A\XRF data\L000316.spe	632.04	7.44	1	0.018319	-0.005969	0.009441	0.09128	13784	1.17	0	17	23	60	0	43	61	2433	225	0	0	361	13450	57	9	640	891	0	199	139	489	35	5977	802	0	0	68	24	73	6	0	72	20750	5833
C:\Data\BAS_sjro\ARD1A\XRF data\L000317.spe	634.04	7.43	1	0.018319	-0.005969	0.009439	0.09128	12908	1.14	0	12	24	27	21	60	70	1962	176	21	31	301	10085	88	0	581	799	0	20	101	530	55	5792	681	0	12	0	8	18	57	55	0	20328	5727
C:\Data\BAS_sjro\ARD1A\XRF data\L000318.spe	636.04	7.43	1	0.018319	-0.005969	0.009439	0.091303	12804	1.11	0	11	26	52	13	64	70	2437	228	0	0	345	11423	89	21	656	885	12	0	57	298	0	5248	843	7	19	0	12	0	40	39	0	20018	5597
C:\Data\BAS_sjro\ARD1A\XRF data\L000319.spe	638.04	7.41	1	0.018319	-0.005997	0.009439	0.091303	13385	1.28	24	0	21	47	8	46	53	1998	201	7	6	329	10760	82	0	530	879	0	69	157	399	0	5933	780	19	0	43	48	45	61	28	0	21013	5564
C:\Data\BAS_sjro\ARD1A\XRF data\L000320.spe	640.04	7.39	1	0.018318	-0.006017	0.009441	0.091303	12364	1.11	0	16	12	43	5	80	54	2596	160	6	0	361	12486	78	4	583	829	32	70	149	506	0	5402	630	8	0	22	45	19	43	28	0	18344	4955
C:\Data\BAS_sjro\ARD1A\XRF data\L000321.spe	642.04	7.36	1	0.018318	-0.006021	0.009441	0.091303	12626	1.19	7	0	18	58	0	66	56	2640	186	25	16	302	12943	130	0	652	796	42	65	100	460	0	5554	735	0	0	0	55	0	59	51	0	18372	5328
C:\Data\BAS_sjro\ARD1A\XRF data\L000322.spe	644.04	7.36	1	0.018319	-0.006021	0.009442	0.091303	13224	1.06	0	0	25	33	8	61	48	2185	192	18	8	351	12382	157	0	560	780	0	130	146	430	43	5522	861	6	0	0	34	16	86	0	11	20411	5686
C:\Data\BAS_sjro\ARD1A\XRF data\L000323.spe	646.04	7.37	1	0.018318	-0.006021	0.009444	0.091303	13771	1.25	7	0	21	23	0	40	34	2455	209	9	0	335	13363	63	22	563	779	0	167	122	448	0	5635	756	0	0	28	37	17	56	0	39	20572	5617
C:\Data\BAS_sjro\ARD1A\XRF data\L000324.spe	648.04	7.33	1	0.018318	-0.005987	0.009446	0.091309	13709	1.19	0	22	41	35	8	48	62	2735	207	21	0	384	13441	125	12	592	693	26	170	113	456	27	5333	762	0	0	0	44	0	87	0	0	20570	5570
C:\Data\BAS_sjro\ARD1A\XRF data\L000325.spe	650.04	7.3	1	0.018319	-0.005957	0.009446	0.091319	14467	1.12	0	20	6	46	0	57	80	2992	219	20	13	395	14990	97	0	596	887	0	99	164	559	0	6075	731	0	0	30	6	24	26	0	0	21337	5684
C:\Data\BAS_sjro\ARD1A\XRF data\L000326.spe	652.04	7.29	1	0.018318	-0.005957	0.009448	0.091319	13742	1.18	0	14	17	44	17	59	45	2605	184	21	14	357	13705	145	0	594	717	0	241	241	569	35	6095	926	4	7	18	28	35	52	0	117	20528	5647
C:\Data\BAS_sjro\ARD1A\XRF data\L000327.spe	654.04	7.29	1	0.018319	-0.005957	0.009449	0.091326	14585	1.01	0	25	38	41	9	69	77	2692	216	16	0	366	16766	129	0	692	823	0	0	193	594	0	6000	872	0	5	0	25	0	51	82	42	21280	5655
C:\Data\BAS_sjro\ARD1A\XRF data\L000328.spe	656.04	7.31	1	0.018318	-0.005935	0.009451	0.091326	13693	1.2	0	0	13	28	0	54	45	2507	199	16	0	371	15221	123	20	703	797	47	88	134	512	0	5774	784	0	0	0	0	0	85	19	46	20312	5540
C:\Data\BAS_sjro\ARD1A\XRF data\L000329.spe	658.04	7.31	1	0.018319	-0.005935	0.009451	0.091323	13314	1.08	0	0	23	42	0	46	53	1953	168	0	15	274	11378	118	0	496	622	0	87	130	516	0	5330	747	0	0	0	13	31	50	0	50	20886	5612
C:\Data\BAS_sjro\ARD1A\XRF data\L000330.spe	660.04	7.3	1	0.018318	-0.005895	0.009451	0.091323	14257	1.16	0	11	15	74	13	51	55	2665	199	31	19	364	14133	100	0	784	837	0	128	192	547	13	5346	918	0	0	0	51	58	80	0	20	21718	5818
C:\Data\BAS_sjro\ARD1A\XRF data\L000331.spe	662.04	7.29	1	0.018319	-0.005895	0.009452	0.091323	13464	1.03	0	17	0	43	0	72	62	2174	163	11	20	359	12741	127	0	598	723	0	71	152	505	90	5425	728	5	12	34	40	53	65	0	0	20781	5747
C:\Data\BAS_sjro\ARD1A\XRF data\L000332.spe	664.04	7.27	1	0.018319	-0.005895	0.009455	0.091323	12068	1.12	0	0	14	43	0	55	31	1866	175	9	8	252	10862	93	0	554	725	0	57	85	466	0	4773	654	0	0	37	0	46	42	0	0	18888	5069
C:\Data\BAS_sjro\ARD1A\XRF data\L000333.spe	666.04	7.27	1	0.018319	-0.005874	0.009455	0.091333	10864	1.1	0	14	0	44	5	63	39	1170	108	17	7	159	7732	35	9	350	483	0	0	46	317	0	4464	672	0	9	7	18	21	78	45	0	18197	4979
C:\Data\BAS_sjro\ARD1A\XRF data\L000334.spe	668.04	7.26	1	0.018319	-0.005851	0.009455	0.091346	11894	1.04	12	0	0	31	0	47	41	1415	126	12	0	183	8692	106	0	396	513	0	63	193	501	0	4996	866	0	0	61	15	41	33	12	34	19738	5278
C:\Data\BAS_sjro\ARD1A\XRF data\L000335.spe	670.04	7.26	1	0.018318	-0.005851	0.009455	0.091371	14092	1.33	0	0	6	57	0	57	60	2437	198	26	0	386	13823	129	0	752	772	0	254	152	593	0	4959	735	0	0	0	21	0	90	0	91	21031	5301
C:\Data\BAS_sjro\ARD1A\XRF data\L000336.spe	672.04	7.27	1	0.018319	-0.005851	0.009456	0.091371	13619	1.03	0	25	14	34	20	70	87	2533	193	32	26	303	15090	80	0	626	720	8	0	132	415	73	4327	721	17	0	14	15	0	65	84	17	20074	5308
C:\Data\BAS_sjro\ARD1A\XRF data\L000337.spe	674.04	7.3	1	0.018318	-0.005851	0.009458	0.091371	13453	1.21	6	7	10	33	0	51	59	2475	212	0	10	299	16505	110	0	643	687	0	16	101	380	0	4367	704	0	7	0	51	39	77	51	35	19927	5268
C:\Data\BAS_sjro\ARD1A\XRF data\L000338.spe	676.04	7.31	1	0.018318	-0.005877	0.009456	0.091359	13310	1.22	0	16	34	48	8	55	57	2214	174	0	0	276	16800	147	0	544	703	57	164	179	396	0	4156	772	0	26	6	15	0	89	0	96	19284	5181
C:\Data\BAS_sjro\ARD1A\XRF data\L000339.spe	678.04	7.31	1	0.018318	-0.005877	0.009455	0.091369	11674	1.15	0	10	18	41	0	48	50	1916	173	10	6	214	12939	58	0	529	644	0	131	166	347	0	4061	691	0	0	38	45	38	23	0	36	17134	4691
C:\Data\BAS_sjro\ARD1A\XRF data\L000340.spe	680.04	7.31	1	0.018318	-0.005826	0.009453	0.091369	12285	1.17	0	10	14	39	0	50	51	2407	202	10	0	329	14344	150	15	590	685	37	29	151	384	28	4403	714	0	0	0	35	23	36	64	22	17647	4979
C:\Data\BAS_sjro\ARD1A\XRF data\L000341.spe	682.04	7.31	1	0.018318	-0.005859	0.009455	0.091369	13376	1.12	0	18	6	39	16	62	72	2424	246	5	20	374	14949	182	0	529	686	30	144	164	422	0	4984	659	0	0	0	58	0	21	0	11	19465	5212
C:\Data\BAS_sjro\ARD1A\XRF data\L000342.spe	684.04	7.33	1	0.018318	-0.005858	0.009455	0.091369	14371	1.11	0	14	16	59	7	63	65	2629	326	24	8	378	18664	170	0	505	742	31	150	126	358	0	4756	855	6	0	32	37	0	95	0	99	20327	5551
C:\Data\BAS_sjro\ARD1A\XRF data\L000343.spe	686.04	7.34	1	0.018317	-0.00588	0.009455	0.091369	13482	1.18	5	0	23	35	0	65	74	2314	291	0	20	351	16675	102	0	511	597	0	20	161	462	0	3949	897	5	19	0	24	28	58	102	0	19898	5425
C:\Data\BAS_sjro\ARD1A\XRF data\L000344.spe	688.04	7.33	1	0.018317	-0.0059	0.009453	0.091369	13572	1.13	13	17	9	62	8	61	70	2269	378	22	0	289	16940	107	0	572	558	13	56	80	338	36	4123	746	0	0	0	54	0	45	19	87	19918	5476
C:\Data\BAS_sjro\ARD1A\XRF data\L000345.spe	690.04	7.3	1	0.018317	-0.005919	0.009455	0.091369	13141	1.1	6	10	8	21	0	39	66	2347	408	22	10	298	17107	182	10	487	606	33	115	180	320	0	4093	686	4	0	6	35	0	37	0	89	18299	5422
C:\Data\BAS_sjro\ARD1A\XRF data\L000346.spe	692.04	7.33	1	0.018317	-0.005939	0.009453	0.091369	12220	1.18	13	25	14	45	9	36	64	2439	404	28	0	317	16478	143	0	409	615	49	61	78	299	64	4090	517	7	0	0	57	0	61	13	0	16989	4897
C:\Data\BAS_sjro\ARD1A\XRF data\L000347.spe	694.04	7.36	1	0.018317	-0.00596	0.009455	0.091369	12221	1.07	0	8	14	52	18	37	67	2465	423	0	0	334	17340	143	11	380	504	76	73	184	293	50	4114	704	0	16	6	29	0	12	18	91	16423	4970
C:\Data\BAS_sjro\ARD1A\XRF data\L000348.spe	696.04	7.37	1	0.018317	-0.00596	0.009456	0.091376	12730	1.15	0	5	31	40	20	66	81	2989	344	54	0	361	17341	148	0	510	660	0	104	124	344	59	4262	665	5	0	33	20	63	34	6	28	16639	5133
C:\Data\BAS_sjro\ARD1A\XRF data\L000349.spe	698.04	7.37	1	0.018318	-0.00596	0.009457	0.091376	11460	1.03	16	15	17	54	0	70	48	2270	288	0	15	312	15271	99	0	402	395	49	69	186	268	28	3982	717	0	0	0	7	0	61	23	49	15894	4761
C:\Data\BAS_sjro\ARD1A\XRF data\L000350.spe	700.04	7.37	1	0.018317	-0.005928	0.009459	0.091376	12256	1.21	0	19	14	42	5	63	84	2525	300	0	17	311	15946	104	6	422	539	64	107	175	358	18	3896	732	0	9	0	35	0	44	0	0	17027	5023
C:\Data\BAS_sjro\ARD1A\XRF data\L000351.spe	702.04	7.37	1	0.018317	-0.005889	0.009459	0.091376	12818	1.06	0	16	16	40	0	36	93	3281	500	33	23	399	18610	163	0	450	457	40	20	141	285	0	4248	822	0	0	0	0	0	0	20	0	17011	5423
C:\Data\BAS_sjro\ARD1A\XRF data\L000352.spe	704.04	7.39	1	0.018316	-0.005843	0.009459	0.091376	13169	1.15	0	0	16	41	7	60	96	3447	551	32	7	443	22856	136	0	402	473	0	26	64	262	101	4260	656	0	14	19	7	0	53	74	56	16948	5120
C:\Data\BAS_sjro\ARD1A\XRF data\L000353.spe	706.04	7.4	1	0.018316	-0.005794	0.009459	0.091376	12724	1.22	0	14	29	29	11	65	107	3578	563	41	21	435	21791	188	0	323	490	0	111	122	301	0	4022	815	14	20	45	28	17	35	0	38	16049	5003
C:\Data\BAS_sjro\ARD1A\XRF data\L000354.spe	708.04	7.4	1	0.018317	-0.005794	0.009461	0.091376	12493	1.16	0	32	15	41	7	60	85	3205	715	33	31	409	23834	196	0	332	345	0	88	107	187	54	3743	617	0	0	6	44	45	49	16	120	15224	4775
C:\Data\BAS_sjro\ARD1A\XRF data\L000355.spe	710.04	7.39	1	0.018317	-0.005725	0.009461	0.091376	12746	1.15	0	50	23	47	5	62	80	3218	652	27	0	364	22801	150	28	253	342	10	0	43	228	30	4079	816	0	0	26	10	0	43	0	102	15857	5240
C:\Data\BAS_sjro\ARD1A\XRF data\L000356.spe	712.04	7.4	1	0.018317	-0.005684	0.009461	0.091376	13352	1.1	0	26	5	57	0	45	118	3448	695	0	37	421	24264	206	33	337	441	29	0	120	257	33	4189	806	13	31	11	55	42	0	0	39	16514	5247
C:\Data\BAS_sjro\ARD1A\XRF data\L000357.spe	714.04	7.41	1	0.018317	-0.005684	0.009462	0.091376	12572	1.14	0	31	23	42	14	59	75	2789	572	7	37	352	20361	156	7	303	350	0	116	107	213	27	4063	921	0	0	8	43	56	45	0	101	16640	5346
C:\Data\BAS_sjro\ARD1A\XRF data\L000358.spe	716.04	7.42	1	0.018316	-0.005623	0.009462	0.091376	13564	1.23	0	21	13	81	16	65	83	3009	637	29	16	421	26426	257	30	277	434	0	50	113	257	49	4217	768	11	0	28	38	29	35	24	115	16748	5479
C:\Data\BAS_sjro\ARD1A\XRF data\L000359.spe	718.04	7.42	1	0.018317	-0.005577	0.009462	0.091376	14098	1.2	0	8	0	178	0	43	86	2759	456	28	0	347	31731	290	0	329	397	0	156	118	353	0	4293	717	7	0	62	48	27	43	0	71	16709	5275
C:\Data\BAS_sjro\ARD1A\XRF data\L000360.spe	720.04	7.42	1	0.018317	-0.005558	0.009464	0.091376	13913	1.05	18	12	17	55	0	44	69	3144	502	13	9	398	22459	176	0	528	490	6	0	72	472	63	4714	595	13	0	0	22	0	11	31	29	18120	5355
C:\Data\BAS_sjro\ARD1A\XRF data\L000361.spe	722.04	7.42	1	0.018317	-0.005516	0.009464	0.091376	12290	1.07	0	17	8	24	0	58	56	2564	406	22	10	349	16602	107	7	400	455	0	29	154	344	0	4066	739	0	22	21	86	36	23	39	16	16992	4978
C:\Data\BAS_sjro\ARD1A\XRF data\L000362.spe	724.04	7.42	1	0.018317	-0.005536	0.009464	0.091376	13310	1.09	0	46	48	29	6	62	77	3044	415	7	5	382	16801	166	0	426	524	10	73	72	385	0	4771	729	8	26	0	22	30	73	0	77	18347	5449
C:\Data\BAS_sjro\ARD1A\XRF data\L000363.spe	726.04	7.43	1	0.018317	-0.005557	0.009464	0.091384	14350	1.13	4	18	5	56	0	38	83	3619	557	12	15	474	20931	181	0	506	593	0	116	124	446	0	4960	811	0	0	0	13	0	19	9	0	18968	5746
C:\Data\BAS_sjro\ARD1A\XRF data\L000364.spe	728.04	7.43	1	0.018317	-0.005525	0.009465	0.091392	14004	1.17	8	6	26	28	0	48	95	3689	555	4	35	467	20738	185	0	551	618	0	0	123	471	0	4868	886	0	0	50	42	0	12	62	0	18745	5615
C:\Data\BAS_sjro\ARD1A\XRF data\L000365.spe	730.04	7.41	1	0.018317	-0.005525	0.009467	0.091392	13175	1.09	0	11	23	49	6	46	60	2978	419	22	26	352	18152	170	0	421	560	44	0	151	390	10	4619	902	0	0	0	29	0	34	71	0	18059	5267
C:\Data\BAS_sjro\ARD1A\XRF data\L000366.spe	732.04	7.39	1	0.018316	-0.005525	0.009469	0.091392	13238	1.21	0	13	25	52	8	61	92	3276	410	26	8	425	18017	151	0	497	521	46	53	108	370	0	4790	581	0	29	0	44	0	58	45	57	17850	5314
C:\Data\BAS_sjro\ARD1A\XRF data\L000367.spe	734.04	7.38	1	0.018317	-0.005495	0.009469	0.091407	13995	1.12	0	28	21	77	13	36	88	3544	486	29	11	436	22789	222	0	457	606	0	53	59	430	0	4849	675	0	0	0	23	24	68	38	0	17896	5370
C:\Data\BAS_sjro\ARD1A\XRF data\L000368.spe	736.04	7.39	1	0.018316	-0.005495	0.00947	0.091407	14655	1.16	0	37	23	50	0	53	94	3585	595	35	24	514	25045	219	0	536	585	30	47	111	416	0	4773	745	5	11	0	39	0	42	53	50	18402	5511
C:\Data\BAS_sjro\ARD1A\XRF data\L000369.spe	738.04	7.39	1	0.018316	-0.005495	0.009472	0.091416	13746	1.24	0	32	17	28	0	39	57	2941	475	5	6	374	19555	152	9	400	545	0	31	86	297	31	4649	673	0	0	36	45	38	29	14	71	18787	5705
C:\Data\BAS_sjro\ARD1A\XRF data\L000370.spe	740.04	7.39	1	0.018317	-0.005473	0.009474	0.091416	13694	1.1	0	23	23	40	0	43	86	2916	563	54	13	411	21904	144	20	435	488	30	75	112	245	0	4247	770	0	11	0	27	0	86	0	10	18064	5449
C:\Data\BAS_sjro\ARD1A\XRF data\L000371.spe	742.04	7.39	1	0.018316	-0.005473	0.009476	0.091409	12883	1.14	0	24	8	52	16	55	63	2820	475	46	0	407	18795	217	10	430	589	0	107	133	404	61	4042	684	9	0	29	17	69	16	0	37	17072	5263
C:\Data\BAS_sjro\ARD1A\XRF data\L000372.spe	744.04	7.4	1	0.018317	-0.005473	0.009477	0.091401	12561	1.07	0	13	25	45	0	44	67	2607	481	35	0	344	19649	166	0	283	382	0	104	73	362	0	3888	805	0	7	19	0	31	72	0	31	16908	5259
C:\Data\BAS_sjro\ARD1A\XRF data\L000373.spe	746.04	7.41	1	0.018316	-0.005425	0.009477	0.091401	13948	1.14	0	29	0	66	5	49	119	3100	677	21	0	422	25132	138	0	353	404	0	0	65	429	0	4318	814	0	0	11	37	48	49	106	94	17376	5635
C:\Data\BAS_sjro\ARD1A\XRF data\L000374.spe	748.04	7.41	1	0.018316	-0.005375	0.009477	0.091401	13885	1.21	0	24	24	34	10	53	138	3385	665	28	35	411	23789	147	28	417	525	51	46	145	381	0	4519	723	0	0	14	32	23	35	33	30	17601	5308
C:\Data\BAS_sjro\ARD1A\XRF data\L000375.spe	750.04	7.41	1	0.018317	-0.005354	0.009479	0.091401	13815	1.15	0	0	0	61	7	45	110	3597	616	0	14	487	22793	203	13	492	592	0	0	116	419	0	4585	782	9	0	14	16	57	63	127	50	17366	5333
C:\Data\BAS_sjro\ARD1A\XRF data\L000376.spe	752.04	7.39	1	0.018316	-0.005376	0.009478	0.091401	14028	1.16	12	34	36	51	0	36	97	3313	583	50	8	409	22448	180	0	490	494	0	152	112	447	97	4780	655	0	4	11	11	0	9	0	110	17847	5565
C:\Data\BAS_sjro\ARD1A\XRF data\L000377.spe	754.04	7.36	1	0.018317	-0.005376	0.009476	0.09141	13054	1.19	0	14	32	34	7	47	68	2984	504	24	0	361	18953	83	0	351	459	26	67	111	456	32	4715	876	0	8	0	27	0	36	0	66	17453	5421
C:\Data\BAS_sjro\ARD1A\XRF data\L000378.spe	756.04	7.33	1	0.018317	-0.005408	0.009478	0.091403	14459	1.14	0	34	38	35	9	29	109	3875	578	12	9	460	24422	203	28	593	633	85	0	85	386	73	5086	750	0	31	0	58	0	63	138	67	18243	5595
C:\Data\BAS_sjro\ARD1A\XRF data\L000379.spe	758.04	7.3	1	0.018317	-0.005408	0.009478	0.091403	14703	1.08	0	14	5	32	0	16	66	3633	541	0	14	465	22262	118	0	506	614	15	74	147	397	104	5220	856	0	0	59	25	12	0	28	73	19549	5947
C:\Data\BAS_sjro\ARD1A\XRF data\L000380.spe	760.04	7.28	1	0.018317	-0.005441	0.009477	0.091403	14802	1.15	0	30	19	50	5	32	93	3733	590	33	0	454	23389	177	0	649	599	6	60	157	664	0	5103	759	0	0	0	32	22	30	34	0	19468	5662
C:\Data\BAS_sjro\ARD1A\XRF data\L000381.spe	762.1	7.27	0	0.018317	-0.00542	0.009477	0.091403	11260	1.12	0	15	18	35	12	52	65	2273	344	26	16	310	14400	124	0	441	423	50	0	120	429	27	4027	703	8	23	0	19	16	26	83	0	15277	4598
C:\Data\BAS_sjro\ARD1A\XRF data\L000382.spe	764.4	7.27	0	0.018316	-0.00542	0.009475	0.091409	5229	0.93	0	0	21	9	6	71	0	7	0	0	16	0	81	10	7	16	41	11	31	18	142	6	2166	498	0	0	10	9	20	25	0	0	9533	3077
C:\Data\BAS_sjro\ARD1A\XRF data\L000383.spe	766.04	7.26	0	0.018316	-0.00542	0.009474	0.0914	4834	1.01	0	9	10	9	12	95	0	7	0	0	7	0	28	11	0	0	27	18	8	0	64	32	2039	573	0	0	0	26	8	12	0	0	9075	2882
C:\Data\BAS_sjro\ARD1A\XRF data\L000384.spe	768.04	7.25	0	0.018316	-0.005367	0.009474	0.0914	5173	1.15	0	8	0	8	6	76	0	0	0	0	0	0	88	6	0	17	49	0	0	27	104	0	2062	504	0	0	0	9	0	6	65	0	9309	3061
C:\Data\BAS_sjro\ARD1A\XRF data\L000385.spe	770.2	7.23	0	0.018316	-0.005387	0.009474	0.091411	6396	1.15	0	0	4	9	0	58	0	19	4	0	6	0	238	7	0	17	49	0	74	57	144	19	2527	634	0	0	0	7	32	44	0	0	11706	3724
C:\Data\BAS_sjro\ARD1A\XRF data\L000386.spe	772.04	7.22	0	0.018315	-0.005387	0.009472	0.0914	5614	1.1	0	0	0	7	4	58	0	6	7	0	6	0	95	19	0	12	60	18	5	55	170	0	2272	543	0	0	0	5	0	18	9	0	10471	3360
C:\Data\BAS_sjro\ARD1A\XRF data\L000387.spe	774.1	7.4	0	0.018316	-0.005416	0.009472	0.091415	5316	0.94	0	0	5	12	7	77	6	5	0	0	10	0	62	11	5	11	41	0	24	0	115	18	2237	576	0	0	9	8	5	30	0	16	10104	3175
C:\Data\BAS_sjro\ARD1A\XRF data\L000388.spe	776.2	7.66	0	0.018316	-0.005416	0.009472	0.091415	4909	1.06	0	0	0	17	0	72	0	0	9	0	0	0	22	13	6	29	28	12	65	0	78	0	2090	583	0	0	0	14	12	9	0	0	9312	2872
C:\Data\BAS_sjro\ARD1A\XRF data\L000389.spe	778.4	7.78	0	0.018315	-0.005416	0.009472	0.091415	4665	1.24	0	0	0	7	7	70	0	5	6	0	0	0	31	21	6	6	24	14	36	9	89	0	1922	517	0	0	17	14	24	0	0	0	8486	2561
C:\Data\BAS_sjro\ARD1A\XRF data\L000390.spe	780.04	7.85	0	0.018315	-0.005416	0.009472	0.091415	3882	1.43	0	0	0	13	0	79	4	0	0	0	0	6	15	9	0	19	24	5	55	11	116	0	1469	463	0	0	0	0	7	0	0	10	7027	2382
C:\Data\BAS_sjro\ARD1A\XRF data\L000391.spe	782.04	7.97	0	0.018315	-0.005444	0.009472	0.091415	3840	1.29	0	0	6	14	0	76	8	0	0	0	0	0	19	5	0	0	36	0	14	0	0	10	1029	424	0	4	19	15	25	0	0	0	7443	2419
C:\Data\BAS_sjro\ARD1A\XRF data\L000392.spe	784.1	8	0	0.018316	-0.005464	0.00947	0.091415	4484	1.18	0	0	0	0	9	66	0	0	0	0	0	0	11	9	0	0	57	0	0	0	12	0	154	366	0	0	7	0	12	24	0	43	9175	2447