C:\Data\ITRAX\ARD_Aug 2013_Mo-tube_Reanalysed_USE\ARD1B\XRF data     06/08/2013  re-evaluated data
peakarea
filename	position (mm)	sample surface	validity	E-gain	E-offset	F-slope	F-offset	kcps	MSE	Mg	Al	Si	P	S	Cl	Ar	K	Ca	Sc	Ti	Cr	Mn	Fe	Co	Ni	Cu	Zn	Ga	As	Se	Br	Rb	Sr	Zr	Sn	Cs	Ba	Ta	W	Ir	Pt	Pb	D1	S1	S2	S3	Mo inc	Mo coh	
C:\Data\ITRAX\ARD_Aug 2013_Mo-tube_Reanalysed_USE\ARD1B\XRF data\L000000.spe	0.04	8.00	1	0.018309	-0.003173	0.009867	0.093737	13144.14063	1.41	8	16	22	0	23	0	49	85	1968	0	807	7	351	25200	285	0	189	218	31	0	18	176	83	2245	655	0	0	5	0	6	11	51	56	29	49	16	0	14024	4489	
C:\Data\ITRAX\ARD_Aug 2013_Mo-tube_Reanalysed_USE\ARD1B\XRF data\L000001.spe	2.04	7.73	1	0.018310	-0.003173	0.009851	0.093737	11333.73047	1.33	0	0	12	6	19	8	69	20	820	0	274	11	104	10028	75	0	102	141	0	0	36	171	27	2091	924	0	0	30	12	16	15	38	76	11	38	33	332744551565564	15659	4747	
C:\Data\ITRAX\ARD_Aug 2013_Mo-tube_Reanalysed_USE\ARD1B\XRF data\L000002.spe	4.04	7.76	1	0.018310	-0.003173	0.009831	0.093737	10971.34961	1.21	0	7	25	4	13	0	36	34	722	0	297	0	153	9203	58	0	72	115	11	87	0	71	21	2286	955	0	0	0	0	35	7	31	0	14	50	5	0	15262	4762	
C:\Data\ITRAX\ARD_Aug 2013_Mo-tube_Reanalysed_USE\ARD1B\XRF data\L000003.spe	6.04	7.75	1	0.018311	-0.003173	0.009819	0.093737	8164.08984	1.12	30	26	15	26	27	8	83	6	222	0	69	8	42	3293	64	0	24	42	0	0	0	84	35	1934	692	0	4	0	8	14	21	39	18	0	6	21	1032322091672528	12070	3929	
C:\Data\ITRAX\ARD_Aug 2013_Mo-tube_Reanalysed_USE\ARD1B\XRF data\L000004.spe	8.04	7.67	1	0.018310	-0.003173	0.009822	0.093737	13523.12012	1.35	0	0	28	0	14	0	40	82	1587	0	673	16	307	20401	191	0	113	151	101	16	115	128	122	2505	902	0	0	0	0	27	0	31	59	17	61	0	0	16127	4976	
C:\Data\ITRAX\ARD_Aug 2013_Mo-tube_Reanalysed_USE\ARD1B\XRF data\L000005.spe	10.04	7.64	1	0.018310	-0.003173	0.009822	0.093737	12901.65234	1.42	0	0	4	0	4	0	35	85	1568	0	643	19	265	19260	124	0	82	179	6	62	75	105	48	2520	816	0	0	0	0	14	9	41	0	27	77	0	0	15358	5047	
C:\Data\ITRAX\ARD_Aug 2013_Mo-tube_Reanalysed_USE\ARD1B\XRF data\L000006.spe	12.04	7.69	1	0.018310	-0.003173	0.009822	0.093737	13996.79590	1.55	28	22	42	4	9	0	31	90	2066	18	913	17	365	26472	95	0	129	220	0	0	6	148	28	2651	792	0	0	0	0	38	28	66	19	148	198	0	532535401534711	15093	5032	
C:\Data\ITRAX\ARD_Aug 2013_Mo-tube_Reanalysed_USE\ARD1B\XRF data\L000007.spe	14.04	7.78	1	0.018310	-0.003173	0.009822	0.093737	13015.54590	1.25	10	7	28	19	17	5	58	68	1451	0	660	13	270	18546	142	0	120	178	31	53	13	210	73	2581	1014	0	0	12	0	32	0	49	53	52	98	8	235682773855191	15353	5238	
C:\Data\ITRAX\ARD_Aug 2013_Mo-tube_Reanalysed_USE\ARD1B\XRF data\L000008.spe	16.04	7.83	1	0.018310	-0.003173	0.009822	0.093737	10137.89063	1.33	15	6	9	10	28	0	90	16	123	0	70	8	35	2904	64	0	40	85	0	75	0	102	0	2189	887	0	7	0	0	22	23	55	0	50	0	13	0	15593	5042	
C:\Data\ITRAX\ARD_Aug 2013_Mo-tube_Reanalysed_USE\ARD1B\XRF data\L000009.spe	18.04	7.86	1	0.018310	-0.003173	0.009822	0.093737	8265.48438	1.17	5	10	0	7	15	0	94	0	9	0	0	0	0	180	38	0	0	29	0	19	19	30	21	1802	782	0	0	0	0	0	17	31	0	9	0	6	0	13713	4185	
C:\Data\ITRAX\ARD_Aug 2013_Mo-tube_Reanalysed_USE\ARD1B\XRF data\L000010.spe	20.04	7.86	1	0.018310	-0.003173	0.009822	0.093737	7960.69922	1.12	10	8	0	8	0	0	54	6	44	0	29	0	17	1350	7	0	43	48	0	0	14	81	68	1623	633	0	0	0	0	25	33	31	52	41	8	6	0	12634	3956	
C:\Data\ITRAX\ARD_Aug 2013_Mo-tube_Reanalysed_USE\ARD1B\XRF data\L000011.spe	22.04	7.86	1	0.018310	-0.003173	0.009822	0.093737	8888.45410	1.38	0	0	0	0	0	0	71	16	197	6	87	0	50	3071	22	0	28	59	47	49	107	121	9	2026	688	0	7	12	6	0	0	0	0	11	39	0	96635410135251	13764	4073	
C:\Data\ITRAX\ARD_Aug 2013_Mo-tube_Reanalysed_USE\ARD1B\XRF data\L000012.spe	24.04	7.86	1	0.018310	-0.003173	0.009822	0.093737	11290.63184	1.14	16	0	17	25	17	5	36	7	724	0	270	0	147	9284	89	0	131	109	0	91	0	163	81	2450	828	0	0	0	0	0	4	0	0	111	42	0	0	16123	4771	
C:\Data\ITRAX\ARD_Aug 2013_Mo-tube_Reanalysed_USE\ARD1B\XRF data\L000013.spe	26.04	7.86	1	0.018310	-0.003173	0.009822	0.093737	12695.56055	1.35	14	0	36	32	31	4	66	79	1263	0	424	0	260	15071	181	0	240	216	73	11	0	138	32	2587	920	0	0	4	0	26	0	79	73	79	41	0	98284641312749	16276	4828	
C:\Data\ITRAX\ARD_Aug 2013_Mo-tube_Reanalysed_USE\ARD1B\XRF data\L000014.spe	28.04	7.89	1	0.018310	-0.003173	0.009822	0.093737	12659.56445	1.30	4	7	30	17	18	7	79	63	1166	0	472	8	243	14125	163	0	191	180	18	0	35	105	83	2748	903	0	0	0	0	35	34	67	71	27	44	7	0	16215	5220	
C:\Data\ITRAX\ARD_Aug 2013_Mo-tube_Reanalysed_USE\ARD1B\XRF data\L000015.spe	30.04	7.89	1	0.018310	-0.003173	0.009822	0.093737	11504.72266	1.40	0	0	0	0	0	0	58	16	482	0	192	8	113	7592	81	0	130	118	22	0	58	141	92	2755	843	4	0	7	0	18	0	18	53	14	24	0	1302541597591857	16437	5201	
C:\Data\ITRAX\ARD_Aug 2013_Mo-tube_Reanalysed_USE\ARD1B\XRF data\L000016.spe	32.04	7.89	1	0.018310	-0.003173	0.009822	0.093737	11695.71289	1.36	0	0	0	0	0	7	84	22	590	0	259	0	131	9316	149	0	80	96	60	66	17	87	27	2582	765	0	0	0	0	0	0	31	0	6	0	11	1118189897272270	16338	5132	
C:\Data\ITRAX\ARD_Aug 2013_Mo-tube_Reanalysed_USE\ARD1B\XRF data\L000017.spe	34.04	7.88	1	0.018310	-0.003173	0.009822	0.093737	10724.76074	1.28	0	8	0	4	12	0	96	14	401	5	167	20	102	6555	57	0	81	87	21	0	18	108	28	2702	838	5	0	16	0	0	11	45	84	45	39	7	551511540893730	15772	4680	
C:\Data\ITRAX\ARD_Aug 2013_Mo-tube_Reanalysed_USE\ARD1B\XRF data\L000018.spe	36.04	7.87	1	0.018310	-0.003173	0.009822	0.093737	8861.25586	1.45	0	0	0	0	18	0	80	0	196	0	76	12	45	2982	49	0	39	66	61	52	16	36	48	2259	757	0	0	0	0	15	0	24	0	0	8	6	0	13373	4013	
C:\Data\ITRAX\ARD_Aug 2013_Mo-tube_Reanalysed_USE\ARD1B\XRF data\L000019.spe	38.04	7.87	1	0.018310	-0.003173	0.009822	0.093737	12621.86621	1.27	5	0	25	0	21	0	50	40	1195	0	398	15	231	12357	205	8	182	176	0	20	73	194	71	3028	794	11	0	0	0	41	11	49	42	72	0	0	784805082542448	16835	5065	
C:\Data\ITRAX\ARD_Aug 2013_Mo-tube_Reanalysed_USE\ARD1B\XRF data\L000020.spe	40.04	7.88	1	0.018310	-0.003173	0.009822	0.093737	15552.91992	1.33	14	9	57	31	23	0	50	91	1892	21	630	18	326	18887	139	0	228	337	19	0	106	266	55	3936	998	0	0	5	0	20	9	15	70	24	67	0	0	19643	5523	
C:\Data\ITRAX\ARD_Aug 2013_Mo-tube_Reanalysed_USE\ARD1B\XRF data\L000021.spe	42.04	7.92	1	0.018310	-0.003173	0.009822	0.093737	13289.33301	1.30	24	22	9	0	39	5	80	32	837	0	240	6	144	8507	31	0	192	255	10	54	90	213	0	3860	939	0	0	7	0	7	0	28	0	33	49	17	2228287156889048	19170	5647	
C:\Data\ITRAX\ARD_Aug 2013_Mo-tube_Reanalysed_USE\ARD1B\XRF data\L000022.spe	44.04	7.93	1	0.018310	-0.003173	0.009822	0.093737	11558.91797	1.34	0	0	0	0	28	4	57	0	80	0	19	8	32	1538	56	15	101	221	53	78	81	265	8	3699	1069	0	0	0	0	0	0	22	0	63	0	0	31516382690101	18811	5118	
C:\Data\ITRAX\ARD_Aug 2013_Mo-tube_Reanalysed_USE\ARD1B\XRF data\L000023.spe	46.04	7.93	1	0.018310	-0.003173	0.009822	0.093737	12710.25977	1.23	9	10	0	19	23	0	57	38	732	0	228	25	146	7379	72	4	252	363	9	187	70	231	0	3816	878	0	0	0	19	20	20	35	0	0	36	0	69272157909715	18673	4849	
C:\Data\ITRAX\ARD_Aug 2013_Mo-tube_Reanalysed_USE\ARD1B\XRF data\L000024.spe	48.04	7.93	1	0.018310	-0.003173	0.009822	0.093737	14948.75000	1.25	5	21	45	16	33	0	44	60	1465	0	323	0	246	10703	146	0	439	519	9	0	19	409	72	4883	946	0	0	0	0	6	0	36	0	0	8	21	0	20419	5462	
C:\Data\ITRAX\ARD_Aug 2013_Mo-tube_Reanalysed_USE\ARD1B\XRF data\L000025.spe	50.04	7.93	1	0.018310	-0.003173	0.009822	0.093737	15688.11328	1.37	0	0	0	25	41	9	42	41	1808	0	264	11	307	10761	118	0	505	702	0	0	61	453	0	5381	896	0	0	8	0	20	41	76	20	27	50	0	0	22176	5654	
C:\Data\ITRAX\ARD_Aug 2013_Mo-tube_Reanalysed_USE\ARD1B\XRF data\L000026.spe	52.04	7.95	1	0.018310	-0.003173	0.009822	0.093737	16070.19336	1.44	0	9	10	26	61	8	65	57	1492	11	216	15	270	13364	199	0	501	565	29	57	190	463	0	5457	1070	0	0	0	0	0	10	6	0	29	0	0	0	22694	5846	
C:\Data\ITRAX\ARD_Aug 2013_Mo-tube_Reanalysed_USE\ARD1B\XRF data\L000027.spe	54.04	7.95	1	0.018310	-0.003173	0.009822	0.093737	15901.20020	1.38	11	0	22	0	48	0	50	47	1705	0	252	29	327	10950	68	0	562	657	9	0	49	503	22	5625	1057	0	0	0	0	24	35	43	85	6	87	0	0	22396	5748	
C:\Data\ITRAX\ARD_Aug 2013_Mo-tube_Reanalysed_USE\ARD1B\XRF data\L000028.spe	56.04	7.84	1	0.018310	-0.003173	0.009822	0.093737	14095.49316	1.23	5	17	24	6	31	14	54	43	1281	0	144	30	220	5788	28	0	430	695	0	0	125	465	74	5311	825	0	0	4	0	52	39	59	119	0	65	0	575753645266922	20780	5413	
C:\Data\ITRAX\ARD_Aug 2013_Mo-tube_Reanalysed_USE\ARD1B\XRF data\L000029.spe	58.04	7.88	1	0.018310	-0.003173	0.009822	0.093737	14311.58008	1.49	0	0	28	18	44	6	64	38	1550	0	190	0	254	8932	149	0	474	716	26	0	124	285	29	5071	938	6	4	0	0	0	0	44	80	0	4	0	1269111570021182	20442	5238	
C:\Data\ITRAX\ARD_Aug 2013_Mo-tube_Reanalysed_USE\ARD1B\XRF data\L000030.spe	60.04	7.90	1	0.018310	-0.003173	0.009822	0.093737	12153.78906	1.46	0	0	0	17	28	0	78	25	865	0	109	0	149	5320	82	0	331	408	0	78	34	317	49	4207	775	0	7	8	17	8	40	41	14	0	8	0	233191153785911	17988	4703	
C:\Data\ITRAX\ARD_Aug 2013_Mo-tube_Reanalysed_USE\ARD1B\XRF data\L000031.spe	62.04	7.90	1	0.018310	-0.003173	0.009822	0.093737	12724.26172	1.31	15	0	7	0	21	0	62	37	1207	0	120	0	166	7571	88	0	329	449	0	97	103	298	37	4446	739	0	0	0	0	24	6	18	0	0	25	31	1026850562032975	18378	5002	
C:\Data\ITRAX\ARD_Aug 2013_Mo-tube_Reanalysed_USE\ARD1B\XRF data\L000032.spe	64.04	7.90	1	0.018310	-0.003173	0.009822	0.093737	14671.46191	1.38	5	0	0	0	33	0	65	47	1688	0	185	11	350	10453	94	0	510	533	0	32	80	436	61	5011	761	7	0	0	16	56	0	6	0	12	9	9	675543809799998	20770	5272	
C:\Data\ITRAX\ARD_Aug 2013_Mo-tube_Reanalysed_USE\ARD1B\XRF data\L000033.spe	66.04	7.90	1	0.018310	-0.003173	0.009822	0.093737	15566.31934	1.33	11	24	0	26	39	12	93	48	1783	0	164	8	350	10911	97	0	503	730	0	58	141	467	30	5092	850	17	0	0	14	0	27	43	0	17	63	12	39656410906783	22277	6051	
C:\Data\ITRAX\ARD_Aug 2013_Mo-tube_Reanalysed_USE\ARD1B\XRF data\L000034.spe	68.04	7.91	1	0.018310	-0.003173	0.009822	0.093737	15926.00098	1.33	0	11	7	35	39	14	60	43	1404	12	118	15	231	9866	140	0	420	554	0	0	167	556	107	5239	829	0	0	0	9	0	41	17	116	52	31	5	1331692610999580	23782	5666	
C:\Data\ITRAX\ARD_Aug 2013_Mo-tube_Reanalysed_USE\ARD1B\XRF data\L000035.spe	70.04	7.93	1	0.018310	-0.003173	0.009822	0.093737	14948.24902	1.28	11	0	9	13	6	0	63	0	935	0	117	12	187	7501	104	0	316	443	8	24	149	368	33	4727	850	8	0	0	34	6	0	14	33	0	27	0	510313413487666	22460	5786	
C:\Data\ITRAX\ARD_Aug 2013_Mo-tube_Reanalysed_USE\ARD1B\XRF data\L000036.spe	72.04	7.92	1	0.018310	-0.003173	0.009822	0.093737	15188.83691	1.33	0	8	7	23	47	0	70	35	1381	0	176	10	221	9340	133	10	515	608	0	0	120	396	0	5162	902	0	0	6	0	24	56	79	80	0	18	0	0	21714	5500	
C:\Data\ITRAX\ARD_Aug 2013_Mo-tube_Reanalysed_USE\ARD1B\XRF data\L000037.spe	74.04	7.87	1	0.018310	-0.003173	0.009822	0.093737	14890.95313	1.57	0	0	29	25	30	9	86	40	1683	0	193	0	242	9061	109	0	470	633	0	31	85	409	140	4788	743	0	0	6	0	0	25	79	17	0	63	0	0	21916	5716	
C:\Data\ITRAX\ARD_Aug 2013_Mo-tube_Reanalysed_USE\ARD1B\XRF data\L000038.spe	76.04	7.86	1	0.018310	-0.003173	0.009822	0.093737	13353.22754	1.23	25	13	0	18	23	8	68	40	796	0	196	0	141	7741	79	0	272	294	0	51	86	309	31	3597	907	5	0	0	48	0	14	32	0	16	37	0	0	19737	5222	
C:\Data\ITRAX\ARD_Aug 2013_Mo-tube_Reanalysed_USE\ARD1B\XRF data\L000039.spe	78.04	7.89	1	0.018310	-0.003173	0.009822	0.093737	12607.86719	1.24	0	0	0	14	35	0	78	23	424	0	98	0	66	4376	77	0	216	254	12	78	97	285	33	4074	824	0	0	0	0	0	0	0	18	0	0	14	0	19397	5182	
C:\Data\ITRAX\ARD_Aug 2013_Mo-tube_Reanalysed_USE\ARD1B\XRF data\L000040.spe	80.04	7.93	1	0.018310	-0.003173	0.009822	0.093737	13101.84082	1.32	0	0	0	0	26	11	68	21	573	0	76	15	126	5474	74	0	251	348	8	0	54	342	0	4267	854	0	5	0	0	41	28	73	104	22	9	18	0	20124	5471	
C:\Data\ITRAX\ARD_Aug 2013_Mo-tube_Reanalysed_USE\ARD1B\XRF data\L000041.spe	82.04	7.93	1	0.018310	-0.003173	0.009822	0.093737	13384.42773	1.40	0	0	0	17	0	0	66	26	612	14	104	24	117	6811	70	10	288	318	33	0	82	414	40	4618	849	0	0	0	0	0	0	31	41	0	8	0	0	20149	5189	
C:\Data\ITRAX\ARD_Aug 2013_Mo-tube_Reanalysed_USE\ARD1B\XRF data\L000042.spe	84.04	7.93	1	0.018310	-0.003173	0.009822	0.093737	11352.42871	1.27	7	15	29	36	33	4	62	11	679	0	66	0	115	4823	77	14	239	303	0	96	53	245	155	3794	777	0	0	12	0	17	34	31	0	86	0	0	0	17288	4584	
C:\Data\ITRAX\ARD_Aug 2013_Mo-tube_Reanalysed_USE\ARD1B\XRF data\L000043.spe	86.04	7.93	1	0.018310	-0.003173	0.009822	0.093737	14221.58594	1.25	9	0	10	8	44	0	40	19	1303	0	162	10	240	8093	111	0	403	699	32	98	202	319	0	4659	995	0	0	0	0	0	0	0	0	118	0	0	732829947572925	20822	5609	
C:\Data\ITRAX\ARD_Aug 2013_Mo-tube_Reanalysed_USE\ARD1B\XRF data\L000044.spe	88.04	7.93	1	0.018310	-0.003173	0.009822	0.093737	15949.89941	1.25	0	0	0	0	36	0	53	36	2243	5	289	0	369	12553	152	0	615	806	11	72	125	436	66	5509	953	0	0	0	0	8	24	26	0	81	33	15	0	22123	5671	
C:\Data\ITRAX\ARD_Aug 2013_Mo-tube_Reanalysed_USE\ARD1B\XRF data\L000045.spe	90.04	7.97	1	0.018310	-0.003173	0.009822	0.093737	15720.61035	1.38	10	20	12	18	40	8	69	47	2210	0	305	6	381	16010	80	0	549	712	0	70	101	371	41	4955	899	19	0	0	0	23	4	32	0	71	102	5	0	20780	5730	
C:\Data\ITRAX\ARD_Aug 2013_Mo-tube_Reanalysed_USE\ARD1B\XRF data\L000046.spe	92.04	7.99	1	0.018310	-0.003173	0.009822	0.093737	15631.51270	1.22	20	9	15	14	46	0	52	67	2432	0	278	0	369	14616	151	6	625	751	38	113	117	503	0	5372	948	0	0	0	0	65	5	68	0	58	59	0	0	20929	5546	
C:\Data\ITRAX\ARD_Aug 2013_Mo-tube_Reanalysed_USE\ARD1B\XRF data\L000047.spe	94.04	8.00	1	0.018310	-0.003173	0.009822	0.093737	15026.94629	1.43	0	4	17	26	51	7	71	59	2915	0	313	0	445	16579	152	0	658	813	0	72	83	433	29	4962	799	4	0	5	35	17	30	92	0	53	61	0	88514394502553	18875	5028	
C:\Data\ITRAX\ARD_Aug 2013_Mo-tube_Reanalysed_USE\ARD1B\XRF data\L000048.spe	96.04	8.00	1	0.018310	-0.003173	0.009822	0.093737	13950.79785	1.31	0	0	26	18	50	8	53	45	1706	12	187	23	285	11925	78	6	547	653	0	94	105	385	0	5002	879	0	0	0	0	16	0	88	0	117	39	18	276845937597765	18924	5167	
C:\Data\ITRAX\ARD_Aug 2013_Mo-tube_Reanalysed_USE\ARD1B\XRF data\L000049.spe	98.04	8.00	1	0.018310	-0.003173	0.009822	0.093737	15879.80273	1.57	0	11	28	33	66	22	38	59	2952	0	281	23	446	17696	174	0	704	897	23	30	162	461	0	5539	820	10	0	0	0	0	0	39	50	93	92	0	0	19855	5317	
C:\Data\ITRAX\ARD_Aug 2013_Mo-tube_Reanalysed_USE\ARD1B\XRF data\L000050.spe	100.04	8.00	1	0.018310	-0.003173	0.009822	0.093737	15225.43457	1.49	0	0	19	0	47	15	56	66	2404	0	255	9	385	13641	13	0	623	808	18	0	111	480	0	5605	842	6	0	0	0	0	0	65	61	68	115	9	111557225174313	20206	5275	
C:\Data\ITRAX\ARD_Aug 2013_Mo-tube_Reanalysed_USE\ARD1B\XRF data\L000051.spe	102.04	8.00	1	0.018310	-0.003173	0.009822	0.093737	16946.14844	1.45	20	15	31	30	57	0	41	62	3146	0	367	33	514	17307	182	0	777	965	0	81	39	515	131	6210	875	13	0	0	0	0	0	87	27	0	36	0	0	21803	5611	
C:\Data\ITRAX\ARD_Aug 2013_Mo-tube_Reanalysed_USE\ARD1B\XRF data\L000052.spe	104.04	8.00	1	0.018310	-0.003173	0.009822	0.093737	17064.74219	1.41	10	10	22	31	46	0	64	70	3430	0	339	20	552	17380	97	0	822	1077	0	0	148	502	85	6610	989	0	0	6	0	0	51	21	19	91	102	0	0	21666	5828	
C:\Data\ITRAX\ARD_Aug 2013_Mo-tube_Reanalysed_USE\ARD1B\XRF data\L000053.spe	106.04	8.00	1	0.018310	-0.003173	0.009822	0.093737	17025.24609	1.32	0	0	17	29	40	0	46	64	3458	0	322	26	479	16713	123	0	805	1074	0	219	111	632	99	6550	983	0	0	0	0	24	0	106	0	0	55	16	0	21699	5742	
C:\Data\ITRAX\ARD_Aug 2013_Mo-tube_Reanalysed_USE\ARD1B\XRF data\L000054.spe	108.04	8.00	1	0.018310	-0.003173	0.009822	0.093737	16892.85352	1.36	8	11	25	27	54	0	39	50	3202	0	319	30	583	17646	125	0	875	1058	102	128	226	541	0	5999	851	0	0	0	0	57	0	53	0	62	97	0	193620136478943	21392	5646	
C:\Data\ITRAX\ARD_Aug 2013_Mo-tube_Reanalysed_USE\ARD1B\XRF data\L000055.spe	110.04	8.00	1	0.018310	-0.003173	0.009822	0.093737	15645.81445	1.35	0	0	19	15	36	0	26	54	2862	0	263	14	523	14655	76	0	735	856	5	67	127	465	103	5107	926	0	0	0	0	0	0	49	0	103	107	0	986547135786512	20528	5508	
C:\Data\ITRAX\ARD_Aug 2013_Mo-tube_Reanalysed_USE\ARD1B\XRF data\L000056.spe	112.04	8.00	1	0.018310	-0.003173	0.009822	0.093737	15893.20313	1.29	0	17	12	18	44	0	64	66	2413	0	280	22	433	15474	168	0	667	820	0	9	147	476	0	4913	954	6	0	0	30	10	32	15	44	43	61	7	537387009092594	20772	5394	
C:\Data\ITRAX\ARD_Aug 2013_Mo-tube_Reanalysed_USE\ARD1B\XRF data\L000057.spe	114.04	8.00	1	0.018310	-0.003173	0.009822	0.093737	14618.26563	1.18	8	14	31	27	42	0	57	40	1842	0	219	15	346	12985	104	0	543	632	0	0	0	377	90	4223	978	0	0	0	0	65	0	61	88	0	58	12	0	19768	5239	
C:\Data\ITRAX\ARD_Aug 2013_Mo-tube_Reanalysed_USE\ARD1B\XRF data\L000058.spe	116.04	8.00	1	0.018310	-0.003173	0.009822	0.093737	15535.91797	1.34	0	0	32	24	43	8	46	41	1780	0	308	11	291	14055	213	0	445	498	0	0	38	363	14	4780	918	0	0	0	0	0	9	65	100	0	27	0	0	21145	5615	
C:\Data\ITRAX\ARD_Aug 2013_Mo-tube_Reanalysed_USE\ARD1B\XRF data\L000059.spe	118.04	7.99	1	0.018310	-0.003173	0.009822	0.093737	15527.12012	1.37	0	0	4	0	44	0	56	33	1576	4	249	22	271	13561	50	0	381	462	39	91	112	373	175	4198	970	9	0	17	5	38	0	69	0	0	113	0	1540668749136793	21452	5693	
C:\Data\ITRAX\ARD_Aug 2013_Mo-tube_Reanalysed_USE\ARD1B\XRF data\L000060.spe	120.04	7.97	1	0.018310	-0.003173	0.009822	0.093737	14399.37793	1.31	34	0	16	28	24	5	72	12	884	0	150	12	164	6998	50	0	307	360	57	71	53	316	51	4318	888	5	8	0	0	25	0	63	0	47	25	9	223213866892551	21725	5769	
C:\Data\ITRAX\ARD_Aug 2013_Mo-tube_Reanalysed_USE\ARD1B\XRF data\L000061.spe	122.04	7.96	1	0.018310	-0.003173	0.009822	0.093737	13119.74023	1.26	34	0	20	27	28	0	60	0	463	0	57	0	87	3743	72	0	160	236	0	0	62	250	75	3977	977	0	0	5	15	0	0	9	34	27	0	0	0	21077	5698	
C:\Data\ITRAX\ARD_Aug 2013_Mo-tube_Reanalysed_USE\ARD1B\XRF data\L000062.spe	124.04	7.91	1	0.018310	-0.003173	0.009822	0.093737	13286.93066	1.41	0	0	0	0	37	7	87	0	312	0	54	20	58	2640	60	0	157	204	0	118	65	238	23	4144	961	0	0	6	13	18	39	0	0	0	14	0	0	21578	5501	
C:\Data\ITRAX\ARD_Aug 2013_Mo-tube_Reanalysed_USE\ARD1B\XRF data\L000063.spe	126.04	7.89	1	0.018310	-0.003173	0.009822	0.093737	12923.75195	1.20	16	28	5	12	35	6	87	12	494	0	109	10	97	4263	91	0	224	315	0	94	85	232	26	4037	783	0	0	0	44	48	65	49	0	0	0	0	0	19984	5227	
C:\Data\ITRAX\ARD_Aug 2013_Mo-tube_Reanalysed_USE\ARD1B\XRF data\L000064.spe	128.04	7.86	1	0.018310	-0.003173	0.009822	0.093737	12748.66016	1.35	0	17	0	0	28	7	67	11	276	0	67	4	44	3840	80	0	228	287	41	17	56	385	0	4443	921	0	0	0	0	35	0	30	52	0	9	0	3094915769460211	19864	5416	
C:\Data\ITRAX\ARD_Aug 2013_Mo-tube_Reanalysed_USE\ARD1B\XRF data\L000065.spe	130.04	7.84	1	0.018310	-0.003173	0.009822	0.093737	10681.26270	1.28	0	0	8	25	20	6	76	0	58	0	0	9	25	1304	19	0	87	148	0	68	119	233	0	3686	584	0	0	15	30	12	24	21	0	7	15	0	605410464239932	16949	4833	
C:\Data\ITRAX\ARD_Aug 2013_Mo-tube_Reanalysed_USE\ARD1B\XRF data\L000066.spe	132.04	7.84	1	0.018310	-0.003173	0.009822	0.093737	11621.11523	1.23	0	16	0	8	26	9	61	0	269	5	17	4	49	2481	64	14	148	264	0	24	57	263	0	3905	818	0	0	8	0	22	50	76	12	0	0	0	0	18895	4934	
C:\Data\ITRAX\ARD_Aug 2013_Mo-tube_Reanalysed_USE\ARD1B\XRF data\L000067.spe	134.04	7.84	1	0.018310	-0.003173	0.009822	0.093737	12816.55469	1.43	14	0	12	29	31	0	49	11	585	0	80	8	78	4897	55	0	195	293	0	0	101	278	0	4286	785	0	8	0	0	0	0	52	0	0	13	0	0	19352	5182	
C:\Data\ITRAX\ARD_Aug 2013_Mo-tube_Reanalysed_USE\ARD1B\XRF data\L000068.spe	136.04	7.84	1	0.018310	-0.003173	0.009822	0.093737	13160.33887	1.17	0	13	15	8	27	0	79	0	975	0	96	19	138	6382	107	0	315	483	0	0	73	343	18	4960	896	7	0	0	0	17	13	53	14	0	0	5	0	19748	5142	
C:\Data\ITRAX\ARD_Aug 2013_Mo-tube_Reanalysed_USE\ARD1B\XRF data\L000069.spe	138.04	7.85	1	0.018310	-0.003173	0.009822	0.093737	12001.19824	1.58	0	0	0	16	0	0	55	9	293	5	39	0	66	3260	38	0	168	273	0	0	69	321	103	4551	798	0	0	8	0	37	66	68	74	0	0	0	0	19066	4968	
C:\Data\ITRAX\ARD_Aug 2013_Mo-tube_Reanalysed_USE\ARD1B\XRF data\L000070.spe	140.04	7.87	1	0.018310	-0.003173	0.009822	0.093737	12476.77246	1.44	0	0	4	0	0	8	57	0	306	9	18	15	67	2419	23	0	162	252	6	19	81	280	61	4525	1068	0	6	0	12	0	0	33	22	88	16	0	0	20413	5572	
C:\Data\ITRAX\ARD_Aug 2013_Mo-tube_Reanalysed_USE\ARD1B\XRF data\L000071.spe	142.04	7.87	1	0.018310	-0.003173	0.009822	0.093737	12262.98340	1.20	6	15	0	11	18	13	92	10	69	0	11	9	30	955	17	0	121	162	20	0	66	323	90	4722	952	0	0	0	0	0	0	25	0	50	0	4	0	20063	5343	
C:\Data\ITRAX\ARD_Aug 2013_Mo-tube_Reanalysed_USE\ARD1B\XRF data\L000072.spe	144.04	7.86	1	0.018310	-0.003173	0.009822	0.093737	10678.36426	1.18	13	32	20	25	35	19	86	17	153	0	20	8	36	1178	28	0	93	178	0	54	46	176	11	3812	897	0	0	0	0	10	0	52	0	0	0	24	856838289285430	17420	4704	
C:\Data\ITRAX\ARD_Aug 2013_Mo-tube_Reanalysed_USE\ARD1B\XRF data\L000073.spe	146.04	7.86	1	0.018310	-0.003173	0.009822	0.093737	11673.91309	1.19	19	11	21	15	10	4	67	0	234	0	28	0	30	1745	72	17	156	245	0	172	37	232	30	4126	884	0	0	8	0	10	9	18	0	0	0	0	160331445557523	18810	5093	
C:\Data\ITRAX\ARD_Aug 2013_Mo-tube_Reanalysed_USE\ARD1B\XRF data\L000074.spe	148.04	7.88	1	0.018310	-0.003173	0.009822	0.093737	11522.01953	1.51	9	5	7	14	23	13	72	9	166	6	0	22	19	1363	15	13	112	192	10	67	71	298	0	4199	979	7	8	17	0	0	0	38	0	13	0	22	0	18960	5061	
C:\Data\ITRAX\ARD_Aug 2013_Mo-tube_Reanalysed_USE\ARD1B\XRF data\L000075.spe	150.04	7.87	1	0.018310	-0.003173	0.009822	0.093737	11682.81445	1.10	0	0	5	0	10	0	42	0	118	0	6	13	23	1214	26	9	120	167	0	74	97	238	59	4277	942	0	0	0	0	20	19	16	0	38	0	24	0	19288	5170	
C:\Data\ITRAX\ARD_Aug 2013_Mo-tube_Reanalysed_USE\ARD1B\XRF data\L000076.spe	152.04	7.83	1	0.018310	-0.003173	0.009822	0.093737	11117.74121	1.15	0	0	0	0	19	0	55	0	146	0	14	0	34	1204	57	15	80	204	16	16	49	236	23	4093	885	0	0	0	13	0	0	28	12	0	0	0	264907931844852	18228	4914	
C:\Data\ITRAX\ARD_Aug 2013_Mo-tube_Reanalysed_USE\ARD1B\XRF data\L000077.spe	154.04	7.77	1	0.018310	-0.003173	0.009822	0.093737	12471.77441	1.21	0	27	9	0	29	0	66	18	681	0	103	0	159	4554	97	23	222	419	0	74	80	292	15	4630	834	0	0	0	16	8	0	18	0	41	13	13	0	19188	5026	
C:\Data\ITRAX\ARD_Aug 2013_Mo-tube_Reanalysed_USE\ARD1B\XRF data\L000078.spe	156.04	7.76	1	0.018310	-0.003173	0.009822	0.093737	13699.91211	1.28	0	0	16	8	20	18	65	21	1036	0	139	0	189	7045	92	0	310	500	6	0	100	312	27	5006	834	6	0	0	0	11	12	63	39	27	24	0	1144474834779668	20228	5423	
C:\Data\ITRAX\ARD_Aug 2013_Mo-tube_Reanalysed_USE\ARD1B\XRF data\L000079.spe	158.04	7.73	1	0.018310	-0.003173	0.009822	0.093737	13969.19824	1.23	7	6	5	7	25	0	66	34	1379	0	156	20	286	7592	42	10	414	647	25	0	126	372	52	4585	923	0	0	0	0	15	12	68	31	105	53	7	704203196502338	20459	5443	
C:\Data\ITRAX\ARD_Aug 2013_Mo-tube_Reanalysed_USE\ARD1B\XRF data\L000080.spe	160.04	7.73	1	0.018310	-0.003173	0.009822	0.093737	13385.12598	1.23	0	0	0	6	30	0	71	14	630	0	86	5	104	4645	47	0	262	384	0	115	53	275	10	4749	906	0	0	6	0	41	0	10	0	34	19	13	0	20606	5508	
C:\Data\ITRAX\ARD_Aug 2013_Mo-tube_Reanalysed_USE\ARD1B\XRF data\L000081.spe	162.04	7.73	1	0.018310	-0.003173	0.009822	0.093737	13418.92578	1.88	0	0	0	0	16	0	63	8	637	23	78	32	132	3904	78	0	220	361	31	14	28	289	27	4795	892	7	7	0	5	5	0	36	12	14	8	0	0	20857	5562	
C:\Data\ITRAX\ARD_Aug 2013_Mo-tube_Reanalysed_USE\ARD1B\XRF data\L000082.spe	164.04	7.68	1	0.018310	-0.003173	0.009822	0.093737	12013.59473	1.22	0	0	10	0	20	0	80	16	352	8	41	7	85	2824	52	0	173	372	20	0	115	271	83	4423	882	0	7	0	0	6	5	24	0	0	23	10	0	19134	5146	
C:\Data\ITRAX\ARD_Aug 2013_Mo-tube_Reanalysed_USE\ARD1B\XRF data\L000083.spe	166.04	7.68	1	0.018310	-0.003173	0.009822	0.093737	12178.78809	1.26	0	0	5	13	13	0	66	0	234	0	27	0	73	2330	51	0	131	276	16	0	20	284	0	4901	785	0	0	0	0	9	0	14	114	0	0	0	0	19451	5319	
C:\Data\ITRAX\ARD_Aug 2013_Mo-tube_Reanalysed_USE\ARD1B\XRF data\L000084.spe	168.04	7.72	1	0.018310	-0.003173	0.009822	0.093737	10885.55371	1.28	0	0	0	0	19	0	47	0	84	0	0	14	26	806	46	0	70	136	0	129	83	270	69	4166	842	0	6	0	0	0	7	12	0	35	0	0	415240232641559	17665	4856	
C:\Data\ITRAX\ARD_Aug 2013_Mo-tube_Reanalysed_USE\ARD1B\XRF data\L000085.spe	170.04	7.72	1	0.018310	-0.003173	0.009822	0.093737	12532.16895	1.22	0	11	0	0	17	0	73	0	182	0	12	0	72	1773	48	4	151	254	12	46	0	299	16	5064	925	0	0	0	0	38	11	30	6	0	4	0	0	20253	5357	
C:\Data\ITRAX\ARD_Aug 2013_Mo-tube_Reanalysed_USE\ARD1B\XRF data\L000086.spe	172.04	7.72	1	0.018310	-0.003173	0.009822	0.093737	11394.12793	1.26	0	0	15	0	18	8	51	0	70	0	9	11	31	693	65	0	91	196	0	0	85	337	91	4971	906	0	0	0	10	0	55	42	40	58	0	14	0	18184	5014	
C:\Data\ITRAX\ARD_Aug 2013_Mo-tube_Reanalysed_USE\ARD1B\XRF data\L000087.spe	174.04	7.72	1	0.018310	-0.003173	0.009822	0.093737	11171.03809	1.26	15	15	13	13	16	6	89	4	191	0	19	0	47	1251	6	0	95	190	41	0	34	223	96	4163	971	0	0	0	0	4	0	49	78	0	0	6	928235491939802	18330	5070	
C:\Data\ITRAX\ARD_Aug 2013_Mo-tube_Reanalysed_USE\ARD1B\XRF data\L000088.spe	176.04	7.72	1	0.018310	-0.003173	0.009822	0.093737	13340.03125	1.19	0	0	7	9	21	0	65	0	127	0	21	7	31	1375	27	15	153	223	9	0	41	228	44	4451	989	0	0	4	0	26	0	19	19	0	14	0	186388988034013	21907	5636	
C:\Data\ITRAX\ARD_Aug 2013_Mo-tube_Reanalysed_USE\ARD1B\XRF data\L000089.spe	178.04	7.75	1	0.018310	-0.003173	0.009822	0.093737	12449.87500	1.26	0	5	0	0	26	0	81	0	186	0	14	0	92	2453	38	0	94	262	15	79	9	364	115	4779	819	0	0	7	9	0	0	30	0	10	0	0	0	20205	5238	
C:\Data\ITRAX\ARD_Aug 2013_Mo-tube_Reanalysed_USE\ARD1B\XRF data\L000090.spe	180.04	7.74	1	0.018310	-0.003173	0.009822	0.093737	12152.58789	1.44	19	4	0	0	13	0	91	0	233	0	29	0	84	2390	68	9	116	229	8	0	55	253	62	4245	917	0	0	0	10	12	0	0	78	0	0	9	0	19800	5297	
C:\Data\ITRAX\ARD_Aug 2013_Mo-tube_Reanalysed_USE\ARD1B\XRF data\L000091.spe	182.04	7.75	1	0.018310	-0.003173	0.009822	0.093737	12467.97461	1.23	0	0	0	6	18	0	60	9	502	0	17	0	120	4181	28	16	204	302	0	100	118	410	0	4451	871	0	0	7	7	36	17	0	0	0	37	0	0	19675	5226	
C:\Data\ITRAX\ARD_Aug 2013_Mo-tube_Reanalysed_USE\ARD1B\XRF data\L000092.spe	184.04	7.74	1	0.018310	-0.003173	0.009822	0.093737	13661.69629	1.31	0	0	7	9	21	0	69	30	1248	0	125	11	292	10089	71	6	333	387	0	0	98	449	89	4870	938	0	0	8	23	0	0	41	66	0	36	6	0	19355	5338	
C:\Data\ITRAX\ARD_Aug 2013_Mo-tube_Reanalysed_USE\ARD1B\XRF data\L000093.spe	186.04	7.71	1	0.018310	-0.003173	0.009822	0.093737	14481.67383	1.50	0	0	0	15	26	0	47	49	1742	0	179	12	357	14061	192	0	465	501	34	23	91	353	0	4644	968	0	0	6	0	20	0	59	45	0	0	0	0	19443	5359	
C:\Data\ITRAX\ARD_Aug 2013_Mo-tube_Reanalysed_USE\ARD1B\XRF data\L000094.spe	188.04	7.70	1	0.018310	-0.003173	0.009822	0.093737	14525.97070	1.31	4	17	0	0	30	0	65	36	1145	0	84	0	237	7766	156	0	442	489	25	0	88	330	0	4890	922	0	0	0	0	46	0	53	96	0	0	16	65859076462574	21361	5500	
C:\Data\ITRAX\ARD_Aug 2013_Mo-tube_Reanalysed_USE\ARD1B\XRF data\L000095.spe	190.04	7.69	1	0.018310	-0.003173	0.009822	0.093737	15947.70020	1.23	12	0	21	29	38	0	66	54	1741	4	153	15	271	12048	111	0	438	590	0	0	74	433	42	5304	976	6	0	0	67	0	61	20	60	0	43	8	0	22549	5790	
C:\Data\ITRAX\ARD_Aug 2013_Mo-tube_Reanalysed_USE\ARD1B\XRF data\L000096.spe	192.04	7.70	1	0.018310	-0.003173	0.009822	0.093737	13670.01270	1.23	21	0	0	0	27	13	80	27	1204	8	103	27	208	7600	53	0	323	504	0	64	97	252	115	4458	789	0	0	10	10	0	19	0	0	0	50	5	265851507080149	20200	5238	
C:\Data\ITRAX\ARD_Aug 2013_Mo-tube_Reanalysed_USE\ARD1B\XRF data\L000097.spe	194.04	7.67	1	0.018310	-0.003173	0.009822	0.093737	14721.85938	1.22	0	0	0	8	41	0	63	31	1339	0	198	0	288	9587	149	0	493	623	0	15	85	348	0	4506	959	7	0	0	0	41	14	30	0	0	41	0	0	21242	5505	
C:\Data\ITRAX\ARD_Aug 2013_Mo-tube_Reanalysed_USE\ARD1B\XRF data\L000098.spe	196.04	7.65	1	0.018310	-0.003173	0.009822	0.093737	11980.39941	1.21	10	0	0	24	14	0	71	0	200	0	24	5	46	1704	11	0	124	227	0	95	73	346	36	4171	837	0	0	0	4	0	36	40	0	0	12	8	697198407723357	19241	5038	
C:\Data\ITRAX\ARD_Aug 2013_Mo-tube_Reanalysed_USE\ARD1B\XRF data\L000099.spe	198.04	7.69	1	0.018310	-0.003173	0.009822	0.093737	10156.49023	1.06	20	24	15	0	9	5	64	0	22	0	0	7	9	353	26	0	48	141	0	41	13	187	37	3611	895	0	0	0	0	0	20	11	0	0	0	0	879821756319072	16900	4458	
C:\Data\ITRAX\ARD_Aug 2013_Mo-tube_Reanalysed_USE\ARD1B\XRF data\L000100.spe	200.04	7.71	1	0.018310	-0.003173	0.009822	0.093737	10746.86035	1.30	0	0	0	0	19	5	67	6	19	0	0	0	0	317	14	7	66	177	7	0	50	315	66	4004	814	0	0	0	0	23	29	22	40	0	0	20	0	17672	4684	
C:\Data\ITRAX\ARD_Aug 2013_Mo-tube_Reanalysed_USE\ARD1B\XRF data\L000101.spe	202.04	7.72	1	0.018310	-0.003173	0.009822	0.093737	10046.19629	1.13	0	0	8	24	23	0	67	0	37	0	0	0	21	449	33	8	80	158	0	5	0	190	0	3994	744	0	6	0	0	0	36	71	0	11	0	0	0	16445	4610	
C:\Data\ITRAX\ARD_Aug 2013_Mo-tube_Reanalysed_USE\ARD1B\XRF data\L000102.spe	204.04	7.74	1	0.018310	-0.003173	0.009822	0.093737	9958.70020	1.15	8	10	21	22	21	15	49	0	40	11	5	4	21	554	22	0	55	142	0	5	66	192	33	3915	760	0	0	0	25	0	0	10	40	0	7	0	0	16032	4531	
C:\Data\ITRAX\ARD_Aug 2013_Mo-tube_Reanalysed_USE\ARD1B\XRF data\L000103.spe	206.04	7.77	1	0.018310	-0.003173	0.009822	0.093737	11303.53320	1.25	7	10	12	21	14	6	79	17	488	6	64	0	97	4281	79	0	171	299	49	0	98	222	65	3644	821	0	0	0	22	0	0	16	48	0	13	0	280925152256092	16982	4727	
C:\Data\ITRAX\ARD_Aug 2013_Mo-tube_Reanalysed_USE\ARD1B\XRF data\L000104.spe	208.04	7.78	1	0.018310	-0.003173	0.009822	0.093737	12633.16406	1.21	16	0	11	36	28	0	65	5	1091	0	168	16	225	7950	127	0	296	371	0	0	37	193	0	3729	842	9	0	0	0	30	14	14	24	0	12	13	397268353769576	17918	4889	
C:\Data\ITRAX\ARD_Aug 2013_Mo-tube_Reanalysed_USE\ARD1B\XRF data\L000105.spe	210.04	7.78	1	0.018310	-0.003173	0.009822	0.093737	13405.12793	1.28	0	0	11	0	35	0	59	35	1233	5	202	18	260	10738	36	0	393	415	12	0	32	263	38	3725	788	0	0	5	0	0	5	18	78	0	97	0	247426870261973	19108	5074	
C:\Data\ITRAX\ARD_Aug 2013_Mo-tube_Reanalysed_USE\ARD1B\XRF data\L000106.spe	212.04	7.78	1	0.018310	-0.003173	0.009822	0.093737	14400.07813	1.32	0	12	15	13	44	5	55	64	1755	17	303	7	277	14977	164	0	401	522	0	58	95	299	47	4226	801	0	0	5	29	0	12	62	0	90	0	11	94793640099020	19079	5303	
C:\Data\ITRAX\ARD_Aug 2013_Mo-tube_Reanalysed_USE\ARD1B\XRF data\L000107.spe	214.04	7.78	1	0.018310	-0.003173	0.009822	0.093737	15324.23047	1.31	0	5	5	7	56	8	51	40	1881	27	298	30	282	16029	198	12	485	523	4	5	114	290	137	4916	830	0	0	0	0	39	0	52	71	42	31	11	1028139078146966	20596	5351	
C:\Data\ITRAX\ARD_Aug 2013_Mo-tube_Reanalysed_USE\ARD1B\XRF data\L000108.spe	216.04	7.80	1	0.018310	-0.003173	0.009822	0.093737	14780.95898	1.19	0	5	19	0	25	0	74	22	1373	0	159	0	212	9377	148	0	412	489	24	10	141	355	67	4864	994	6	0	0	0	9	0	33	19	39	14	7	194532979947568	21673	5964	
C:\Data\ITRAX\ARD_Aug 2013_Mo-tube_Reanalysed_USE\ARD1B\XRF data\L000109.spe	218.04	7.81	1	0.018310	-0.003173	0.009822	0.093737	13711.21191	1.34	0	0	0	0	0	0	69	0	563	0	92	24	110	5484	43	0	233	320	0	177	103	320	91	4536	944	0	0	0	0	27	46	24	0	131	16	13	0	21133	5669	
C:\Data\ITRAX\ARD_Aug 2013_Mo-tube_Reanalysed_USE\ARD1B\XRF data\L000110.spe	220.04	7.75	1	0.018310	-0.003173	0.009822	0.093737	12715.95996	1.24	0	4	18	24	34	8	61	0	348	5	39	16	65	2704	60	0	164	224	31	0	110	330	0	4560	862	6	0	9	0	26	0	0	30	0	0	0	320304705862504	20042	5240	
C:\Data\ITRAX\ARD_Aug 2013_Mo-tube_Reanalysed_USE\ARD1B\XRF data\L000111.spe	222.04	7.67	1	0.018310	-0.003173	0.009822	0.093737	12507.77148	1.24	35	18	16	22	26	0	83	10	693	0	42	0	116	3746	48	0	198	325	0	80	137	279	13	5064	921	0	0	0	16	0	19	0	0	8	0	0	529791710877056	19489	5168	
C:\Data\ITRAX\ARD_Aug 2013_Mo-tube_Reanalysed_USE\ARD1B\XRF data\L000112.spe	224.04	7.69	1	0.018310	-0.003173	0.009822	0.093737	13857.00293	1.36	0	0	0	15	35	6	80	14	777	7	55	0	156	4235	37	0	303	417	0	9	130	445	0	5699	894	0	0	0	17	17	44	31	5	17	0	0	0	21286	5565	
C:\Data\ITRAX\ARD_Aug 2013_Mo-tube_Reanalysed_USE\ARD1B\XRF data\L000113.spe	226.04	7.70	1	0.018310	-0.003173	0.009822	0.093737	14767.25879	1.39	0	0	0	15	32	10	68	24	969	0	95	11	174	5898	104	0	344	466	73	108	106	429	54	5112	820	6	12	0	0	23	0	0	14	96	0	5	504246777264480	22600	5967	
C:\Data\ITRAX\ARD_Aug 2013_Mo-tube_Reanalysed_USE\ARD1B\XRF data\L000114.spe	228.04	7.68	1	0.018310	-0.003173	0.009822	0.093737	13237.03418	1.22	0	0	0	0	8	0	54	14	470	10	41	0	87	2756	80	0	201	329	0	0	94	455	0	4863	867	0	0	0	0	0	29	12	57	0	0	0	387862119653989	21042	5411	
C:\Data\ITRAX\ARD_Aug 2013_Mo-tube_Reanalysed_USE\ARD1B\XRF data\L000115.spe	230.04	7.64	1	0.018310	-0.003173	0.009822	0.093737	13962.99805	1.31	0	10	0	10	33	0	52	6	921	0	74	16	157	5653	74	0	307	395	13	41	105	464	0	5229	812	7	0	0	0	10	0	70	55	79	0	12	0	21474	5675	
C:\Data\ITRAX\ARD_Aug 2013_Mo-tube_Reanalysed_USE\ARD1B\XRF data\L000116.spe	232.04	7.66	1	0.018310	-0.003173	0.009822	0.093737	13596.71777	1.26	7	22	5	33	19	11	65	31	915	7	148	0	189	7326	72	0	375	439	35	20	32	406	18	4636	779	7	0	0	0	19	0	88	37	78	7	13	0	20468	5190	
C:\Data\ITRAX\ARD_Aug 2013_Mo-tube_Reanalysed_USE\ARD1B\XRF data\L000117.spe	234.04	7.66	1	0.018310	-0.003173	0.009822	0.093737	13770.00684	1.33	0	0	14	8	16	6	73	20	1282	0	181	0	173	9352	32	0	381	457	4	19	65	417	98	4145	903	0	0	0	0	21	34	72	83	57	65	0	73730517667426	19605	5181	
C:\Data\ITRAX\ARD_Aug 2013_Mo-tube_Reanalysed_USE\ARD1B\XRF data\L000118.spe	236.04	7.66	1	0.018310	-0.003173	0.009822	0.093737	15280.13379	1.30	0	0	10	0	34	0	43	52	1528	0	409	13	285	14469	238	0	508	439	0	22	94	392	19	4109	833	0	0	0	0	9	16	75	30	23	7	0	27665917609850	20672	5413	
C:\Data\ITRAX\ARD_Aug 2013_Mo-tube_Reanalysed_USE\ARD1B\XRF data\L000119.spe	238.04	7.66	1	0.018310	-0.003173	0.009822	0.093737	15741.00977	1.28	0	0	0	0	63	0	50	45	1508	14	252	20	246	12007	185	6	495	493	0	115	213	449	75	4645	831	0	0	0	0	0	0	61	25	67	0	0	0	21719	5539	
C:\Data\ITRAX\ARD_Aug 2013_Mo-tube_Reanalysed_USE\ARD1B\XRF data\L000120.spe	240.04	7.67	1	0.018310	-0.003173	0.009822	0.093737	15319.42969	1.28	17	33	11	0	61	0	65	42	1550	0	152	0	246	8184	88	0	536	673	27	9	144	389	49	4473	951	4	0	0	0	25	0	61	25	14	18	21	644364601132974	22156	5427	
C:\Data\ITRAX\ARD_Aug 2013_Mo-tube_Reanalysed_USE\ARD1B\XRF data\L000121.spe	242.04	7.69	1	0.018310	-0.003173	0.009822	0.093737	15422.62402	1.26	0	0	25	20	38	6	78	40	1710	0	146	10	299	9862	53	0	468	610	46	64	154	457	14	4972	899	8	0	0	0	0	6	40	0	0	32	0	0	21696	5742	
C:\Data\ITRAX\ARD_Aug 2013_Mo-tube_Reanalysed_USE\ARD1B\XRF data\L000122.spe	244.04	7.68	1	0.018310	-0.003173	0.009822	0.093737	15442.52344	1.46	0	0	12	13	51	0	73	49	1821	8	135	0	285	8554	84	0	518	635	56	10	89	533	42	5617	1086	12	0	8	0	0	0	59	70	40	46	9	353928530401710	22286	5632	
C:\Data\ITRAX\ARD_Aug 2013_Mo-tube_Reanalysed_USE\ARD1B\XRF data\L000123.spe	246.04	7.66	1	0.018310	-0.003173	0.009822	0.093737	16379.87793	1.28	23	13	28	18	63	5	78	40	2409	0	126	18	327	11174	123	0	624	721	16	62	141	513	41	6075	843	9	8	11	0	12	0	56	0	0	53	12	185275592910581	22857	6099	
C:\Data\ITRAX\ARD_Aug 2013_Mo-tube_Reanalysed_USE\ARD1B\XRF data\L000124.spe	248.04	7.67	1	0.018310	-0.003173	0.009822	0.093737	16553.26758	1.50	0	0	0	11	49	10	56	51	2701	0	203	27	373	12517	40	0	686	766	0	0	111	553	0	5754	1072	9	0	0	0	42	6	74	97	0	54	5	930032512298682	22828	5932	
C:\Data\ITRAX\ARD_Aug 2013_Mo-tube_Reanalysed_USE\ARD1B\XRF data\L000125.spe	250.04	7.64	1	0.018310	-0.003173	0.009822	0.093737	15076.04102	1.36	16	0	0	9	46	0	69	37	2210	7	151	15	318	11374	162	12	520	661	0	0	79	472	12	5429	801	9	0	0	0	0	0	77	113	0	11	0	1218727234080805	20674	5396	
C:\Data\ITRAX\ARD_Aug 2013_Mo-tube_Reanalysed_USE\ARD1B\XRF data\L000126.spe	252.04	7.64	1	0.018310	-0.003173	0.009822	0.093737	14531.76855	1.26	24	35	13	18	42	8	73	42	1504	11	124	16	278	9137	94	0	455	579	43	0	112	424	16	5104	976	4	0	0	0	33	0	69	84	0	57	17	0	20975	5302	
C:\Data\ITRAX\ARD_Aug 2013_Mo-tube_Reanalysed_USE\ARD1B\XRF data\L000127.spe	254.04	7.64	1	0.018310	-0.003173	0.009822	0.093737	15376.32715	1.54	0	0	18	28	40	0	79	43	1882	5	127	19	261	8569	95	0	499	654	0	95	82	442	37	5523	865	9	0	0	0	19	30	84	0	0	17	0	0	22412	5687	
C:\Data\ITRAX\ARD_Aug 2013_Mo-tube_Reanalysed_USE\ARD1B\XRF data\L000128.spe	256.04	7.65	1	0.018310	-0.003173	0.009822	0.093737	14233.48633	1.25	0	6	33	26	44	0	76	18	1559	0	120	12	258	7917	71	0	488	524	0	46	38	369	44	5113	783	0	0	18	0	46	0	110	0	47	60	0	499474897850230	20448	5341	
C:\Data\ITRAX\ARD_Aug 2013_Mo-tube_Reanalysed_USE\ARD1B\XRF data\L000129.spe	258.04	7.66	1	0.018310	-0.003173	0.009822	0.093737	15280.53125	1.28	11	29	17	20	39	5	30	18	2071	0	121	0	253	9980	109	0	563	622	25	103	118	383	0	5191	846	0	0	0	0	19	18	53	0	6	31	21	350043134900696	21676	5673	
C:\Data\ITRAX\ARD_Aug 2013_Mo-tube_Reanalysed_USE\ARD1B\XRF data\L000130.spe	260.04	7.63	1	0.018310	-0.003173	0.009822	0.093737	15875.50391	1.82	0	0	20	10	59	0	47	38	1602	18	145	37	325	11806	22	9	541	720	27	81	125	422	0	4765	956	14	0	11	0	58	0	122	94	11	93	0	0	22529	5656	
C:\Data\ITRAX\ARD_Aug 2013_Mo-tube_Reanalysed_USE\ARD1B\XRF data\L000131.spe	262.04	7.64	1	0.018310	-0.003173	0.009822	0.093737	16100.88965	1.41	0	0	0	9	32	5	74	39	1763	9	144	21	309	9750	97	0	635	688	0	72	152	360	6	4703	975	0	0	0	0	36	17	76	5	123	27	13	0	23709	5825	
C:\Data\ITRAX\ARD_Aug 2013_Mo-tube_Reanalysed_USE\ARD1B\XRF data\L000132.spe	264.04	7.66	1	0.018310	-0.003173	0.009822	0.093737	16177.08887	1.45	0	0	8	45	50	0	67	50	1957	0	154	4	324	14261	91	0	552	624	0	38	88	505	93	5110	824	5	0	0	0	0	0	76	82	0	108	0	236664757625247	22467	5701	
C:\Data\ITRAX\ARD_Aug 2013_Mo-tube_Reanalysed_USE\ARD1B\XRF data\L000133.spe	266.04	7.62	1	0.018310	-0.003173	0.009822	0.093737	16798.75781	1.35	21	22	13	31	51	15	63	45	2486	0	138	27	363	16904	149	0	607	641	45	21	149	524	0	5118	841	0	0	17	0	29	0	103	50	0	60	0	0	22060	5682	
C:\Data\ITRAX\ARD_Aug 2013_Mo-tube_Reanalysed_USE\ARD1B\XRF data\L000134.spe	268.04	7.63	1	0.018310	-0.003173	0.009822	0.093737	16939.04883	1.34	0	15	13	11	32	0	59	45	2233	9	139	21	368	15819	118	0	667	651	13	155	164	543	38	5593	849	0	0	0	0	11	0	0	0	0	55	9	0	22863	5932	
C:\Data\ITRAX\ARD_Aug 2013_Mo-tube_Reanalysed_USE\ARD1B\XRF data\L000135.spe	270.04	7.62	1	0.018310	-0.003173	0.009822	0.093737	17322.22852	1.46	0	0	0	21	31	0	57	45	2371	0	176	0	368	14870	118	0	679	700	0	0	60	490	9	5420	899	0	0	12	0	29	0	67	108	0	59	0	0	23859	5790	
C:\Data\ITRAX\ARD_Aug 2013_Mo-tube_Reanalysed_USE\ARD1B\XRF data\L000136.spe	272.04	7.62	1	0.018310	-0.003173	0.009822	0.093737	17092.34375	1.37	0	0	4	32	31	0	46	69	2417	0	173	14	370	14631	167	0	675	730	0	0	115	552	66	5523	961	9	0	0	33	27	41	21	52	0	55	8	0	23350	6101	
C:\Data\ITRAX\ARD_Aug 2013_Mo-tube_Reanalysed_USE\ARD1B\XRF data\L000137.spe	274.04	7.62	1	0.018310	-0.003173	0.009822	0.093737	17456.52344	1.31	0	18	21	18	49	6	67	47	2131	0	175	0	346	16638	110	0	719	771	0	0	178	658	80	5758	970	0	0	0	0	0	9	82	193	0	82	25	0	23728	5867	
C:\Data\ITRAX\ARD_Aug 2013_Mo-tube_Reanalysed_USE\ARD1B\XRF data\L000138.spe	276.04	7.59	1	0.018310	-0.003173	0.009822	0.093737	17645.28125	1.34	0	0	0	15	58	0	57	56	2962	0	230	27	477	19905	154	0	696	865	0	90	184	543	23	5883	864	18	0	0	0	15	0	84	49	95	74	11	192978228127627	22481	5795	
C:\Data\ITRAX\ARD_Aug 2013_Mo-tube_Reanalysed_USE\ARD1B\XRF data\L000139.spe	278.04	7.58	1	0.018310	-0.003173	0.009822	0.093737	16477.17383	1.32	9	31	11	12	40	16	67	72	2735	0	215	21	412	16247	126	0	671	768	15	97	152	630	0	5502	836	7	0	0	0	28	0	62	0	18	60	4	527524754072166	21453	5468	
C:\Data\ITRAX\ARD_Aug 2013_Mo-tube_Reanalysed_USE\ARD1B\XRF data\L000140.spe	280.04	7.58	1	0.018310	-0.003173	0.009822	0.093737	15680.01172	1.41	0	0	23	29	36	0	64	65	2517	0	268	12	396	17126	183	0	652	812	11	34	163	590	18	5012	833	0	0	0	0	0	0	75	84	0	0	0	24018638704025	19752	5141	
C:\Data\ITRAX\ARD_Aug 2013_Mo-tube_Reanalysed_USE\ARD1B\XRF data\L000141.spe	282.04	7.54	1	0.018310	-0.003173	0.009822	0.093737	15522.92090	1.27	0	23	17	8	40	0	43	64	2685	5	256	11	465	17049	124	0	699	797	8	0	144	559	0	5285	788	19	0	0	0	12	0	48	66	0	101	11	346981040450154	19531	5428	
C:\Data\ITRAX\ARD_Aug 2013_Mo-tube_Reanalysed_USE\ARD1B\XRF data\L000142.spe	284.04	7.52	1	0.018310	-0.003173	0.009822	0.093737	15879.90332	1.30	7	13	40	9	37	0	54	77	2548	0	299	13	423	17138	217	0	663	903	0	0	106	437	112	5354	879	0	0	0	0	27	28	34	155	0	68	5	0	20942	5429	
C:\Data\ITRAX\ARD_Aug 2013_Mo-tube_Reanalysed_USE\ARD1B\XRF data\L000143.spe	286.04	7.52	1	0.018310	-0.003173	0.009822	0.093737	16729.56055	1.42	10	0	18	17	80	0	41	55	2377	0	298	7	385	16977	265	0	629	802	24	40	217	390	157	5509	893	0	0	0	0	0	0	0	18	60	0	19	404326197909872	21657	5800	
C:\Data\ITRAX\ARD_Aug 2013_Mo-tube_Reanalysed_USE\ARD1B\XRF data\L000144.spe	288.04	7.53	1	0.018310	-0.003173	0.009822	0.093737	15600.81543	1.27	0	0	9	16	49	0	73	83	2250	0	263	16	425	17789	165	0	538	673	0	144	85	473	15	4834	829	0	0	0	45	9	18	55	0	0	114	11	436260515213301	20219	5375	
C:\Data\ITRAX\ARD_Aug 2013_Mo-tube_Reanalysed_USE\ARD1B\XRF data\L000145.spe	290.04	7.53	1	0.018310	-0.003173	0.009822	0.093737	15731.91016	1.39	0	15	23	24	42	0	48	35	2224	0	169	7	374	13742	152	0	529	689	0	174	87	535	0	4827	705	7	0	10	0	0	12	88	0	0	47	0	0	21368	5696	
C:\Data\ITRAX\ARD_Aug 2013_Mo-tube_Reanalysed_USE\ARD1B\XRF data\L000146.spe	292.04	7.54	1	0.018310	-0.003173	0.009822	0.093737	16178.98730	1.47	0	0	17	15	41	0	59	50	2219	21	208	18	370	13287	113	0	599	765	43	36	65	504	0	4874	820	0	5	0	0	4	0	35	17	0	81	0	0	22094	5657	
C:\Data\ITRAX\ARD_Aug 2013_Mo-tube_Reanalysed_USE\ARD1B\XRF data\L000147.spe	294.04	7.54	1	0.018310	-0.003173	0.009822	0.093737	16885.15234	1.37	6	0	13	23	47	0	41	35	2472	0	264	16	417	16026	116	0	693	831	23	100	213	489	57	5135	966	0	0	0	0	0	12	60	0	38	80	0	0	22576	5664	
C:\Data\ITRAX\ARD_Aug 2013_Mo-tube_Reanalysed_USE\ARD1B\XRF data\L000148.spe	296.04	7.54	1	0.018310	-0.003173	0.009822	0.093737	16490.67383	1.33	0	0	17	6	39	6	63	61	2361	14	219	13	444	13887	101	0	718	885	0	171	92	358	80	4847	852	10	0	0	0	15	0	0	0	0	102	0	518192003066815	22645	5341	
C:\Data\ITRAX\ARD_Aug 2013_Mo-tube_Reanalysed_USE\ARD1B\XRF data\L000149.spe	298.04	7.54	1	0.018310	-0.003173	0.009822	0.093737	17096.44141	1.44	8	9	0	36	48	0	36	36	2452	0	224	0	422	17384	112	0	701	823	82	0	135	532	143	5261	781	0	0	0	0	5	0	58	100	31	107	20	0	22763	5867	
C:\Data\ITRAX\ARD_Aug 2013_Mo-tube_Reanalysed_USE\ARD1B\XRF data\L000150.spe	300.04	7.54	1	0.018310	-0.003173	0.009822	0.093737	17769.60742	1.47	0	18	18	17	44	9	43	47	2664	0	217	13	488	17453	127	11	657	808	27	0	256	593	106	6012	966	6	0	12	0	0	0	40	116	71	102	0	0	23619	6300	
C:\Data\ITRAX\ARD_Aug 2013_Mo-tube_Reanalysed_USE\ARD1B\XRF data\L000151.spe	302.04	7.57	1	0.018310	-0.003173	0.009822	0.093737	17956.69922	1.45	0	0	5	28	43	6	27	63	2711	0	197	9	483	16630	197	0	606	928	0	0	210	548	122	6141	746	8	0	6	0	14	69	33	52	0	28	19	0	24043	6116	
C:\Data\ITRAX\ARD_Aug 2013_Mo-tube_Reanalysed_USE\ARD1B\XRF data\L000152.spe	304.04	7.53	1	0.018310	-0.003173	0.009822	0.093737	17692.00977	1.24	0	0	15	11	50	11	8	45	2389	19	236	28	455	15146	199	0	593	827	0	0	65	648	8	5957	1039	13	0	0	0	0	81	81	77	0	51	8	0	24515	6162	
C:\Data\ITRAX\ARD_Aug 2013_Mo-tube_Reanalysed_USE\ARD1B\XRF data\L000153.spe	306.04	7.50	1	0.018310	-0.003173	0.009822	0.093737	17862.80469	1.40	0	0	16	39	55	0	24	73	2421	5	306	26	417	17601	156	0	645	865	0	123	126	576	90	5943	955	0	0	0	0	18	50	41	0	132	44	0	0	23277	5873	
C:\Data\ITRAX\ARD_Aug 2013_Mo-tube_Reanalysed_USE\ARD1B\XRF data\L000154.spe	308.04	7.52	1	0.018310	-0.003173	0.009822	0.093737	18600.36719	1.46	0	0	13	35	32	0	0	51	2835	0	346	0	489	19777	180	0	838	985	38	0	193	571	141	5996	941	0	0	0	0	0	0	10	215	0	109	0	0	24177	6244	
C:\Data\ITRAX\ARD_Aug 2013_Mo-tube_Reanalysed_USE\ARD1B\XRF data\L000155.spe	310.04	7.52	1	0.018310	-0.003173	0.009822	0.093737	17859.30078	1.32	0	0	0	14	63	17	31	65	2608	0	262	25	486	17652	163	0	704	800	8	74	158	584	102	5675	1039	12	0	0	22	0	0	27	0	58	9	7	1223182072230748	23507	6186	
C:\Data\ITRAX\ARD_Aug 2013_Mo-tube_Reanalysed_USE\ARD1B\XRF data\L000156.spe	312.04	7.51	1	0.018310	-0.003173	0.009822	0.093737	16950.04688	1.34	26	38	17	28	63	0	34	60	2630	0	309	8	453	18674	151	0	715	978	0	123	146	548	108	5577	932	0	0	0	59	20	67	30	0	0	107	0	0	21544	5595	
C:\Data\ITRAX\ARD_Aug 2013_Mo-tube_Reanalysed_USE\ARD1B\XRF data\L000157.spe	314.04	7.56	1	0.018310	-0.003173	0.009822	0.093737	15358.62793	1.27	0	0	6	0	52	5	49	72	1921	0	224	33	341	14821	194	0	560	675	0	98	100	491	0	5018	914	7	0	0	0	11	20	31	0	80	28	0	325883964401577	20086	5272	
C:\Data\ITRAX\ARD_Aug 2013_Mo-tube_Reanalysed_USE\ARD1B\XRF data\L000158.spe	316.04	7.59	1	0.018310	-0.003173	0.009822	0.093737	15653.91406	1.27	26	35	23	29	52	0	43	55	2521	0	224	0	408	16646	186	0	691	685	55	130	139	483	19	4878	734	0	0	0	0	13	0	76	0	26	27	0	1014448036237888	20346	5245	
C:\Data\ITRAX\ARD_Aug 2013_Mo-tube_Reanalysed_USE\ARD1B\XRF data\L000159.spe	318.04	7.60	1	0.018310	-0.003173	0.009822	0.093737	15048.64453	1.38	7	7	0	9	35	0	37	70	2538	0	312	7	390	14518	95	0	620	680	122	77	73	371	53	4832	721	0	0	0	0	28	0	29	0	0	89	13	379589468811353	19651	4971	
C:\Data\ITRAX\ARD_Aug 2013_Mo-tube_Reanalysed_USE\ARD1B\XRF data\L000160.spe	320.04	7.62	1	0.018310	-0.003173	0.009822	0.093737	14619.66406	1.41	11	20	22	33	45	6	44	69	2535	6	239	20	449	16178	31	0	503	608	49	0	121	443	44	4464	691	6	0	0	0	21	15	26	72	10	147	13	528887695381180	19064	4704	
C:\Data\ITRAX\ARD_Aug 2013_Mo-tube_Reanalysed_USE\ARD1B\XRF data\L000161.spe	322.04	7.70	1	0.018310	-0.003173	0.009822	0.093737	13668.91211	1.28	9	6	17	0	44	0	44	42	2078	0	211	0	348	12440	192	0	516	602	49	0	54	284	58	4357	700	0	0	0	0	20	0	90	50	0	0	0	540860009993945	18377	4977	
C:\Data\ITRAX\ARD_Aug 2013_Mo-tube_Reanalysed_USE\ARD1B\XRF data\L000162.spe	324.04	7.72	1	0.018310	-0.003173	0.009822	0.093737	14138.29004	1.30	18	15	15	0	40	0	57	34	2057	0	302	0	323	16257	122	0	343	441	45	0	66	394	0	4665	843	0	0	0	19	21	0	20	90	60	60	18	0	18085	5125	
C:\Data\ITRAX\ARD_Aug 2013_Mo-tube_Reanalysed_USE\ARD1B\XRF data\L000163.spe	326.04	7.74	1	0.018310	-0.003173	0.009822	0.093737	13194.83789	1.27	0	0	0	8	44	0	62	25	1562	16	172	0	265	10245	77	0	457	453	0	0	5	390	0	4416	717	0	0	0	0	23	14	59	145	0	54	0	771559640260275	18665	4750	
C:\Data\ITRAX\ARD_Aug 2013_Mo-tube_Reanalysed_USE\ARD1B\XRF data\L000164.spe	328.04	7.75	1	0.018310	-0.003173	0.009822	0.093737	11367.73047	1.15	23	10	22	6	31	0	65	22	1209	0	164	0	190	8265	79	0	299	446	10	20	83	283	0	3684	665	0	0	0	0	0	0	23	17	62	13	11	0	15840	4244	
C:\Data\ITRAX\ARD_Aug 2013_Mo-tube_Reanalysed_USE\ARD1B\XRF data\L000165.spe	330.04	7.75	1	0.018310	-0.003173	0.009822	0.093737	14810.15625	1.35	23	0	18	32	52	7	54	68	2262	9	257	13	279	17244	154	0	471	553	0	56	124	410	21	4989	805	7	0	4	0	10	19	81	48	119	42	0	534405127143970	18718	5296	
C:\Data\ITRAX\ARD_Aug 2013_Mo-tube_Reanalysed_USE\ARD1B\XRF data\L000166.spe	332.04	7.75	1	0.018310	-0.003173	0.009822	0.093737	16788.25781	1.29	11	7	20	22	72	5	33	90	3018	0	397	13	449	24433	170	0	584	628	33	124	87	305	63	5331	800	0	0	0	0	0	21	45	0	69	107	16	894897929633571	20156	5565	
C:\Data\ITRAX\ARD_Aug 2013_Mo-tube_Reanalysed_USE\ARD1B\XRF data\L000167.spe	334.04	7.75	1	0.018310	-0.003173	0.009822	0.093737	15666.21484	1.35	17	17	14	13	47	12	49	58	2764	23	277	21	375	17656	85	0	476	738	0	16	141	310	77	5474	814	5	0	0	9	0	9	41	8	0	123	0	0	19804	5396	
C:\Data\ITRAX\ARD_Aug 2013_Mo-tube_Reanalysed_USE\ARD1B\XRF data\L000168.spe	336.04	7.77	1	0.018310	-0.003173	0.009822	0.093737	14682.56445	1.15	0	26	5	26	38	0	54	58	2494	0	274	0	375	13637	113	0	455	732	0	0	109	296	0	4905	751	0	0	0	0	7	36	41	13	68	83	0	175032957660730	19615	5288	
C:\Data\ITRAX\ARD_Aug 2013_Mo-tube_Reanalysed_USE\ARD1B\XRF data\L000169.spe	338.04	7.78	1	0.018310	-0.003173	0.009822	0.093737	15639.31641	1.41	0	0	13	9	47	8	41	82	2707	0	361	21	364	16810	181	0	561	657	67	10	79	283	28	5213	677	0	0	0	0	6	0	120	44	0	4	19	110346025130033	20008	5461	
C:\Data\ITRAX\ARD_Aug 2013_Mo-tube_Reanalysed_USE\ARD1B\XRF data\L000170.spe	340.04	7.73	1	0.018310	-0.003173	0.009822	0.093737	16423.57422	1.41	16	20	13	15	40	17	31	98	3165	0	417	13	415	19346	185	0	646	915	16	212	143	431	19	5463	733	0	0	10	0	47	24	54	0	61	54	0	1259820870634163	20197	5581	
C:\Data\ITRAX\ARD_Aug 2013_Mo-tube_Reanalysed_USE\ARD1B\XRF data\L000171.spe	342.04	7.70	1	0.018310	-0.003173	0.009822	0.093737	16491.07227	1.28	0	0	29	33	30	0	38	106	3391	7	472	8	424	21132	268	0	569	799	71	21	115	373	36	5111	970	0	0	19	5	31	0	47	92	30	80	0	0	20137	5707	
C:\Data\ITRAX\ARD_Aug 2013_Mo-tube_Reanalysed_USE\ARD1B\XRF data\L000172.spe	344.04	7.70	1	0.018310	-0.003173	0.009822	0.093737	16058.79395	1.24	20	15	19	16	12	0	33	53	2799	31	442	31	414	18822	233	0	546	887	39	81	40	347	0	4908	772	0	0	0	0	11	12	27	30	0	56	23	0	20542	5656	
C:\Data\ITRAX\ARD_Aug 2013_Mo-tube_Reanalysed_USE\ARD1B\XRF data\L000173.spe	346.04	7.72	1	0.018310	-0.003173	0.009822	0.093737	15519.01953	1.22	11	0	27	0	45	7	50	82	2538	5	530	24	371	18005	157	0	420	827	29	0	59	246	87	4848	842	11	0	0	9	16	0	59	134	0	53	9	333473872423085	19172	5510	
C:\Data\ITRAX\ARD_Aug 2013_Mo-tube_Reanalysed_USE\ARD1B\XRF data\L000174.spe	348.04	7.72	1	0.018310	-0.003173	0.009822	0.093737	15616.71387	1.41	24	0	0	17	30	0	29	57	2930	0	392	32	417	17302	204	0	560	852	0	10	83	268	21	4616	763	0	0	0	14	20	17	69	33	0	41	0	642755471059772	19581	5372	
C:\Data\ITRAX\ARD_Aug 2013_Mo-tube_Reanalysed_USE\ARD1B\XRF data\L000175.spe	350.04	7.73	1	0.018310	-0.003173	0.009822	0.093737	16793.85547	1.29	16	0	54	22	42	7	31	100	3171	0	544	15	474	19331	117	0	563	968	0	67	86	283	190	5022	872	0	0	0	0	31	32	17	0	49	116	0	340847258977585	20788	5666	
C:\Data\ITRAX\ARD_Aug 2013_Mo-tube_Reanalysed_USE\ARD1B\XRF data\L000176.spe	352.04	7.73	1	0.018310	-0.003173	0.009822	0.093737	17091.83984	1.34	0	14	51	0	48	0	35	106	2840	0	544	11	504	21533	105	0	575	774	10	96	166	252	42	4754	876	0	0	0	0	14	0	59	0	0	98	6	549537645520470	21331	5708	
C:\Data\ITRAX\ARD_Aug 2013_Mo-tube_Reanalysed_USE\ARD1B\XRF data\L000177.spe	354.04	7.73	1	0.018310	-0.003173	0.009822	0.093737	15570.01855	1.49	9	19	39	24	47	13	63	54	1965	20	378	21	382	14839	102	0	415	568	0	53	142	271	0	3701	911	15	0	5	17	0	46	40	0	18	126	11	0	21188	5814	
C:\Data\ITRAX\ARD_Aug 2013_Mo-tube_Reanalysed_USE\ARD1B\XRF data\L000178.spe	356.04	7.74	1	0.018310	-0.003173	0.009822	0.093737	16301.58008	1.53	0	0	5	0	48	0	51	41	1364	11	354	17	274	14936	161	0	375	449	0	0	185	322	71	3320	841	0	0	10	5	48	34	75	95	0	14	4	372839589489560	22603	5966	
C:\Data\ITRAX\ARD_Aug 2013_Mo-tube_Reanalysed_USE\ARD1B\XRF data\L000179.spe	358.04	7.76	1	0.018310	-0.003173	0.009822	0.093737	15718.61035	1.40	0	0	14	0	39	0	73	53	1539	0	394	8	291	15615	190	0	557	484	0	43	109	372	87	3095	913	0	0	0	0	6	14	71	37	75	24	12	18607370314376	21019	5342	
C:\Data\ITRAX\ARD_Aug 2013_Mo-tube_Reanalysed_USE\ARD1B\XRF data\L000180.spe	360.04	7.77	1	0.018310	-0.003173	0.009822	0.093737	12484.97266	1.19	19	13	39	18	37	12	62	16	952	0	219	14	197	11048	70	0	323	345	0	33	26	210	0	2820	859	0	0	0	0	27	30	82	19	76	66	15	57030326680021	17157	4955	
C:\Data\ITRAX\ARD_Aug 2013_Mo-tube_Reanalysed_USE\ARD1B\XRF data\L000181.spe	362.04	7.78	1	0.018310	-0.003173	0.009822	0.093737	14367.07813	1.24	31	19	32	18	49	0	64	92	2595	0	558	27	405	19730	187	0	311	582	6	0	111	302	0	3875	813	5	0	0	13	0	0	27	79	56	88	17	0	16842	4982	
C:\Data\ITRAX\ARD_Aug 2013_Mo-tube_Reanalysed_USE\ARD1B\XRF data\L000182.spe	364.04	7.78	1	0.018310	-0.003173	0.009822	0.093737	15330.53027	1.29	21	0	25	0	69	7	59	75	2729	6	541	22	433	19915	241	0	507	587	32	132	193	308	126	4581	806	8	0	0	0	9	0	83	0	77	10	18	137243453397085	18167	5397	
C:\Data\ITRAX\ARD_Aug 2013_Mo-tube_Reanalysed_USE\ARD1B\XRF data\L000183.spe	366.04	7.78	1	0.018310	-0.003173	0.009822	0.093737	15148.13867	1.30	31	17	29	30	44	16	71	42	2583	0	463	20	365	17348	113	0	430	473	0	0	70	247	0	4195	729	7	6	0	15	47	22	14	62	0	137	9	0	19461	5321	
C:\Data\ITRAX\ARD_Aug 2013_Mo-tube_Reanalysed_USE\ARD1B\XRF data\L000184.spe	368.04	7.79	1	0.018310	-0.003173	0.009822	0.093737	16027.49512	1.32	33	13	51	22	44	10	43	84	3115	0	573	14	443	21637	176	0	451	606	0	60	122	397	23	4998	1051	10	0	11	0	44	34	72	10	18	126	9	0	19300	5585	
C:\Data\ITRAX\ARD_Aug 2013_Mo-tube_Reanalysed_USE\ARD1B\XRF data\L000185.spe	370.04	7.80	1	0.018310	-0.003173	0.009822	0.093737	13633.61719	1.27	18	23	17	14	42	0	49	31	1737	0	339	5	278	11534	140	0	300	375	0	68	101	258	89	4770	899	0	0	0	0	27	18	62	0	7	19	17	0	18519	5237	
C:\Data\ITRAX\ARD_Aug 2013_Mo-tube_Reanalysed_USE\ARD1B\XRF data\L000186.spe	372.04	7.81	1	0.018310	-0.003173	0.009822	0.093737	14503.17090	1.20	0	0	28	28	51	6	58	57	2565	0	455	7	378	17259	168	5	349	501	0	109	177	360	64	4681	797	5	0	0	0	38	57	38	0	45	94	0	0	17912	5105	
C:\Data\ITRAX\ARD_Aug 2013_Mo-tube_Reanalysed_USE\ARD1B\XRF data\L000187.spe	374.04	7.81	1	0.018310	-0.003173	0.009822	0.093737	14474.77246	1.34	0	0	25	35	51	0	24	56	2772	32	495	30	442	19818	152	0	381	484	0	0	160	414	28	4276	737	19	0	15	0	11	71	55	159	0	58	0	1264685716221717	17066	4976	
C:\Data\ITRAX\ARD_Aug 2013_Mo-tube_Reanalysed_USE\ARD1B\XRF data\L000188.spe	376.04	7.81	1	0.018310	-0.003173	0.009822	0.093737	15274.73145	1.46	0	0	14	12	53	0	39	75	3289	20	627	18	482	23717	123	0	318	487	0	126	141	390	10	4415	815	0	0	0	0	0	16	32	0	119	149	0	0	17725	5172	
C:\Data\ITRAX\ARD_Aug 2013_Mo-tube_Reanalysed_USE\ARD1B\XRF data\L000189.spe	378.04	7.81	1	0.018310	-0.003173	0.009822	0.093737	15399.42578	1.42	21	11	35	29	57	0	37	80	3319	0	660	0	501	23776	129	0	425	513	6	0	43	369	108	4307	968	0	0	0	0	0	7	47	106	34	138	13	0	17523	5190	
C:\Data\ITRAX\ARD_Aug 2013_Mo-tube_Reanalysed_USE\ARD1B\XRF data\L000190.spe	380.04	7.81	1	0.018310	-0.003173	0.009822	0.093737	15225.43555	1.52	7	0	21	27	66	11	71	114	2514	0	548	10	395	23010	221	0	336	439	7	84	58	276	75	4062	948	0	0	0	7	0	0	25	0	61	42	4	0	18076	5374	
C:\Data\ITRAX\ARD_Aug 2013_Mo-tube_Reanalysed_USE\ARD1B\XRF data\L000191.spe	382.04	7.81	1	0.018310	-0.003173	0.009822	0.093737	16706.95898	1.44	0	16	34	28	66	8	46	91	2649	28	558	12	413	22526	194	0	439	461	67	63	151	288	9	4549	900	0	0	0	0	0	0	58	45	51	64	0	312223729421065	20268	5674	
C:\Data\ITRAX\ARD_Aug 2013_Mo-tube_Reanalysed_USE\ARD1B\XRF data\L000192.spe	384.04	7.81	1	0.018310	-0.003173	0.009822	0.093737	16225.28613	1.36	25	23	36	26	40	10	37	67	2774	0	538	26	449	22778	132	0	494	617	0	43	203	342	85	4462	923	12	0	0	0	64	57	34	65	0	160	0	0	19440	5426	
C:\Data\ITRAX\ARD_Aug 2013_Mo-tube_Reanalysed_USE\ARD1B\XRF data\L000193.spe	386.04	7.80	1	0.018310	-0.003173	0.009822	0.093737	15406.62500	1.40	0	0	21	33	50	16	45	70	2941	0	560	9	466	23780	216	0	429	477	0	30	160	314	0	3898	772	6	0	10	38	7	8	86	109	0	73	0	501203142084226	18392	4917	
C:\Data\ITRAX\ARD_Aug 2013_Mo-tube_Reanalysed_USE\ARD1B\XRF data\L000194.spe	388.04	7.76	1	0.018310	-0.003173	0.009822	0.093737	13796.10742	1.20	8	19	30	18	30	0	45	69	2423	0	551	21	362	21894	195	0	310	387	72	27	127	382	106	3242	946	0	0	0	0	18	0	23	57	94	88	0	0	16033	4895	
C:\Data\ITRAX\ARD_Aug 2013_Mo-tube_Reanalysed_USE\ARD1B\XRF data\L000195.spe	390.04	7.77	1	0.018310	-0.003173	0.009822	0.093737	14018.69531	1.35	0	6	23	0	22	0	45	58	2703	0	690	8	448	24404	154	0	274	297	39	57	131	276	88	3087	824	0	0	0	0	10	0	51	5	142	120	0	1115085276540692	15279	4925	
C:\Data\ITRAX\ARD_Aug 2013_Mo-tube_Reanalysed_USE\ARD1B\XRF data\L000196.spe	392.04	7.77	1	0.018310	-0.003173	0.009822	0.093737	14252.58398	1.39	7	0	38	18	22	0	52	100	2537	0	742	34	400	26449	95	0	234	231	20	152	83	213	66	3115	903	7	0	13	0	0	0	47	0	59	204	0	1000810558977266	15546	5255	
C:\Data\ITRAX\ARD_Aug 2013_Mo-tube_Reanalysed_USE\ARD1B\XRF data\L000197.spe	394.04	7.77	1	0.018310	-0.003173	0.009822	0.093737	14391.37695	1.38	17	23	33	34	32	13	31	100	2398	10	765	12	397	25710	195	0	151	322	0	83	153	228	42	3044	951	0	0	0	12	0	14	23	0	87	97	11	1463743556569396	16065	5220	
C:\Data\ITRAX\ARD_Aug 2013_Mo-tube_Reanalysed_USE\ARD1B\XRF data\L000198.spe	396.04	7.77	1	0.018310	-0.003173	0.009822	0.093737	15179.23633	1.40	7	0	45	0	31	0	36	113	2491	0	782	24	444	27910	339	0	226	254	0	0	53	199	42	3304	913	0	0	6	9	0	26	64	0	104	72	0	0	16774	5392	
C:\Data\ITRAX\ARD_Aug 2013_Mo-tube_Reanalysed_USE\ARD1B\XRF data\L000199.spe	398.04	7.77	1	0.018310	-0.003173	0.009822	0.093737	15704.61035	1.38	20	21	36	27	47	0	39	91	2629	0	753	11	464	28331	143	0	197	238	0	0	62	177	15	3564	938	9	0	0	0	16	35	32	66	175	152	5	0	17701	5517	
C:\Data\ITRAX\ARD_Aug 2013_Mo-tube_Reanalysed_USE\ARD1B\XRF data\L000200.spe	400.04	7.80	1	0.018310	-0.003173	0.009822	0.093737	15205.83594	1.44	0	0	33	23	30	17	57	86	2759	7	636	40	488	23621	208	15	339	482	0	0	75	274	10	3376	804	14	0	19	0	0	0	36	100	0	122	0	533598329138213	17729	5353	
C:\Data\ITRAX\ARD_Aug 2013_Mo-tube_Reanalysed_USE\ARD1B\XRF data\L000201.spe	402.04	7.82	1	0.018310	-0.003173	0.009822	0.093737	15020.04492	1.36	10	28	42	26	48	6	66	87	3018	0	704	26	479	26727	195	4	316	483	0	206	34	110	0	3284	840	7	0	0	0	17	42	68	0	160	119	0	0	16045	5078	
C:\Data\ITRAX\ARD_Aug 2013_Mo-tube_Reanalysed_USE\ARD1B\XRF data\L000202.spe	404.04	7.82	1	0.018310	-0.003173	0.009822	0.093737	13323.33008	1.28	0	13	59	9	23	8	61	76	1894	0	733	23	352	23708	171	0	115	290	16	72	74	242	0	2854	767	0	0	0	27	20	22	46	0	36	160	0	0	14725	4975	
C:\Data\ITRAX\ARD_Aug 2013_Mo-tube_Reanalysed_USE\ARD1B\XRF data\L000203.spe	406.04	7.82	1	0.018310	-0.003173	0.009822	0.093737	14899.25098	1.42	21	14	22	12	29	11	33	89	2363	0	719	20	445	24300	76	0	279	469	8	23	122	302	45	3510	893	0	0	0	20	34	9	50	71	34	195	5	596909812460973	17371	5414	
C:\Data\ITRAX\ARD_Aug 2013_Mo-tube_Reanalysed_USE\ARD1B\XRF data\L000204.spe	408.04	7.83	1	0.018310	-0.003173	0.009822	0.093737	14315.37988	1.32	22	17	43	0	37	13	38	82	1943	0	495	5	337	19901	96	0	346	347	45	0	70	269	0	3621	862	0	0	0	0	15	0	0	39	31	127	22	0	17570	5318	
C:\Data\ITRAX\ARD_Aug 2013_Mo-tube_Reanalysed_USE\ARD1B\XRF data\L000205.spe	410.04	7.91	1	0.018310	-0.003173	0.009822	0.093737	13266.53320	1.32	0	0	21	11	14	0	58	58	1832	0	459	19	320	17433	227	0	264	395	0	90	44	212	0	3364	858	0	0	0	0	37	0	59	0	57	25	0	262675429810326	16009	4923	
C:\Data\ITRAX\ARD_Aug 2013_Mo-tube_Reanalysed_USE\ARD1B\XRF data\L000206.spe	412.04	7.95	1	0.018310	-0.003173	0.009822	0.093737	12046.99609	1.40	18	33	31	20	47	6	68	68	1397	0	377	7	228	16330	168	0	450	350	66	0	56	214	24	2973	693	0	0	0	0	31	0	72	71	0	0	0	0	15012	4526	
C:\Data\ITRAX\ARD_Aug 2013_Mo-tube_Reanalysed_USE\ARD1B\XRF data\L000207.spe	414.04	8.00	1	0.018310	-0.003173	0.009822	0.093737	10652.86621	1.26	0	5	13	5	22	0	42	26	924	0	257	11	166	10117	121	6	213	231	0	70	62	157	0	2809	628	0	0	0	0	6	25	30	0	20	35	9	256035922345976	14165	4384	
C:\Data\ITRAX\ARD_Aug 2013_Mo-tube_Reanalysed_USE\ARD1B\XRF data\L000208.spe	416.04	8.00	1	0.018310	-0.003173	0.009822	0.093737	9758.60938	1.17	7	10	25	19	30	0	76	41	689	0	197	15	182	7606	119	0	113	282	73	109	26	153	49	2629	755	0	0	0	12	7	0	28	0	47	10	0	353727259224054	13299	4264	
C:\Data\ITRAX\ARD_Aug 2013_Mo-tube_Reanalysed_USE\ARD1B\XRF data\L000209.spe	418.04	8.00	1	0.018310	-0.003173	0.009822	0.093737	11640.41406	1.19	0	0	21	0	34	0	59	50	1434	0	432	23	254	15683	126	0	142	372	5	0	80	179	26	2747	877	14	0	0	38	49	21	21	112	0	83	0	113579799800457	14329	4399	
C:\Data\ITRAX\ARD_Aug 2013_Mo-tube_Reanalysed_USE\ARD1B\XRF data\L000210.spe	420.04	8.00	1	0.018310	-0.003173	0.009822	0.093737	12141.79102	1.27	23	14	44	7	41	4	75	76	1756	0	528	14	346	18953	95	0	215	440	6	0	23	218	0	2681	753	10	5	0	28	38	11	73	85	0	125	0	0	14105	4295	
C:\Data\ITRAX\ARD_Aug 2013_Mo-tube_Reanalysed_USE\ARD1B\XRF data\L000211.spe	422.04	8.00	1	0.018310	-0.003173	0.009822	0.093737	12663.46289	1.43	45	33	47	36	33	11	49	66	1373	0	392	10	208	17213	70	0	181	336	0	50	145	155	65	3028	792	0	0	9	11	17	54	9	0	121	130	0	0	15840	4704	
C:\Data\ITRAX\ARD_Aug 2013_Mo-tube_Reanalysed_USE\ARD1B\XRF data\L000212.spe	424.04	8.00	1	0.018310	-0.003173	0.009822	0.093737	13436.52539	1.38	0	9	16	0	30	0	36	76	1909	0	589	22	324	22722	191	0	328	334	0	9	129	369	0	3134	676	0	0	0	0	54	52	81	74	24	48	0	0	15361	4615	
C:\Data\ITRAX\ARD_Aug 2013_Mo-tube_Reanalysed_USE\ARD1B\XRF data\L000213.spe	426.04	8.00	1	0.018310	-0.003173	0.009822	0.093737	14025.49609	1.51	0	0	0	0	13	6	27	71	1789	0	556	24	338	21268	157	0	244	262	0	125	111	251	59	3643	864	15	0	0	0	21	0	21	0	0	129	0	0	17242	5314	
C:\Data\ITRAX\ARD_Aug 2013_Mo-tube_Reanalysed_USE\ARD1B\XRF data\L000214.spe	428.04	8.00	1	0.018310	-0.003173	0.009822	0.093737	16478.57227	1.43	48	17	59	28	30	0	23	87	2396	0	744	22	401	27725	272	0	301	282	0	0	118	293	28	4224	967	0	0	0	0	23	5	44	86	34	58	0	164480851368180	19220	5682	
C:\Data\ITRAX\ARD_Aug 2013_Mo-tube_Reanalysed_USE\ARD1B\XRF data\L000215.spe	430.04	8.00	1	0.018310	-0.003173	0.009822	0.093737	15993.69531	1.30	10	0	14	10	24	0	22	90	2338	0	707	19	456	27142	221	0	347	343	0	0	149	290	170	4282	876	8	0	8	19	9	80	60	5	87	136	0	401520543927881	18037	5531	
C:\Data\ITRAX\ARD_Aug 2013_Mo-tube_Reanalysed_USE\ARD1B\XRF data\L000216.spe	432.04	8.00	1	0.018310	-0.003173	0.009822	0.093737	14450.07520	1.35	6	0	29	5	30	0	67	60	1966	11	592	17	323	21088	189	0	332	300	42	91	133	266	17	4032	945	8	0	0	0	0	19	51	14	26	80	16	592337848987969	17188	5222	
C:\Data\ITRAX\ARD_Aug 2013_Mo-tube_Reanalysed_USE\ARD1B\XRF data\L000217.spe	434.04	8.00	1	0.018310	-0.003173	0.009822	0.093737	15143.33984	1.32	30	26	40	16	28	0	46	92	2271	0	472	13	312	22231	105	0	368	297	28	0	128	446	0	4602	954	0	0	0	0	35	0	78	104	0	180	0	975106474212718	18154	5774	
C:\Data\ITRAX\ARD_Aug 2013_Mo-tube_Reanalysed_USE\ARD1B\XRF data\L000218.spe	436.04	8.00	1	0.018310	-0.003173	0.009822	0.093737	15627.41504	1.42	7	0	36	13	13	0	40	85	2640	0	576	18	407	23553	155	0	368	396	20	80	0	285	91	4770	959	0	0	0	0	16	0	86	0	106	128	0	0	18800	5767	
C:\Data\ITRAX\ARD_Aug 2013_Mo-tube_Reanalysed_USE\ARD1B\XRF data\L000219.spe	438.04	8.00	1	0.018310	-0.003173	0.009822	0.093737	14219.68359	1.27	0	6	19	10	18	0	38	54	2332	5	555	6	364	19943	154	0	294	318	55	28	162	293	116	4290	1039	0	0	0	14	23	0	19	45	18	99	7	0	17420	5319	
C:\Data\ITRAX\ARD_Aug 2013_Mo-tube_Reanalysed_USE\ARD1B\XRF data\L000220.spe	440.04	8.00	1	0.018310	-0.003173	0.009822	0.093737	14263.58594	1.36	13	16	32	0	42	0	41	75	2247	0	556	26	341	20039	217	0	294	403	35	0	102	212	73	4320	885	6	0	0	0	0	0	10	71	0	14	10	651046604437172	17426	5477	
C:\Data\ITRAX\ARD_Aug 2013_Mo-tube_Reanalysed_USE\ARD1B\XRF data\L000221.spe	442.04	8.00	1	0.018310	-0.003173	0.009822	0.093737	12911.65039	1.49	9	6	20	0	50	0	73	71	1864	0	497	0	341	17995	126	0	186	330	32	5	48	150	78	4109	671	6	4	0	0	0	0	24	33	7	60	0	28761424417006	15651	5122	
C:\Data\ITRAX\ARD_Aug 2013_Mo-tube_Reanalysed_USE\ARD1B\XRF data\L000222.spe	444.04	8.00	1	0.018310	-0.003173	0.009822	0.093737	13196.33789	1.28	19	0	51	23	17	0	44	78	1986	0	454	13	334	17108	70	0	193	293	28	80	127	131	0	3989	845	0	0	4	0	30	0	0	0	58	117	0	0	16620	5231	
C:\Data\ITRAX\ARD_Aug 2013_Mo-tube_Reanalysed_USE\ARD1B\XRF data\L000223.spe	446.04	8.00	1	0.018310	-0.003173	0.009822	0.093737	13903.00000	1.31	17	13	43	7	41	0	72	65	2401	0	556	12	399	19826	121	0	316	344	21	0	86	220	93	3956	750	0	0	0	0	0	0	19	109	0	68	4	0	16746	5247	
C:\Data\ITRAX\ARD_Aug 2013_Mo-tube_Reanalysed_USE\ARD1B\XRF data\L000224.spe	448.04	8.00	1	0.018310	-0.003173	0.009822	0.093737	12404.97656	1.30	9	28	20	17	26	0	43	44	1505	8	440	13	233	15737	160	4	176	262	0	0	70	81	10	3452	932	0	0	0	11	36	43	27	80	50	84	0	0	15632	4913	
C:\Data\ITRAX\ARD_Aug 2013_Mo-tube_Reanalysed_USE\ARD1B\XRF data\L000225.spe	450.04	8.00	1	0.018310	-0.003173	0.009822	0.093737	13248.93457	1.39	8	0	28	15	34	0	67	97	2248	5	534	12	377	19484	211	0	324	332	105	0	24	225	45	3643	844	14	0	0	0	31	0	50	27	49	53	0	663391017111966	15866	4912	
C:\Data\ITRAX\ARD_Aug 2013_Mo-tube_Reanalysed_USE\ARD1B\XRF data\L000226.spe	452.04	8.00	1	0.018310	-0.003173	0.009822	0.093737	12056.39258	1.35	0	0	29	35	11	6	65	54	1877	0	413	21	298	15751	148	0	251	340	0	8	20	286	30	3374	771	0	0	8	0	46	0	36	21	99	31	0	818578670701875	14891	4740	
C:\Data\ITRAX\ARD_Aug 2013_Mo-tube_Reanalysed_USE\ARD1B\XRF data\L000227.spe	454.04	8.00	1	0.018310	-0.003173	0.009822	0.093737	12198.78809	1.32	0	0	25	0	22	7	53	84	1944	0	407	4	314	14640	99	0	224	311	0	24	10	177	0	3429	748	0	0	19	26	5	0	16	0	28	79	0	0	14939	4797	
C:\Data\ITRAX\ARD_Aug 2013_Mo-tube_Reanalysed_USE\ARD1B\XRF data\L000228.spe	456.04	8.00	1	0.018310	-0.003173	0.009822	0.093737	12228.88477	1.41	0	0	18	0	43	10	61	51	1752	0	427	21	258	14762	172	0	201	282	5	98	93	224	82	3210	878	8	5	0	0	9	43	46	0	61	40	0	613589977304994	15392	4927	
C:\Data\ITRAX\ARD_Aug 2013_Mo-tube_Reanalysed_USE\ARD1B\XRF data\L000229.spe	458.04	7.99	1	0.018310	-0.003173	0.009822	0.093737	12721.46191	1.42	10	0	14	18	26	0	55	72	1867	0	475	23	337	17365	184	0	227	312	24	29	70	182	54	3251	841	0	0	0	6	22	36	14	0	0	0	0	0	15531	4886	
C:\Data\ITRAX\ARD_Aug 2013_Mo-tube_Reanalysed_USE\ARD1B\XRF data\L000230.spe	460.04	7.94	1	0.018310	-0.003173	0.009822	0.093737	13298.83105	1.22	0	0	0	0	40	0	72	57	2182	0	514	25	372	18273	256	0	238	459	0	23	152	210	101	3823	874	0	0	0	0	52	46	0	0	19	39	19	0	15419	5136	
C:\Data\ITRAX\ARD_Aug 2013_Mo-tube_Reanalysed_USE\ARD1B\XRF data\L000231.spe	462.04	7.91	1	0.018310	-0.003173	0.009822	0.093737	12589.46777	1.26	0	7	14	0	29	0	69	64	1663	6	420	6	349	16096	101	0	233	438	0	78	45	211	0	3318	899	0	0	9	0	11	39	43	0	41	75	0	0	15411	4796	
C:\Data\ITRAX\ARD_Aug 2013_Mo-tube_Reanalysed_USE\ARD1B\XRF data\L000232.spe	464.04	7.89	1	0.018310	-0.003173	0.009822	0.093737	13740.30957	1.33	7	0	10	20	34	0	55	56	1827	0	500	18	349	20114	202	0	190	445	0	0	91	178	48	3428	876	0	0	0	0	20	30	48	0	101	77	12	0	16333	5101	
C:\Data\ITRAX\ARD_Aug 2013_Mo-tube_Reanalysed_USE\ARD1B\XRF data\L000233.spe	466.04	7.87	1	0.018310	-0.003173	0.009822	0.093737	12845.55371	1.27	17	7	11	17	26	0	53	43	1433	0	452	0	283	16405	142	0	146	323	33	113	74	203	50	3351	748	0	0	0	8	31	23	40	0	92	54	0	0	15977	4960	
C:\Data\ITRAX\ARD_Aug 2013_Mo-tube_Reanalysed_USE\ARD1B\XRF data\L000234.spe	468.04	7.84	1	0.018310	-0.003173	0.009822	0.093737	9021.14648	1.18	8	0	0	10	14	0	78	6	174	0	45	10	41	3491	30	0	67	137	0	25	16	137	26	2761	659	0	0	0	0	11	0	12	18	50	24	0	0	13260	4291	
C:\Data\ITRAX\ARD_Aug 2013_Mo-tube_Reanalysed_USE\ARD1B\XRF data\L000235.spe	470.04	7.81	1	0.018310	-0.003173	0.009822	0.093737	10541.76953	1.37	0	0	14	0	13	0	55	30	673	0	200	0	138	10110	108	0	141	203	0	95	26	112	74	2853	821	0	0	0	0	20	70	78	0	0	31	7	0	13960	4595	
C:\Data\ITRAX\ARD_Aug 2013_Mo-tube_Reanalysed_USE\ARD1B\XRF data\L000236.spe	472.04	7.77	1	0.018310	-0.003173	0.009822	0.093737	11218.13574	1.10	16	13	20	14	38	0	58	13	876	5	232	9	201	9030	138	0	157	235	16	35	66	195	158	3298	761	12	0	0	0	0	0	28	11	37	14	0	0	15123	4947	
C:\Data\ITRAX\ARD_Aug 2013_Mo-tube_Reanalysed_USE\ARD1B\XRF data\L000237.spe	474.04	7.79	1	0.018310	-0.003173	0.009822	0.093737	11318.13184	1.29	10	12	16	0	23	6	78	19	726	0	176	9	131	8411	117	0	133	234	13	37	65	185	68	3670	920	0	0	0	0	15	0	28	12	48	38	8	0	15305	4985	
C:\Data\ITRAX\ARD_Aug 2013_Mo-tube_Reanalysed_USE\ARD1B\XRF data\L000238.spe	476.04	7.75	1	0.018310	-0.003173	0.009822	0.093737	13241.43359	1.23	12	14	32	8	28	0	59	78	2261	0	536	12	416	20671	175	0	281	372	79	30	52	320	106	3538	812	0	0	0	0	29	7	93	50	117	81	0	0	15038	4815	
C:\Data\ITRAX\ARD_Aug 2013_Mo-tube_Reanalysed_USE\ARD1B\XRF data\L000239.spe	478.04	7.72	1	0.018310	-0.003173	0.009822	0.093737	13672.21387	1.32	14	19	21	13	36	0	53	101	2402	11	641	21	421	21982	150	0	186	419	26	139	115	118	85	3636	944	0	0	0	60	0	0	0	0	88	139	19	0	15657	5196	
C:\Data\ITRAX\ARD_Aug 2013_Mo-tube_Reanalysed_USE\ARD1B\XRF data\L000240.spe	480.04	7.72	1	0.018310	-0.003173	0.009822	0.093737	14807.75586	1.33	20	7	35	23	48	0	55	56	2399	0	650	15	453	21599	201	0	214	421	42	0	110	194	98	4251	885	20	0	0	0	17	0	0	49	76	87	0	1168985595582936	17681	5588	
C:\Data\ITRAX\ARD_Aug 2013_Mo-tube_Reanalysed_USE\ARD1B\XRF data\L000241.spe	482.04	7.73	1	0.018310	-0.003173	0.009822	0.093737	13824.60352	1.38	0	0	10	14	29	0	61	45	1891	0	503	0	363	17556	155	0	342	492	22	77	119	292	70	3906	988	0	0	0	0	41	0	53	0	56	95	0	0	17008	5480	
C:\Data\ITRAX\ARD_Aug 2013_Mo-tube_Reanalysed_USE\ARD1B\XRF data\L000242.spe	484.04	7.74	1	0.018310	-0.003173	0.009822	0.093737	14026.29395	1.35	21	17	32	18	41	12	58	85	2232	0	606	22	438	21750	167	0	236	454	10	63	96	275	96	3829	744	0	0	0	0	0	24	32	0	89	114	0	0	15874	5001	
C:\Data\ITRAX\ARD_Aug 2013_Mo-tube_Reanalysed_USE\ARD1B\XRF data\L000243.spe	486.04	7.72	1	0.018310	-0.003173	0.009822	0.093737	13739.41016	1.43	21	15	0	9	29	0	60	77	2158	0	595	15	415	20416	151	0	191	378	33	43	72	186	134	3658	979	0	0	15	0	0	0	67	0	99	108	8	0	15795	5131	
C:\Data\ITRAX\ARD_Aug 2013_Mo-tube_Reanalysed_USE\ARD1B\XRF data\L000244.spe	488.04	7.73	1	0.018310	-0.003173	0.009822	0.093737	13577.81934	1.33	24	6	42	11	25	0	42	55	2144	0	535	27	408	20387	229	0	227	410	0	77	54	171	22	3472	786	7	0	0	0	11	34	50	0	34	49	0	601194910415918	16232	5038	
C:\Data\ITRAX\ARD_Aug 2013_Mo-tube_Reanalysed_USE\ARD1B\XRF data\L000245.spe	490.04	7.70	1	0.018310	-0.003173	0.009822	0.093737	14048.49414	1.39	0	0	26	16	33	10	56	78	2146	0	497	16	428	19411	72	0	193	327	36	76	94	233	0	3702	966	13	0	27	0	0	0	0	11	82	110	14	511618797561034	16460	5266	
C:\Data\ITRAX\ARD_Aug 2013_Mo-tube_Reanalysed_USE\ARD1B\XRF data\L000246.spe	492.04	7.69	1	0.018310	-0.003173	0.009822	0.093737	12899.95215	1.38	0	0	23	14	20	0	54	62	2083	0	505	7	381	16447	100	9	270	347	0	0	80	273	66	3474	881	0	0	0	19	0	42	0	42	0	113	8	0	15824	4898	
C:\Data\ITRAX\ARD_Aug 2013_Mo-tube_Reanalysed_USE\ARD1B\XRF data\L000247.spe	494.04	7.63	1	0.018310	-0.003173	0.009822	0.093737	14297.58203	1.39	0	7	47	30	16	0	43	97	2655	0	761	17	410	24104	169	0	192	300	0	14	51	295	0	3564	932	0	0	0	0	0	38	8	20	16	102	16	0	16019	5241	
C:\Data\ITRAX\ARD_Aug 2013_Mo-tube_Reanalysed_USE\ARD1B\XRF data\L000248.spe	496.04	7.60	1	0.018310	-0.003173	0.009822	0.093737	14567.26660	1.44	0	0	24	10	48	0	74	120	2932	0	797	11	446	25137	144	0	166	347	77	0	99	159	115	3402	932	0	0	0	7	47	0	0	196	12	90	0	0	16274	5290	
C:\Data\ITRAX\ARD_Aug 2013_Mo-tube_Reanalysed_USE\ARD1B\XRF data\L000249.spe	498.04	7.61	1	0.018310	-0.003173	0.009822	0.093737	14136.19141	1.20	0	7	35	10	39	0	33	54	2102	25	609	0	336	21018	286	0	130	258	0	30	159	261	0	3357	946	0	0	0	16	14	43	39	61	0	0	8	0	17247	5313	
C:\Data\ITRAX\ARD_Aug 2013_Mo-tube_Reanalysed_USE\ARD1B\XRF data\L000250.spe	500.04	7.60	1	0.018310	-0.003173	0.009822	0.093737	15400.62598	1.42	6	22	34	9	59	9	60	76	2251	6	552	13	413	21967	147	0	345	390	0	63	53	368	66	3470	779	0	0	7	0	12	48	7	0	107	77	12	0	18471	5425	
C:\Data\ITRAX\ARD_Aug 2013_Mo-tube_Reanalysed_USE\ARD1B\XRF data\L000251.spe	502.04	7.59	1	0.018310	-0.003173	0.009822	0.093737	15904.20215	1.67	0	5	22	30	80	13	66	58	2439	0	542	7	465	21662	218	0	330	507	0	134	135	311	133	3849	875	16	7	0	0	0	46	69	0	99	18	0	0	20248	5604	
C:\Data\ITRAX\ARD_Aug 2013_Mo-tube_Reanalysed_USE\ARD1B\XRF data\L000252.spe	504.04	7.60	1	0.018310	-0.003173	0.009822	0.093737	14621.96680	1.30	0	0	26	19	29	0	76	30	1796	14	331	20	341	17007	153	0	380	411	0	19	78	328	33	3235	743	0	0	0	0	16	59	82	15	0	49	9	291493898682786	18992	5209	
C:\Data\ITRAX\ARD_Aug 2013_Mo-tube_Reanalysed_USE\ARD1B\XRF data\L000253.spe	506.04	7.59	1	0.018310	-0.003173	0.009822	0.093737	15614.11426	1.21	4	0	16	20	74	8	54	57	2325	12	509	22	403	21736	175	0	295	468	0	0	54	330	57	3628	875	0	0	13	0	15	47	77	122	32	98	0	260291664280871	19940	5447	
C:\Data\ITRAX\ARD_Aug 2013_Mo-tube_Reanalysed_USE\ARD1B\XRF data\L000254.spe	508.04	7.58	1	0.018310	-0.003173	0.009822	0.093737	16234.88281	1.30	19	0	42	4	63	7	55	81	2515	11	673	28	442	25485	121	0	295	500	0	98	175	339	92	3623	848	0	0	0	0	34	36	39	0	31	119	0	0	19390	5358	
C:\Data\ITRAX\ARD_Aug 2013_Mo-tube_Reanalysed_USE\ARD1B\XRF data\L000255.spe	510.04	7.58	1	0.018310	-0.003173	0.009822	0.093737	15657.81348	1.37	0	0	34	16	63	0	50	110	2658	0	712	25	491	25648	171	0	322	505	0	0	143	258	108	3462	902	0	0	0	0	0	7	35	42	70	143	0	213267294839283	18544	5339	
C:\Data\ITRAX\ARD_Aug 2013_Mo-tube_Reanalysed_USE\ARD1B\XRF data\L000256.spe	512.04	7.57	1	0.018310	-0.003173	0.009822	0.093737	15527.62109	1.41	25	23	35	30	75	4	52	91	2618	0	711	19	453	28962	154	0	296	380	0	31	106	194	13	3221	739	0	0	0	0	38	94	57	21	98	123	0	0	17395	5276	
C:\Data\ITRAX\ARD_Aug 2013_Mo-tube_Reanalysed_USE\ARD1B\XRF data\L000257.spe	514.04	7.59	1	0.018310	-0.003173	0.009822	0.093737	14453.87402	1.41	0	7	22	4	74	0	52	72	2151	0	549	33	365	23996	203	0	208	454	0	0	141	262	23	3159	806	4	0	0	39	0	6	11	55	0	74	5	0	16765	4899	
C:\Data\ITRAX\ARD_Aug 2013_Mo-tube_Reanalysed_USE\ARD1B\XRF data\L000258.spe	516.04	7.62	1	0.018310	-0.003173	0.009822	0.093737	13855.50391	1.34	9	27	41	25	64	0	62	43	1947	0	510	0	350	21380	188	0	216	364	32	79	140	212	0	2950	682	0	0	0	0	8	0	49	0	43	107	15	0	16719	4860	
C:\Data\ITRAX\ARD_Aug 2013_Mo-tube_Reanalysed_USE\ARD1B\XRF data\L000259.spe	518.04	7.63	1	0.018310	-0.003173	0.009822	0.093737	13853.80469	1.32	13	16	47	19	47	0	61	73	2084	0	562	28	371	21023	242	0	218	324	0	31	59	181	0	3182	715	0	0	0	0	21	14	45	0	7	71	20	0	16470	4898	
C:\Data\ITRAX\ARD_Aug 2013_Mo-tube_Reanalysed_USE\ARD1B\XRF data\L000260.spe	520.04	7.66	1	0.018310	-0.003173	0.009822	0.093737	13753.30957	1.36	21	17	37	24	40	0	60	72	2107	0	603	18	381	21657	225	0	233	400	0	84	73	292	96	2771	927	0	0	0	0	65	48	57	8	23	74	0	0	16365	4546	
C:\Data\ITRAX\ARD_Aug 2013_Mo-tube_Reanalysed_USE\ARD1B\XRF data\L000261.spe	522.04	7.67	1	0.018310	-0.003173	0.009822	0.093737	13860.10547	1.39	0	0	10	14	22	0	46	63	1763	0	563	33	349	21378	79	0	234	389	0	134	89	244	0	2644	942	7	0	0	16	31	46	8	0	4	159	0	722465721606825	16818	4939	
C:\Data\ITRAX\ARD_Aug 2013_Mo-tube_Reanalysed_USE\ARD1B\XRF data\L000262.spe	524.04	7.68	1	0.018310	-0.003173	0.009822	0.093737	14556.46973	1.31	12	9	25	0	41	6	69	69	1911	0	605	14	326	24280	185	0	206	280	28	0	113	228	34	2916	680	4	0	0	0	24	7	29	40	64	97	0	442122951670519	16777	4963	
C:\Data\ITRAX\ARD_Aug 2013_Mo-tube_Reanalysed_USE\ARD1B\XRF data\L000263.spe	526.04	7.68	1	0.018310	-0.003173	0.009822	0.093737	15563.41895	1.27	0	0	24	40	13	5	39	67	2191	0	538	9	368	25730	259	0	218	269	0	0	90	236	22	3559	806	0	0	8	20	20	0	48	107	0	69	0	694195343953410	18208	5366	
C:\Data\ITRAX\ARD_Aug 2013_Mo-tube_Reanalysed_USE\ARD1B\XRF data\L000264.spe	528.04	7.68	1	0.018310	-0.003173	0.009822	0.093737	14690.96094	1.43	0	7	0	28	41	0	61	40	1565	0	416	0	249	17470	174	0	276	318	38	81	179	229	111	3143	793	0	0	0	0	0	0	0	0	0	40	22	0	19595	5360	
C:\Data\ITRAX\ARD_Aug 2013_Mo-tube_Reanalysed_USE\ARD1B\XRF data\L000265.spe	530.04	7.69	1	0.018310	-0.003173	0.009822	0.093737	16434.17578	1.22	7	0	31	31	31	0	57	52	1735	0	420	11	309	19984	173	0	351	306	25	43	126	477	66	3663	1025	0	0	12	0	30	0	116	0	30	74	0	511483909902843	22044	5851	
C:\Data\ITRAX\ARD_Aug 2013_Mo-tube_Reanalysed_USE\ARD1B\XRF data\L000266.spe	532.04	7.70	1	0.018310	-0.003173	0.009822	0.093737	16276.78418	1.37	0	0	38	15	36	0	36	53	2727	4	429	9	393	18770	194	0	508	467	0	134	154	550	0	4235	802	0	0	0	0	0	42	47	0	124	63	0	430875897679716	20956	5633	
C:\Data\ITRAX\ARD_Aug 2013_Mo-tube_Reanalysed_USE\ARD1B\XRF data\L000267.spe	534.04	7.71	1	0.018310	-0.003173	0.009822	0.093737	17030.04688	1.25	0	4	30	16	53	10	37	81	2831	11	592	8	402	23722	152	0	419	447	44	66	99	401	13	4234	766	0	0	0	0	12	0	0	20	0	87	0	0	21209	5693	
C:\Data\ITRAX\ARD_Aug 2013_Mo-tube_Reanalysed_USE\ARD1B\XRF data\L000268.spe	536.04	7.71	1	0.018310	-0.003173	0.009822	0.093737	16117.58887	1.27	15	0	12	17	45	0	47	58	2607	5	478	5	381	23740	251	14	420	452	0	0	91	473	118	3672	920	0	0	0	0	22	0	58	148	0	40	7	2124830623010150	19772	5283	
C:\Data\ITRAX\ARD_Aug 2013_Mo-tube_Reanalysed_USE\ARD1B\XRF data\L000269.spe	538.04	7.70	1	0.018310	-0.003173	0.009822	0.093737	14726.75879	1.27	9	0	35	8	29	0	56	48	2209	0	454	8	329	21067	156	0	270	302	0	71	122	289	7	3384	937	6	0	0	0	23	8	5	0	29	72	12	451562754725320	17818	5275	
C:\Data\ITRAX\ARD_Aug 2013_Mo-tube_Reanalysed_USE\ARD1B\XRF data\L000270.spe	540.04	7.68	1	0.018310	-0.003173	0.009822	0.093737	14615.56641	1.33	0	5	30	8	48	6	41	57	2290	24	477	31	338	20121	154	0	292	322	0	0	150	287	0	3524	847	8	0	0	0	0	51	13	79	30	44	25	0	18298	5212	
C:\Data\ITRAX\ARD_Aug 2013_Mo-tube_Reanalysed_USE\ARD1B\XRF data\L000271.spe	542.04	7.69	1	0.018310	-0.003173	0.009822	0.093737	14126.59082	1.21	29	19	15	24	26	0	56	44	1896	0	446	22	322	20036	84	0	210	293	0	69	165	251	40	3262	780	0	0	0	48	51	40	0	0	0	147	0	0	17266	5011	
C:\Data\ITRAX\ARD_Aug 2013_Mo-tube_Reanalysed_USE\ARD1B\XRF data\L000272.spe	544.04	7.69	1	0.018310	-0.003173	0.009822	0.093737	15354.83008	1.39	0	0	14	0	16	0	73	46	2074	0	501	20	322	22758	208	0	371	280	66	0	84	273	0	3524	815	0	0	7	0	12	0	66	96	19	58	4	960775648298563	18788	5267	
C:\Data\ITRAX\ARD_Aug 2013_Mo-tube_Reanalysed_USE\ARD1B\XRF data\L000273.spe	546.04	7.68	1	0.018310	-0.003173	0.009822	0.093737	15466.12305	1.42	0	6	20	24	28	14	51	62	2135	0	568	15	355	19710	151	0	259	335	0	0	176	328	0	3176	773	7	0	0	29	52	9	6	53	83	68	10	0	20234	5292	
C:\Data\ITRAX\ARD_Aug 2013_Mo-tube_Reanalysed_USE\ARD1B\XRF data\L000274.spe	548.04	7.68	1	0.018310	-0.003173	0.009822	0.093737	15075.22559	1.22	0	18	22	30	31	7	73	50	2312	19	487	29	356	19127	199	0	243	327	0	67	63	246	5	3192	729	7	0	16	61	0	13	0	4	30	68	10	305437578899832	19035	5328	
C:\Data\ITRAX\ARD_Aug 2013_Mo-tube_Reanalysed_USE\ARD1B\XRF data\L000275.spe	550.04	7.66	1	0.018310	-0.003173	0.009822	0.093737	15487.72266	1.36	0	0	11	5	59	0	41	65	2530	0	500	25	402	19374	179	0	391	518	9	169	99	310	0	3490	883	0	0	0	0	31	53	0	0	0	43	5	0	19457	5515	
C:\Data\ITRAX\ARD_Aug 2013_Mo-tube_Reanalysed_USE\ARD1B\XRF data\L000276.spe	552.04	7.64	1	0.018310	-0.003173	0.009822	0.093737	15981.19824	1.38	0	0	37	9	22	9	50	55	2415	0	462	16	394	18879	110	9	324	494	32	226	117	332	23	4061	929	0	0	0	24	24	25	6	0	117	87	16	0	20741	5706	
C:\Data\ITRAX\ARD_Aug 2013_Mo-tube_Reanalysed_USE\ARD1B\XRF data\L000277.spe	554.04	7.62	1	0.018310	-0.003173	0.009822	0.093737	17093.33984	1.33	0	0	38	0	51	0	47	73	2438	0	571	20	472	21725	165	0	453	477	86	24	88	440	55	4329	982	0	0	0	0	30	0	0	68	48	156	8	990235716334001	21996	5870	
C:\Data\ITRAX\ARD_Aug 2013_Mo-tube_Reanalysed_USE\ARD1B\XRF data\L000278.spe	556.04	7.55	1	0.018310	-0.003173	0.009822	0.093737	18153.38867	1.28	0	0	26	17	31	0	5	68	2707	0	539	0	487	23128	266	0	406	578	9	73	145	373	65	4320	884	0	0	10	0	26	0	67	28	0	36	0	0	22774	6309	
C:\Data\ITRAX\ARD_Aug 2013_Mo-tube_Reanalysed_USE\ARD1B\XRF data\L000279.spe	558.04	7.52	1	0.018310	-0.003173	0.009822	0.093737	17868.90039	1.31	21	32	30	6	75	0	38	81	2899	0	567	0	459	22380	10	0	420	644	0	128	135	430	136	3938	835	9	0	8	33	12	26	42	0	22	218	9	712817506531662	23251	6283	
C:\Data\ITRAX\ARD_Aug 2013_Mo-tube_Reanalysed_USE\ARD1B\XRF data\L000280.spe	560.04	7.52	1	0.018310	-0.003173	0.009822	0.093737	16930.55078	1.39	9	17	38	16	90	0	24	84	2786	0	594	17	432	24401	144	0	437	464	0	39	200	436	0	4034	859	0	0	0	0	35	10	46	51	83	112	0	0	20858	5706	
C:\Data\ITRAX\ARD_Aug 2013_Mo-tube_Reanalysed_USE\ARD1B\XRF data\L000281.spe	562.04	7.53	1	0.018310	-0.003173	0.009822	0.093737	14935.15039	1.40	0	0	25	24	38	0	39	65	2614	0	579	29	416	21019	130	0	368	454	0	71	100	478	133	4022	770	0	0	0	0	35	98	54	14	89	101	0	0	17936	4941	
C:\Data\ITRAX\ARD_Aug 2013_Mo-tube_Reanalysed_USE\ARD1B\XRF data\L000282.spe	564.04	7.53	1	0.018310	-0.003173	0.009822	0.093737	12076.79395	1.39	6	0	17	13	10	0	36	16	1395	0	304	12	242	12275	134	0	181	196	6	0	72	298	0	3060	755	0	0	0	0	22	0	15	29	0	41	16	0	15951	4596	
C:\Data\ITRAX\ARD_Aug 2013_Mo-tube_Reanalysed_USE\ARD1B\XRF data\L000283.spe	566.04	7.53	1	0.018310	-0.003173	0.009822	0.093737	15795.20508	1.43	35	32	47	27	53	0	50	48	2743	0	592	15	496	23433	146	0	412	386	78	98	180	316	98	3718	796	0	0	0	0	19	0	50	0	73	166	30	618852049927019	18918	5374	
C:\Data\ITRAX\ARD_Aug 2013_Mo-tube_Reanalysed_USE\ARD1B\XRF data\L000284.spe	568.04	7.55	1	0.018310	-0.003173	0.009822	0.093737	15874.10352	1.37	0	0	29	25	55	0	53	62	2862	0	683	0	440	24051	220	0	277	353	43	184	110	456	0	3717	898	0	0	0	25	10	7	0	0	25	63	8	264854367649975	19371	5599	
C:\Data\ITRAX\ARD_Aug 2013_Mo-tube_Reanalysed_USE\ARD1B\XRF data\L000285.spe	570.04	7.55	1	0.018310	-0.003173	0.009822	0.093737	15700.11133	1.33	0	4	13	24	54	4	51	85	2775	9	568	11	419	22684	261	0	291	322	0	13	123	282	147	3828	869	0	0	0	0	0	0	93	67	18	21	0	485992182699678	19173	5393	
C:\Data\ITRAX\ARD_Aug 2013_Mo-tube_Reanalysed_USE\ARD1B\XRF data\L000286.spe	572.04	7.55	1	0.018310	-0.003173	0.009822	0.093737	15940.19824	1.39	19	16	38	11	60	0	45	87	2784	0	620	0	381	27031	302	0	281	263	0	30	104	319	53	3525	824	0	0	0	0	0	0	70	41	76	53	15	0	18712	5294	
C:\Data\ITRAX\ARD_Aug 2013_Mo-tube_Reanalysed_USE\ARD1B\XRF data\L000287.spe	574.04	7.55	1	0.018310	-0.003173	0.009822	0.093737	15691.41309	1.33	29	15	59	18	47	0	48	96	2944	12	664	22	409	27728	177	0	291	395	41	21	152	316	187	3488	1000	0	0	0	41	29	0	0	87	37	191	9	655779694256412	17580	5094	
C:\Data\ITRAX\ARD_Aug 2013_Mo-tube_Reanalysed_USE\ARD1B\XRF data\L000288.spe	576.04	7.63	1	0.018310	-0.003173	0.009822	0.093737	12808.55762	1.20	13	18	17	17	51	7	39	65	2049	0	424	5	344	15570	161	0	239	356	66	56	56	259	27	3050	715	0	0	6	0	39	0	49	0	9	55	20	0	16295	4811	
C:\Data\ITRAX\ARD_Aug 2013_Mo-tube_Reanalysed_USE\ARD1B\XRF data\L000289.spe	578.04	7.64	1	0.018310	-0.003173	0.009822	0.093737	13688.61230	1.46	0	0	16	6	32	0	69	66	2230	8	472	31	367	17400	159	0	203	425	0	157	78	234	0	3245	791	20	0	25	25	0	21	18	0	13	68	11	1144207520439548	16953	5072	
C:\Data\ITRAX\ARD_Aug 2013_Mo-tube_Reanalysed_USE\ARD1B\XRF data\L000290.spe	580.04	7.64	1	0.018310	-0.003173	0.009822	0.093737	12988.04883	1.32	0	0	15	7	39	0	50	51	2447	0	525	15	377	18823	105	0	283	353	15	84	49	267	50	2870	628	9	0	12	0	66	47	79	0	37	77	12	0	15074	4443	
C:\Data\ITRAX\ARD_Aug 2013_Mo-tube_Reanalysed_USE\ARD1B\XRF data\L000291.spe	582.04	7.65	1	0.018310	-0.003173	0.009822	0.093737	11116.54199	1.16	0	0	21	17	31	0	76	62	1796	0	397	5	268	16951	167	0	207	178	8	27	119	161	16	2402	726	0	0	0	11	8	0	10	26	0	78	0	1992361851935090	12976	3929	
C:\Data\ITRAX\ARD_Aug 2013_Mo-tube_Reanalysed_USE\ARD1B\XRF data\L000292.spe	584.04	7.65	1	0.018310	-0.003173	0.009822	0.093737	13066.14355	1.32	6	0	24	8	45	18	40	63	2180	11	489	30	315	19822	233	0	244	260	43	107	197	259	6	3076	711	17	0	0	0	0	0	0	0	0	35	0	0	15152	4686	
C:\Data\ITRAX\ARD_Aug 2013_Mo-tube_Reanalysed_USE\ARD1B\XRF data\L000293.spe	586.04	7.66	1	0.018310	-0.003173	0.009822	0.093737	14202.08496	1.35	24	28	31	29	58	13	35	64	2274	0	601	26	337	23453	168	0	216	221	0	50	107	243	0	3186	846	0	0	0	32	59	8	4	59	24	87	0	0	16269	4746	
C:\Data\ITRAX\ARD_Aug 2013_Mo-tube_Reanalysed_USE\ARD1B\XRF data\L000294.spe	588.04	7.66	1	0.018310	-0.003173	0.009822	0.093737	14914.65137	1.41	19	17	33	15	40	18	42	70	2770	0	725	44	413	27826	232	0	246	276	44	6	85	289	95	3071	808	0	0	0	0	6	8	52	74	41	91	22	0	16718	5007	
C:\Data\ITRAX\ARD_Aug 2013_Mo-tube_Reanalysed_USE\ARD1B\XRF data\L000295.spe	590.04	7.67	1	0.018310	-0.003173	0.009822	0.093737	14958.54785	1.57	0	0	37	17	43	0	45	52	2561	0	657	21	407	26657	94	0	254	269	27	43	154	302	0	3070	916	0	0	19	26	34	0	8	55	0	165	10	0	17312	5204	
C:\Data\ITRAX\ARD_Aug 2013_Mo-tube_Reanalysed_USE\ARD1B\XRF data\L000296.spe	592.04	7.69	1	0.018310	-0.003173	0.009822	0.093737	15184.63770	1.40	0	9	47	34	68	8	54	96	2653	0	653	28	409	26598	335	0	283	286	6	47	65	222	0	3144	879	10	0	12	14	0	5	63	45	50	24	0	0	17380	5346	
C:\Data\ITRAX\ARD_Aug 2013_Mo-tube_Reanalysed_USE\ARD1B\XRF data\L000297.spe	594.04	7.70	1	0.018310	-0.003173	0.009822	0.093737	15140.94141	1.42	22	18	28	37	36	0	34	82	2927	0	708	8	458	26987	88	0	200	296	0	20	125	290	92	3351	798	0	0	0	30	27	23	19	34	65	165	0	140909354430720	16901	5091	
C:\Data\ITRAX\ARD_Aug 2013_Mo-tube_Reanalysed_USE\ARD1B\XRF data\L000298.spe	596.04	7.70	1	0.018310	-0.003173	0.009822	0.093737	15269.53320	1.28	10	0	53	23	56	8	28	78	3125	0	656	26	487	27158	268	0	279	345	34	42	0	311	63	3639	797	6	0	0	0	24	11	105	53	30	89	0	0	16957	4972	
C:\Data\ITRAX\ARD_Aug 2013_Mo-tube_Reanalysed_USE\ARD1B\XRF data\L000299.spe	598.04	7.70	1	0.018310	-0.003173	0.009822	0.093737	15804.30566	1.42	10	12	43	31	34	0	38	102	3192	5	676	20	512	29942	165	0	344	322	13	32	164	312	24	3633	1011	0	0	4	0	24	26	67	10	24	121	0	1290891112061961	17640	5243	
C:\Data\ITRAX\ARD_Aug 2013_Mo-tube_Reanalysed_USE\ARD1B\XRF data\L000300.spe	600.04	7.70	1	0.018310	-0.003173	0.009822	0.093737	15547.31934	1.37	9	0	41	28	42	0	12	102	3486	0	665	0	550	25720	238	0	382	456	0	0	133	342	66	4022	953	0	0	0	23	17	30	5	94	57	115	0	0	17770	5387	
C:\Data\ITRAX\ARD_Aug 2013_Mo-tube_Reanalysed_USE\ARD1B\XRF data\L000301.spe	602.04	7.72	1	0.018310	-0.003173	0.009822	0.093737	14954.04785	1.33	8	0	31	9	57	0	35	113	3290	0	651	24	504	26308	241	12	312	420	0	0	74	255	35	3383	792	0	0	10	13	0	67	38	64	48	57	4	573861781552054	16564	5112	
C:\Data\ITRAX\ARD_Aug 2013_Mo-tube_Reanalysed_USE\ARD1B\XRF data\L000302.spe	604.04	7.73	1	0.018310	-0.003173	0.009822	0.093737	14734.16113	1.36	0	0	14	4	44	0	62	93	2746	0	788	27	423	25174	200	0	265	319	41	0	78	187	34	3164	874	8	0	0	0	15	0	72	73	14	90	20	0	16559	5056	
C:\Data\ITRAX\ARD_Aug 2013_Mo-tube_Reanalysed_USE\ARD1B\XRF data\L000303.spe	606.04	7.72	1	0.018310	-0.003173	0.009822	0.093737	15034.84277	1.42	5	14	24	21	36	6	50	107	3045	0	804	24	474	28557	231	0	182	209	10	20	61	148	0	3005	722	0	0	6	0	18	0	9	37	27	38	0	110362568977111	16557	5237	
C:\Data\ITRAX\ARD_Aug 2013_Mo-tube_Reanalysed_USE\ARD1B\XRF data\L000304.spe	608.04	7.73	1	0.018310	-0.003173	0.009822	0.093737	14740.66113	1.30	21	31	34	33	34	8	83	92	2557	0	632	13	403	23199	206	0	232	221	64	31	28	217	106	3042	849	0	0	6	0	0	0	50	0	114	118	7	0	17695	5306	
C:\Data\ITRAX\ARD_Aug 2013_Mo-tube_Reanalysed_USE\ARD1B\XRF data\L000305.spe	610.04	7.73	1	0.018310	-0.003173	0.009822	0.093737	14045.19336	1.29	0	0	10	8	27	0	76	74	2388	0	611	25	416	22283	179	0	242	301	0	0	115	133	0	2729	727	4	0	0	26	11	46	17	59	57	95	7	505465428956358	16480	4858	
C:\Data\ITRAX\ARD_Aug 2013_Mo-tube_Reanalysed_USE\ARD1B\XRF data\L000306.spe	612.04	7.74	1	0.018310	-0.003173	0.009822	0.093737	13525.32227	1.41	14	19	47	29	49	13	67	53	2249	0	656	30	339	23263	125	0	165	202	11	81	114	216	0	2505	821	11	0	14	0	34	36	37	0	91	59	0	182308928850517	15249	4789	
C:\Data\ITRAX\ARD_Aug 2013_Mo-tube_Reanalysed_USE\ARD1B\XRF data\L000307.spe	614.04	7.73	1	0.018310	-0.003173	0.009822	0.093737	13329.02930	1.34	0	0	28	18	26	13	70	59	1833	0	545	26	305	21071	124	28	188	244	0	107	97	194	56	2541	640	0	0	5	23	24	81	51	16	92	100	0	883456865553813	15873	4954	
C:\Data\ITRAX\ARD_Aug 2013_Mo-tube_Reanalysed_USE\ARD1B\XRF data\L000308.spe	616.04	7.72	1	0.018310	-0.003173	0.009822	0.093737	12983.84668	1.32	0	8	16	9	9	4	56	47	1715	0	549	21	297	21122	125	0	136	141	92	78	84	191	86	2260	854	0	0	0	0	0	0	39	0	113	78	0	0	15871	4938	
C:\Data\ITRAX\ARD_Aug 2013_Mo-tube_Reanalysed_USE\ARD1B\XRF data\L000309.spe	618.04	7.68	1	0.018310	-0.003173	0.009822	0.093737	13356.33008	1.24	10	0	36	20	26	0	47	81	2026	0	762	20	350	24469	221	0	136	158	0	42	122	200	5	2265	738	9	0	0	8	0	43	0	8	0	93	0	0	15207	4914	
C:\Data\ITRAX\ARD_Aug 2013_Mo-tube_Reanalysed_USE\ARD1B\XRF data\L000310.spe	620.04	7.68	1	0.018310	-0.003173	0.009822	0.093737	13748.10840	1.26	0	0	39	5	58	0	49	101	2273	0	785	32	433	27093	326	0	118	176	28	14	0	146	0	2087	924	12	0	0	0	13	0	0	14	0	64	5	343158231851095	14965	4854	
C:\Data\ITRAX\ARD_Aug 2013_Mo-tube_Reanalysed_USE\ARD1B\XRF data\L000311.spe	622.04	7.67	1	0.018310	-0.003173	0.009822	0.093737	13885.20215	1.28	8	15	38	7	51	6	56	88	2240	0	794	19	393	26526	107	0	94	158	44	36	79	92	0	2106	814	5	0	0	21	30	15	7	0	55	171	10	1068583634059579	15223	5090	
C:\Data\ITRAX\ARD_Aug 2013_Mo-tube_Reanalysed_USE\ARD1B\XRF data\L000312.spe	624.04	7.67	1	0.018310	-0.003173	0.009822	0.093737	13541.42090	1.30	0	10	28	0	20	0	53	98	2158	0	845	5	376	27402	136	9	103	146	35	145	118	150	25	2016	800	0	0	0	8	20	19	19	0	81	163	0	319436416716849	14635	4814	
C:\Data\ITRAX\ARD_Aug 2013_Mo-tube_Reanalysed_USE\ARD1B\XRF data\L000313.spe	626.04	7.67	1	0.018310	-0.003173	0.009822	0.093737	13612.71582	1.33	8	0	30	0	42	7	41	115	2234	8	850	19	420	28680	152	0	89	124	0	195	46	191	72	1973	966	0	0	0	0	16	40	54	0	87	132	0	980574092093410	14326	4965	
C:\Data\ITRAX\ARD_Aug 2013_Mo-tube_Reanalysed_USE\ARD1B\XRF data\L000314.spe	628.04	7.67	1	0.018310	-0.003173	0.009822	0.093737	13685.91113	1.25	15	0	45	7	32	9	48	99	2436	0	922	43	375	29809	240	0	104	162	9	35	83	69	126	2052	948	9	0	0	0	34	45	0	16	84	117	15	0	13922	4782	
C:\Data\ITRAX\ARD_Aug 2013_Mo-tube_Reanalysed_USE\ARD1B\XRF data\L000315.spe	630.04	7.68	1	0.018310	-0.003173	0.009822	0.093737	14327.97852	1.43	11	25	60	25	32	19	51	119	2576	0	928	30	448	31107	206	0	76	185	0	100	20	176	0	2206	836	0	0	0	22	16	38	54	0	93	140	0	712887603395832	14908	5071	
C:\Data\ITRAX\ARD_Aug 2013_Mo-tube_Reanalysed_USE\ARD1B\XRF data\L000316.spe	632.04	7.65	1	0.018310	-0.003173	0.009822	0.093737	13974.29688	1.34	0	15	47	9	34	17	64	82	2315	0	904	27	423	28899	169	0	149	152	80	59	11	142	0	2149	857	0	0	0	0	70	0	28	0	65	150	0	0	15148	5079	
C:\Data\ITRAX\ARD_Aug 2013_Mo-tube_Reanalysed_USE\ARD1B\XRF data\L000317.spe	634.04	7.65	1	0.018310	-0.003173	0.009822	0.093737	14089.99219	1.41	15	11	38	9	47	0	37	65	2258	0	919	10	440	28788	174	0	118	171	106	46	124	212	35	2198	855	0	0	0	0	17	20	48	19	0	170	0	0	14781	4837	
C:\Data\ITRAX\ARD_Aug 2013_Mo-tube_Reanalysed_USE\ARD1B\XRF data\L000318.spe	636.04	7.64	1	0.018310	-0.003173	0.009822	0.093737	13527.91992	1.34	11	0	31	0	15	6	43	75	2160	0	866	33	410	27869	338	0	98	164	0	54	105	110	43	1853	748	0	0	0	0	43	44	61	0	86	5	0	0	14133	4979	
C:\Data\ITRAX\ARD_Aug 2013_Mo-tube_Reanalysed_USE\ARD1B\XRF data\L000319.spe	638.20	7.62	1	0.018310	-0.003173	0.009822	0.093737	8745.75977	1.20	0	7	0	12	6	5	75	21	267	0	151	0	54	6145	69	0	32	65	82	23	87	81	10	1448	807	0	0	4	14	17	0	16	41	37	11	0	0	12393	4354	
C:\Data\ITRAX\ARD_Aug 2013_Mo-tube_Reanalysed_USE\ARD1B\XRF data\L000320.spe	640.04	7.59	1	0.018310	-0.003173	0.009822	0.093737	7302.33398	1.22	0	0	0	0	4	0	81	0	0	0	0	0	10	612	52	0	16	25	9	20	29	34	106	1326	758	0	0	0	0	0	0	12	13	0	0	0	558831554593190	10712	4073	
C:\Data\ITRAX\ARD_Aug 2013_Mo-tube_Reanalysed_USE\ARD1B\XRF data\L000321.spe	642.10	7.59	1	0.018310	-0.003173	0.009822	0.093737	6961.04980	1.04	16	23	11	14	13	0	76	0	4	0	0	6	0	220	32	9	13	10	0	0	0	15	54	1238	566	0	0	5	0	8	22	17	60	0	0	4	0	10709	4023	
C:\Data\ITRAX\ARD_Aug 2013_Mo-tube_Reanalysed_USE\ARD1B\XRF data\L000322.spe	644.04	7.76	1	0.018310	-0.003173	0.009822	0.093737	6106.49414	1.01	5	0	18	0	4	0	59	0	0	0	0	0	0	152	0	0	10	9	0	0	0	67	0	1159	569	0	0	0	13	7	12	13	38	0	0	0	0	9033	3538	
C:\Data\ITRAX\ARD_Aug 2013_Mo-tube_Reanalysed_USE\ARD1B\XRF data\L000323.spe	646.20	7.89	1	0.018310	-0.003173	0.009822	0.093737	5771.41016	0.97	6	15	0	0	9	0	82	0	0	0	0	5	0	114	15	0	9	4	27	0	15	32	55	1067	725	0	0	0	0	4	0	0	11	0	0	0	754939312336697	8599	3299	
C:\Data\ITRAX\ARD_Aug 2013_Mo-tube_Reanalysed_USE\ARD1B\XRF data\L000324.spe	648.10	7.92	1	0.018310	-0.003173	0.009822	0.093737	6805.25781	1.07	11	13	18	12	19	38	79	0	10	5	0	0	0	159	19	5	0	24	0	0	0	0	0	1078	696	0	0	0	18	10	18	13	63	0	0	18	0	10241	3865	
C:\Data\ITRAX\ARD_Aug 2013_Mo-tube_Reanalysed_USE\ARD1B\XRF data\L000325.spe	650.20	7.97	1	0.018310	-0.003173	0.009822	0.093737	5900.20410	1.64	0	0	0	0	6	1109	81	0	25	0	5	5	17	201	6	0	10	136	29	0	18	0	0	177	505	0	0	4	4	0	0	0	248	0	6	0	0	9128	2399	