Date:	4/26/2013		Time:	10:48 AM		Version no:	0.00		Project name:	55		Sample name:	222		Section name:	section		Position	0.000000	mm	E0	0.000000	keV	E1	1.000000	keV/channel	sample surface	2.000000	cm	Tube anode:	Cr		Tube voltage:	30	kV	Tube current:	30	mA	gain	0		std. database			resultfile	result		matrix element	11		sample thickness	1.000000		air passage	0.560000	cm	comments	not in position		peaking_time	3.000000	m-sec	trigger_threshold	1229.166667	V	mca_bin_width	22.090000	no:	number_mca_channels	1024.000000	no:	gap_time	0.400000	m-sec	trigger_peaking_time	0.150000	m-sec	GAINDAC	9455		HIGHGAIN	1		TAURC	0		RCTAU	53		RCTAUFRAC	32768		livetime	9.995245	seconds	runtime	10.000502	seconds	input_count_rate	681.323983	cps	output_count_rate	644.867602	cps	triggers	6810	seconds	events_in_run	6449	seconds	channel	content		1	0
2	0
3	0
4	0
5	0
6	0
7	0
8	0
9	0
10	0
11	0
12	0
13	0
14	0
15	0
16	0
17	0
18	0
19	0
20	0
21	0
22	0
23	0
24	0
25	0
26	0
27	0
28	0
29	0
30	0
31	1454
32	1680
33	1813
34	2053
35	2243
36	2508
37	2751
38	3161
39	3474
40	3798
41	4198
42	4617
43	4916
44	5445
45	5652
46	6124
47	6352
48	6694
49	6850
50	7089
51	7397
52	7758
53	7946
54	8268
55	8336
56	8287
57	8543
58	8756
59	8925
60	9194
61	9466
62	9790
63	10057
64	10378
65	10885
66	11081
67	11128
68	11045
69	10786
70	10856
71	10646
72	10582
73	11155
74	11567
75	13167
76	15099
77	17673
78	21423
79	24791
80	27893
81	29893
82	30736
83	31454
84	30983
85	31160
86	32837
87	38702
88	49494
89	67985
90	94992
91	129288
92	166901
93	201060
94	224849
95	233975
96	223610
97	200399
98	169412
99	136525
100	108009
101	88325
102	77035
103	72467
104	71361
105	71823
106	70698
107	66782
108	61138
109	53215
110	44684
111	36743
112	31093
113	26842
114	24980
115	24963
116	27710
117	33099
118	42717
119	57370
120	78987
121	105215
122	136498
123	166419
124	191237
125	204210
126	203699
127	189623
128	165257
129	135861
130	107495
131	82577
132	63226
133	50155
134	41158
135	35249
136	30333
137	27804
138	25415
139	24007
140	23491
141	23006
142	23304
143	24016
144	24625
145	25986
146	27120
147	29289
148	30657
149	32427
150	34334
151	36770
152	41003
153	48042
154	60200
155	77998
156	102604
157	129496
158	158427
159	182835
160	197436
161	198878
162	189508
163	167765
164	140952
165	114062
166	90752
167	73800
168	65790
169	67142
170	78828
171	104552
172	146925
173	211758
174	302803
175	416591
176	548938
177	684205
178	799146
179	877452
180	895922
181	856721
182	766365
183	643142
184	513378
185	392862
186	299587
187	242003
188	222060
189	246229
190	327867
191	484606
192	742422
193	1135473
194	1687422
195	2399167
196	3232441
197	4103510
198	4896337
199	5465556
200	5695374
201	5541385
202	5040400
203	4280523
204	3399876
205	2529112
206	1779070
207	1197706
208	789949
209	541715
210	422837
211	397585
212	442929
213	535561
214	647410
215	764852
216	857575
217	911165
218	908776
219	854491
220	754558
221	627864
222	493130
223	368227
224	262191
225	182768
226	128015
227	91818
228	69668
229	58388
230	53940
231	55014
232	63417
233	80794
234	115040
235	174567
236	270544
237	416032
238	615731
239	873175
240	1172658
241	1483523
242	1762892
243	1968066
244	2063654
245	2028093
246	1868619
247	1619191
248	1318580
249	1015418
250	744308
251	522864
252	358989
253	246275
254	174574
255	132639
256	112012
257	106110
258	111011
259	125135
260	151771
261	187162
262	232854
263	284180
264	334182
265	379884
266	413249
267	426776
268	420214
269	394800
270	354830
271	311226
272	268827
273	232936
274	211171
275	203916
276	215400
277	242126
278	287899
279	352878
280	441243
281	554367
282	700976
283	888335
284	1127583
285	1428648
286	1804315
287	2247013
288	2746599
289	3271067
290	3750109
291	4132275
292	4338184
293	4338359
294	4113323
295	3690957
296	3134502
297	2526033
298	1933845
299	1409608
300	992237
301	682383
302	470371
303	335726
304	258631
305	221620
306	209837
307	214213
308	229280
309	252344
310	284296
311	322606
312	368820
313	422733
314	486865
315	560241
316	640163
317	723689
318	801823
319	865010
320	906360
321	907281
322	875122
323	804153
324	705907
325	592422
326	474138
327	365658
328	272014
329	199423
330	149030
331	119013
332	109360
333	122712
334	166060
335	252866
336	403578
337	649440
338	1014383
339	1531640
340	2202728
341	3014044
342	3906669
343	4802038
344	5586047
345	6136850
346	6383910
347	6260475
348	5815099
349	5110959
350	4251153
351	3351548
352	2509556
353	1791690
354	1224310
355	808513
356	523591
357	339015
358	225130
359	159333
360	121680
361	99427
362	87353
363	79467
364	75163
365	72984
366	72261
367	74264
368	78665
369	87677
370	104522
371	130518
372	169969
373	228769
374	308452
375	412572
376	539515
377	678607
378	820508
379	949395
380	1045863
381	1098610
382	1095727
383	1040489
384	939017
385	805242
386	660432
387	516034
388	386255
389	280113
390	197361
391	138412
392	98608
393	72402
394	56981
395	47676
396	43178
397	40621
398	39449
399	38943
400	38293
401	37857
402	37566
403	36903
404	36760
405	35818
406	35255
407	34299
408	34017
409	33369
410	33422
411	32977
412	32973
413	32354
414	32596
415	32908
416	33061
417	32924
418	32935
419	33317
420	32994
421	33521
422	34104
423	34168
424	35224
425	36368
426	37990
427	40213
428	42543
429	46304
430	50443
431	54212
432	58392
433	61040
434	63224
435	64257
436	64116
437	62789
438	60510
439	58007
440	55118
441	53003
442	50722
443	49365
444	48008
445	46979
446	46201
447	46349
448	46102
449	46404
450	46253
451	46989
452	47369
453	46937
454	47914
455	48195
456	48667
457	49547
458	50432
459	52058
460	54135
461	56629
462	59927
463	63181
464	66035
465	68603
466	69660
467	70590
468	69871
469	68929
470	66381
471	64262
472	62410
473	60641
474	59254
475	58603
476	58532
477	58474
478	59009
479	59621
480	60659
481	61485
482	61807
483	62413
484	63099
485	63299
486	64103
487	64741
488	65221
489	65642
490	66336
491	67427
492	68048
493	69121
494	69482
495	70935
496	71144
497	72051
498	73007
499	73349
500	73216
501	73625
502	73931
503	74047
504	73465
505	73489
506	73817
507	73736
508	73916
509	74241
510	75312
511	75858
512	76861
513	78250
514	78916
515	80285
516	81005
517	81790
518	82329
519	82998
520	83127
521	83670
522	83387
523	83077
524	83155
525	83069
526	82810
527	82591
528	83019
529	83080
530	82959
531	83952
532	84949
533	85502
534	86598
535	87221
536	87946
537	89381
538	89870
539	91405
540	92342
541	93247
542	93851
543	94749
544	95457
545	95986
546	95707
547	95855
548	95185
549	95102
550	95489
551	94230
552	94797
553	93843
554	95116
555	94604
556	94964
557	95722
558	95657
559	97042
560	97995
561	98486
562	99777
563	100023
564	101417
565	102569
566	103481
567	104302
568	104556
569	105157
570	105672
571	106217
572	106832
573	106899
574	106155
575	106809
576	107152
577	107754
578	107931
579	109301
580	109202
581	110603
582	111368
583	112392
584	112775
585	113469
586	114604
587	114869
588	115497
589	115347
590	116134
591	115953
592	116229
593	115974
594	116019
595	115979
596	116656
597	117101
598	117393
599	116922
600	117650
601	118830
602	119512
603	119308
604	120635
605	120988
606	121259
607	122113
608	122747
609	124058
610	123605
611	124674
612	124512
613	125605
614	125806
615	126371
616	126586
617	127821
618	128282
619	128602
620	128745
621	130564
622	131070
623	132051
624	132679
625	132663
626	133353
627	134195
628	135607
629	136874
630	137149
631	139144
632	141145
633	141675
634	142940
635	146067
636	147406
637	148981
638	150851
639	152219
640	153451
641	154876
642	155182
643	155491
644	154674
645	153624
646	152082
647	150637
648	148255
649	147372
650	146440
651	145277
652	144463
653	144178
654	143456
655	144282
656	143295
657	144615
658	144920
659	144999
660	145697
661	146328
662	147010
663	147525
664	147854
665	148192
666	148835
667	149585
668	149649
669	150792
670	151463
671	151266
672	151210
673	152224
674	152750
675	153415
676	153320
677	154100
678	154734
679	155013
680	155680
681	156100
682	157126
683	157237
684	157998
685	158495
686	159934
687	159803
688	160796
689	161071
690	161628
691	163219
692	162611
693	163922
694	163169
695	163253
696	163081
697	162326
698	163096
699	162595
700	162920
701	162677
702	162361
703	162834
704	163086
705	163239
706	164085
707	164230
708	164770
709	164292
710	166524
711	166852
712	168421
713	169861
714	170905
715	172313
716	173601
717	174890
718	177146
719	178085
720	178910
721	179982
722	180057
723	179875
724	180316
725	179315
726	178136
727	177126
728	175761
729	174935
730	174110
731	172893
732	173097
733	172755
734	171528
735	171006
736	172153
737	171533
738	171925
739	172032
740	172006
741	172486
742	172947
743	172887
744	172689
745	172663
746	174171
747	174620
748	175969
749	178089
750	180897
751	184244
752	189667
753	195563
754	203141
755	212918
756	224423
757	237271
758	249506
759	262677
760	273469
761	283459
762	290528
763	293883
764	292869
765	288554
766	280909
767	270364
768	258263
769	244670
770	232601
771	220423
772	208440
773	199755
774	192929
775	187473
776	183122
777	179996
778	177532
779	176124
780	175708
781	175248
782	174627
783	174822
784	173694
785	173233
786	173861
787	173423
788	173075
789	174174
790	173375
791	172923
792	173273
793	173808
794	173548
795	174720
796	174705
797	174481
798	175613
799	176390
800	176883
801	178179
802	178553
803	180367
804	179592
805	180199
806	180683
807	181250
808	180981
809	179336
810	178694
811	178401
812	177544
813	176792
814	175376
815	174949
816	174860
817	173723
818	173734
819	173721
820	173281
821	172455
822	172664
823	172873
824	172581
825	172792
826	172468
827	171988
828	172567
829	171766
830	170983
831	172243
832	172117
833	171586
834	172234
835	172475
836	173091
837	175069
838	175190
839	177153
840	178851
841	182745
842	184622
843	188855
844	192658
845	196896
846	200690
847	205447
848	208523
849	212070
850	212562
851	215796
852	215653
853	214088
854	211625
855	209482
856	204593
857	200641
858	195545
859	191930
860	187030
861	183447
862	179658
863	177098
864	174913
865	172859
866	172739
867	170713
868	170239
869	169503
870	168959
871	168517
872	167180
873	167480
874	166813
875	166284
876	165800
877	165087
878	164184
879	164422
880	165206
881	164613
882	164027
883	164115
884	163796
885	162660
886	163386
887	163102
888	163293
889	162485
890	162797
891	162369
892	162635
893	162992
894	161969
895	162778
896	161844
897	162496
898	162193
899	161589
900	161716
901	161331
902	161462
903	160953
904	160501
905	160120
906	159330
907	159181
908	159949
909	158614
910	159120
911	158749
912	157361
913	157765
914	156810
915	156883
916	156634
917	156971
918	156226
919	155702
920	155054
921	155983
922	156503
923	155052
924	156118
925	155231
926	156519
927	157072
928	157310
929	157597
930	160101
931	161692
932	164413
933	166053
934	169094
935	172047
936	173902
937	177251
938	178988
939	181489
940	182476
941	183353
942	182762
943	181613
944	180775
945	177732
946	175896
947	173295
948	170673
949	167072
950	164468
951	162633
952	160323
953	157297
954	155207
955	154520
956	152867
957	150931
958	150723
959	148979
960	148510
961	147033
962	146553
963	145406
964	145306
965	144971
966	144053
967	143771
968	144214
969	143664
970	142783
971	142275
972	142341
973	141878
974	140617
975	140681
976	140517
977	140346
978	139126
979	139332
980	138943
981	138640
982	137344
983	137997
984	138334
985	137052
986	136242
987	136470
988	136287
989	136402
990	135377
991	135101
992	134986
993	134243
994	134549
995	134091
996	132882
997	132855
998	133328
999	132941
1000	131444
1001	132071
1002	130844
1003	131162
1004	130595
1005	129665
1006	130191
1007	128894
1008	129944
1009	128968
1010	128857
1011	128610
1012	128055
1013	127825
1014	127264
1015	126949
1016	125952
1017	125782
1018	125701
1019	126105
1020	125685
1021	125396
1022	124920
1023	123546
1024	123409
