C:\Data\ITRAX\YAN_Aug 2013_Mo-Tube_Reanalysed_USE\2 mm data\YAN8B2\2\XRF data     07/08/2013  re-evaluated data
peakarea
filename	position (mm)	sample surface	validity	E-gain	E-offset	F-slope	F-offset	kcps	MSE	Mg	Al	Si	P	S	Cl	Ar	K	Ca	Sc	Ti	V	Cr	Mn	Fe	Co	Ni	Cu	Zn	Ga	As	Se	Br	Rb	Sr	Y	Zr	Sn	Cs	Ba	Ta	W	Ir	Pt	Au	Hg	Pb	Th	U	D1	S1	S2	S3	Mo inc	Mo coh	
C:\Data\ITRAX\YAN_Aug 2013_Mo-Tube_Reanalysed_USE\2 mm data\YAN8B2\2\XRF data\L000000.spe	1.55	7.09	1	0.017892	-0.007645	0.007639	0.122432	1625.71899	0.84	12	0	0	0	6	6	72	0	5	0	0	0	9	0	39	0	0	8	0	0	0	0	18	9	28	15	77	0	4	4	7	26	0	17	0	0	42	0	14	0	0	0	0	2123	442	
C:\Data\ITRAX\YAN_Aug 2013_Mo-Tube_Reanalysed_USE\2 mm data\YAN8B2\2\XRF data\L000001.spe	3.54	7.13	1	0.017891	-0.007645	0.007639	0.122432	2954.35205	0.99	4	0	0	0	15	0	92	0	0	0	0	0	0	9	230	36	0	17	7	0	22	0	0	51	128	76	190	5	0	0	0	22	0	29	0	21	0	26	45	7	0	0	1053959373707028	4208	1590	
C:\Data\ITRAX\YAN_Aug 2013_Mo-Tube_Reanalysed_USE\2 mm data\YAN8B2\2\XRF data\L000002.spe	5.49	7.13	1	0.017892	-0.007645	0.007639	0.122432	3538.72192	1.11	8	5	9	13	6	0	90	7	0	0	12	0	11	0	152	31	0	12	11	0	0	35	18	43	179	54	310	0	0	0	11	20	4	5	0	0	18	29	46	0	0	0	0	4663	1837	
C:\Data\ITRAX\YAN_Aug 2013_Mo-Tube_Reanalysed_USE\2 mm data\YAN8B2\2\XRF data\L000003.spe	7.48	7.13	1	0.017892	-0.007645	0.007636	0.122432	10399.97754	1.31	0	14	17	7	19	0	71	155	309	0	336	42	7	85	15509	83	0	102	122	10	109	38	0	198	817	41	527	0	0	0	47	102	45	5	12	14	0	20	0	18	52	17	0	11652	4552	
C:\Data\ITRAX\YAN_Aug 2013_Mo-Tube_Reanalysed_USE\2 mm data\YAN8B2\2\XRF data\L000004.spe	9.53	7.13	1	0.017892	-0.007645	0.007636	0.122432	11604.11816	1.45	0	11	21	5	0	0	16	234	511	13	479	60	31	162	22391	154	0	86	136	0	0	14	0	185	815	44	489	0	0	0	46	133	66	75	50	50	69	18	36	15	35	11	0	11583	4545	
C:\Data\ITRAX\YAN_Aug 2013_Mo-Tube_Reanalysed_USE\2 mm data\YAN8B2\2\XRF data\L000005.spe	11.48	7.39	1	0.017892	-0.007645	0.007636	0.122432	17231.03516	1.42	0	0	32	14	0	0	45	528	1501	0	1152	118	53	353	54201	282	11	189	193	0	6	51	0	264	882	90	474	0	0	11	98	209	141	57	37	13	0	25	0	76	174	0	120811002396905	12857	4821	
C:\Data\ITRAX\YAN_Aug 2013_Mo-Tube_Reanalysed_USE\2 mm data\YAN8B2\2\XRF data\L000006.spe	13.53	7.40	1	0.017892	-0.007645	0.007636	0.122432	16586.56641	1.50	9	21	39	0	0	0	55	405	1563	0	971	117	60	341	48065	131	0	111	306	0	17	79	0	269	880	141	651	0	0	0	76	111	91	24	31	16	41	32	0	0	255	0	545899337898961	14014	4982	
C:\Data\ITRAX\YAN_Aug 2013_Mo-Tube_Reanalysed_USE\2 mm data\YAN8B2\2\XRF data\L000007.spe	15.48	7.38	1	0.017892	-0.007645	0.007636	0.122432	11598.21680	1.36	0	0	28	14	18	11	57	162	262	0	360	51	12	112	19928	132	9	65	105	44	26	90	29	203	839	106	612	0	9	7	43	86	23	4	0	10	0	33	97	38	19	0	2401463319545494	13123	4626	
C:\Data\ITRAX\YAN_Aug 2013_Mo-Tube_Reanalysed_USE\2 mm data\YAN8B2\2\XRF data\L000008.spe	17.52	7.28	1	0.017892	-0.007645	0.007636	0.122432	6923.35303	1.44	9	39	11	26	28	22	101	24	50	0	14	12	0	13	1458	24	0	26	32	0	22	39	30	135	594	138	385	0	0	6	21	65	19	16	0	0	0	0	33	105	0	11	3099612795876514	9994	3783	
C:\Data\ITRAX\YAN_Aug 2013_Mo-Tube_Reanalysed_USE\2 mm data\YAN8B2\2\XRF data\L000009.spe	19.47	7.15	1	0.017892	-0.007645	0.007636	0.122432	8393.47852	1.55	13	15	13	20	27	22	94	16	5	9	7	0	0	0	560	56	0	0	31	0	0	53	0	195	710	110	532	0	0	0	23	33	10	0	0	0	18	49	31	0	0	15	2670824540846092	12479	4667	
C:\Data\ITRAX\YAN_Aug 2013_Mo-Tube_Reanalysed_USE\2 mm data\YAN8B2\2\XRF data\L000010.spe	21.53	6.84	1	0.017892	-0.007645	0.007636	0.122432	14922.95117	1.35	0	34	21	22	42	0	82	103	380	0	292	26	23	61	15800	99	0	23	142	32	0	32	30	259	1228	21	874	10	12	0	35	84	0	66	30	0	50	37	0	7	19	42	0	18486	7002	
C:\Data\ITRAX\YAN_Aug 2013_Mo-Tube_Reanalysed_USE\2 mm data\YAN8B2\2\XRF data\L000011.spe	23.48	6.72	1	0.017892	-0.007645	0.007636	0.122432	21416.52539	1.24	0	0	15	0	0	116	56	348	1539	0	996	56	16	397	51556	177	0	103	285	85	99	0	0	428	1347	64	900	0	0	0	66	179	42	53	0	51	0	53	90	58	237	13	3319351053287809	19919	7007	
C:\Data\ITRAX\YAN_Aug 2013_Mo-Tube_Reanalysed_USE\2 mm data\YAN8B2\2\XRF data\L000012.spe	25.53	6.68	1	0.017892	-0.007645	0.007636	0.122432	20897.15039	1.26	0	19	24	7	18	5	48	377	1153	0	890	95	64	313	49011	140	0	183	281	75	93	72	0	417	1390	201	884	0	0	16	30	185	58	85	70	25	14	88	0	0	331	0	0	19794	7328	
C:\Data\ITRAX\YAN_Aug 2013_Mo-Tube_Reanalysed_USE\2 mm data\YAN8B2\2\XRF data\L000013.spe	27.49	6.66	1	0.017892	-0.007645	0.007636	0.122432	18132.08984	1.26	0	12	44	22	19	9	51	362	630	0	820	87	29	212	37384	258	0	127	155	82	40	12	0	371	1190	91	888	0	0	34	17	141	25	72	0	4	0	0	0	0	79	0	0	18228	6384	
C:\Data\ITRAX\YAN_Aug 2013_Mo-Tube_Reanalysed_USE\2 mm data\YAN8B2\2\XRF data\L000014.spe	29.54	6.65	1	0.017892	-0.007645	0.007636	0.122432	22347.87695	1.22	26	17	10	0	0	0	27	512	1413	0	1424	107	50	436	63952	288	0	166	296	79	79	0	0	299	1054	127	980	0	0	55	44	213	90	130	64	95	12	46	10	47	274	0	0	18528	6579	
C:\Data\ITRAX\YAN_Aug 2013_Mo-Tube_Reanalysed_USE\2 mm data\YAN8B2\2\XRF data\L000015.spe	31.48	6.67	1	0.017892	-0.007645	0.007636	0.122432	18585.06641	1.38	22	0	12	7	5	6	74	346	766	0	944	33	60	283	45616	183	0	41	190	12	129	69	0	251	1075	98	808	0	0	58	92	150	48	23	41	0	8	63	102	47	158	0	0	17127	6033	
C:\Data\ITRAX\YAN_Aug 2013_Mo-Tube_Reanalysed_USE\2 mm data\YAN8B2\2\XRF data\L000016.spe	33.52	6.70	1	0.017892	-0.007645	0.007636	0.122432	21583.41797	1.21	6	6	23	0	0	0	8	457	1115	18	1119	86	44	378	55404	320	0	83	273	0	71	0	0	357	1437	110	875	0	0	67	91	262	100	136	0	123	19	48	68	40	217	0	3544115171239540	18996	6689	
C:\Data\ITRAX\YAN_Aug 2013_Mo-Tube_Reanalysed_USE\2 mm data\YAN8B2\2\XRF data\L000017.spe	35.48	6.74	1	0.017892	-0.007645	0.007636	0.122432	24174.38672	1.13	0	10	0	0	28	0	22	632	1482	0	1336	142	74	418	65415	403	0	451	266	98	0	0	0	366	1491	118	950	5	0	76	86	229	84	66	61	60	59	55	0	80	297	0	1346931369374736	20650	7301	
C:\Data\ITRAX\YAN_Aug 2013_Mo-Tube_Reanalysed_USE\2 mm data\YAN8B2\2\XRF data\L000018.spe	37.53	6.77	1	0.017892	-0.007645	0.007636	0.122432	20195.38477	1.24	8	0	14	27	10	0	46	410	2060	20	909	84	76	422	47287	211	0	89	186	119	128	0	0	330	1438	0	810	5	0	27	39	149	32	58	101	48	0	80	0	0	169	0	3621055926435546	18351	6957	
C:\Data\ITRAX\YAN_Aug 2013_Mo-Tube_Reanalysed_USE\2 mm data\YAN8B2\2\XRF data\L000019.spe	39.48	6.78	1	0.017892	-0.007645	0.007636	0.122432	19523.81836	1.15	32	27	17	0	16	0	43	414	1669	0	954	44	16	412	48084	435	0	56	190	84	100	56	0	290	1241	170	804	7	0	26	67	161	30	49	0	42	0	49	38	137	74	0	3102366271786806	17408	6465	
C:\Data\ITRAX\YAN_Aug 2013_Mo-Tube_Reanalysed_USE\2 mm data\YAN8B2\2\XRF data\L000020.spe	41.53	6.78	1	0.017892	-0.007645	0.007636	0.122432	13018.14746	1.41	7	12	28	0	12	0	57	233	451	0	520	68	17	171	29563	127	0	135	153	50	0	34	0	289	789	98	443	0	0	0	40	153	25	40	0	0	0	20	0	33	79	16	0	12599	4691	
C:\Data\ITRAX\YAN_Aug 2013_Mo-Tube_Reanalysed_USE\2 mm data\YAN8B2\2\XRF data\L000021.spe	43.53	6.77	1	0.017892	-0.007645	0.007636	0.122432	19678.31055	1.31	8	0	45	0	9	0	68	539	1835	0	1193	70	85	349	52448	112	0	95	216	40	39	76	0	365	1175	0	854	0	0	47	84	114	73	81	98	122	10	0	33	59	212	20	0	16699	6416	
C:\Data\ITRAX\YAN_Aug 2013_Mo-Tube_Reanalysed_USE\2 mm data\YAN8B2\2\XRF data\L000022.spe	45.47	6.81	1	0.017892	-0.007645	0.007636	0.122432	17493.52344	1.14	0	0	13	11	15	0	65	320	740	0	664	67	55	126	33254	276	0	50	182	79	45	145	0	314	1164	175	740	0	5	28	51	174	19	58	49	66	26	111	0	0	9	20	0	17737	6308	
C:\Data\ITRAX\YAN_Aug 2013_Mo-Tube_Reanalysed_USE\2 mm data\YAN8B2\2\XRF data\L000023.spe	47.53	6.81	1	0.017892	-0.007645	0.007636	0.122432	24903.95117	1.45	0	0	19	0	0	0	5	569	2551	0	1325	106	18	548	64694	387	0	64	259	88	94	34	0	378	1887	179	868	0	0	45	96	206	97	98	38	84	0	74	58	0	253	0	5478038616173782	21621	7767	
C:\Data\ITRAX\YAN_Aug 2013_Mo-Tube_Reanalysed_USE\2 mm data\YAN8B2\2\XRF data\L000024.spe	49.48	6.83	1	0.017892	-0.007645	0.007636	0.122432	18147.08789	1.36	37	5	34	12	0	0	36	295	776	0	805	67	41	256	42067	129	0	75	179	70	95	54	0	280	1293	218	813	0	0	0	40	172	0	0	0	0	0	36	40	21	193	0	0	17820	6646	
C:\Data\ITRAX\YAN_Aug 2013_Mo-Tube_Reanalysed_USE\2 mm data\YAN8B2\2\XRF data\L000025.spe	51.53	6.81	1	0.017892	-0.007645	0.007636	0.122432	18325.88086	1.28	0	0	32	11	21	0	62	528	751	19	1018	118	56	316	51196	242	0	47	159	93	116	24	0	321	1013	113	790	0	0	30	51	209	28	22	14	43	0	0	59	48	115	9	1662317151061912	15582	5605	
C:\Data\ITRAX\YAN_Aug 2013_Mo-Tube_Reanalysed_USE\2 mm data\YAN8B2\2\XRF data\L000026.spe	53.48	6.79	1	0.017892	-0.007645	0.007636	0.122432	17430.32422	1.40	11	13	0	0	16	14	51	427	2050	0	865	109	45	376	41291	262	0	59	204	51	0	64	0	375	953	137	754	0	0	23	71	138	95	74	59	64	6	32	0	0	60	15	0	15820	5751	
C:\Data\ITRAX\YAN_Aug 2013_Mo-Tube_Reanalysed_USE\2 mm data\YAN8B2\2\XRF data\L000027.spe	55.53	6.77	1	0.017892	-0.007645	0.007636	0.122432	12237.88574	1.42	19	13	36	8	38	0	95	191	641	11	302	23	13	106	16556	152	0	54	140	30	0	79	44	234	1054	190	627	0	4	0	55	115	39	29	31	63	61	75	55	51	0	20	0	14120	5344	
C:\Data\ITRAX\YAN_Aug 2013_Mo-Tube_Reanalysed_USE\2 mm data\YAN8B2\2\XRF data\L000028.spe	57.48	6.72	1	0.017892	-0.007645	0.007636	0.122432	17875.10352	1.29	0	0	21	0	11	0	67	634	794	0	958	68	53	260	46980	288	0	53	177	60	5	87	0	366	1114	148	791	0	0	83	81	163	50	63	27	0	17	74	19	0	89	6	3377651345454830	16207	5863	
C:\Data\ITRAX\YAN_Aug 2013_Mo-Tube_Reanalysed_USE\2 mm data\YAN8B2\2\XRF data\L000029.spe	59.53	6.66	1	0.017892	-0.007645	0.007636	0.122432	15027.54492	1.32	18	0	24	12	19	23	70	422	784	7	761	64	16	222	33320	109	0	233	132	49	63	84	0	323	971	178	627	0	0	11	37	108	37	29	7	44	0	7	0	128	22	17	987333600219612	14086	5559	
C:\Data\ITRAX\YAN_Aug 2013_Mo-Tube_Reanalysed_USE\2 mm data\YAN8B2\2\XRF data\L000030.spe	61.48	6.63	1	0.017892	-0.007645	0.007636	0.122432	20475.87109	1.29	0	0	33	11	18	0	77	785	678	0	1212	120	75	239	50085	0	0	98	124	136	141	158	0	407	1196	200	923	0	0	4	78	208	32	34	0	60	0	0	0	214	286	0	0	18727	6602	
C:\Data\ITRAX\YAN_Aug 2013_Mo-Tube_Reanalysed_USE\2 mm data\YAN8B2\2\XRF data\L000031.spe	63.53	6.64	1	0.017892	-0.007645	0.007636	0.122432	19693.31250	1.33	8	10	32	0	25	0	49	534	543	0	1071	60	51	168	48963	248	0	59	204	0	19	130	0	365	1189	58	720	0	0	45	62	171	121	70	54	38	0	0	0	107	196	0	0	18134	6708	
C:\Data\ITRAX\YAN_Aug 2013_Mo-Tube_Reanalysed_USE\2 mm data\YAN8B2\2\XRF data\L000032.spe	65.48	6.60	1	0.017892	-0.007645	0.007636	0.122432	19822.90625	1.24	0	0	14	0	0	0	51	791	1684	21	1210	117	66	327	49723	225	0	85	277	70	94	110	0	349	1382	188	733	0	0	8	71	184	37	88	83	55	8	0	15	66	103	0	552741837262218	17419	6564	
C:\Data\ITRAX\YAN_Aug 2013_Mo-Tube_Reanalysed_USE\2 mm data\YAN8B2\2\XRF data\L000033.spe	67.52	6.59	1	0.017892	-0.007645	0.007636	0.122432	14484.17285	1.32	18	25	0	6	12	27	72	377	271	0	506	9	14	121	25894	214	0	0	139	17	74	8	0	319	1058	56	597	0	4	65	63	122	59	44	38	19	0	0	0	90	0	27	3312073170572850	15493	5623	
C:\Data\ITRAX\YAN_Aug 2013_Mo-Tube_Reanalysed_USE\2 mm data\YAN8B2\2\XRF data\L000034.spe	69.48	6.56	1	0.017892	-0.007645	0.007636	0.122432	15360.82813	1.29	0	25	26	0	11	0	78	343	568	0	760	49	12	185	36382	280	0	8	145	52	19	54	0	259	954	94	739	0	0	0	74	128	16	16	61	0	65	87	28	24	62	0	2718285593460496	14304	5389	
C:\Data\ITRAX\YAN_Aug 2013_Mo-Tube_Reanalysed_USE\2 mm data\YAN8B2\2\XRF data\L000035.spe	71.53	6.52	1	0.017892	-0.007645	0.007636	0.122432	17181.33789	1.24	17	18	20	20	21	0	54	468	432	0	851	29	14	169	40895	140	0	0	176	0	0	79	0	360	1345	120	850	0	0	33	93	149	65	12	0	19	65	19	0	38	106	0	1101694577886437	15925	5946	
C:\Data\ITRAX\YAN_Aug 2013_Mo-Tube_Reanalysed_USE\2 mm data\YAN8B2\2\XRF data\L000036.spe	73.48	6.54	1	0.017892	-0.007645	0.007636	0.122432	17183.33594	1.31	6	13	0	0	23	0	69	407	1444	6	668	19	68	358	40789	119	0	37	240	69	107	102	0	354	1314	123	782	0	0	53	76	219	46	80	21	34	16	39	0	98	146	27	0	15809	6413	
C:\Data\ITRAX\YAN_Aug 2013_Mo-Tube_Reanalysed_USE\2 mm data\YAN8B2\2\XRF data\L000037.spe	75.52	6.52	1	0.017892	-0.007645	0.007636	0.122432	18261.88477	1.18	0	0	18	6	30	0	80	358	2620	0	802	56	26	524	39511	255	0	12	192	49	0	21	0	316	1431	189	689	0	0	11	44	163	72	109	89	84	153	79	93	0	129	8	0	17202	6689	
C:\Data\ITRAX\YAN_Aug 2013_Mo-Tube_Reanalysed_USE\2 mm data\YAN8B2\2\XRF data\L000038.spe	77.48	6.52	1	0.017892	-0.007645	0.007636	0.122432	14986.34570	1.45	0	0	20	25	0	0	60	390	1293	0	901	70	73	386	39775	165	0	32	207	58	35	47	0	261	1113	44	595	0	0	29	105	159	63	114	19	51	0	0	17	76	180	0	3190289889484033	12987	4902	
C:\Data\ITRAX\YAN_Aug 2013_Mo-Tube_Reanalysed_USE\2 mm data\YAN8B2\2\XRF data\L000039.spe	79.53	6.51	1	0.017892	-0.007645	0.007636	0.122432	10568.16895	1.41	21	17	27	0	0	0	63	174	536	0	465	53	32	152	24819	35	0	40	96	0	38	0	0	165	665	5	516	0	0	0	21	110	61	65	9	22	0	0	0	94	89	0	0	9581	4148	
C:\Data\ITRAX\YAN_Aug 2013_Mo-Tube_Reanalysed_USE\2 mm data\YAN8B2\2\XRF data\L000040.spe	81.53	6.52	1	0.017892	-0.007645	0.007636	0.122432	20124.39063	1.35	0	0	16	0	10	0	74	511	2308	15	1427	148	54	439	62344	240	0	58	246	27	0	61	0	270	1474	127	634	0	0	62	59	206	56	110	0	79	69	0	0	58	202	34	0	14793	5860	
C:\Data\ITRAX\YAN_Aug 2013_Mo-Tube_Reanalysed_USE\2 mm data\YAN8B2\2\XRF data\L000041.spe	83.48	6.57	1	0.017892	-0.007645	0.007636	0.122432	18068.99219	1.25	0	24	35	6	0	5	64	299	4512	7	726	44	55	644	44680	126	0	76	296	141	0	100	0	347	1337	221	868	0	0	33	61	155	30	97	84	29	137	144	0	40	204	0	711181737387812	15668	6012	
C:\Data\ITRAX\YAN_Aug 2013_Mo-Tube_Reanalysed_USE\2 mm data\YAN8B2\2\XRF data\L000042.spe	85.53	6.56	1	0.017892	-0.007645	0.007636	0.122432	14312.78223	1.42	0	21	36	35	27	8	108	328	1755	15	555	63	29	354	28452	81	14	11	152	85	0	10	0	193	1235	127	666	15	0	18	41	104	11	76	71	23	53	0	42	0	64	0	0	14017	5491	
C:\Data\ITRAX\YAN_Aug 2013_Mo-Tube_Reanalysed_USE\2 mm data\YAN8B2\2\XRF data\L000043.spe	87.48	6.50	1	0.017892	-0.007645	0.007636	0.122432	16925.94922	1.33	9	26	38	19	29	0	104	438	1039	0	926	90	64	274	42516	59	0	73	200	103	109	53	0	325	1112	106	645	0	14	58	85	156	19	32	15	16	5	151	0	0	189	0	0	15148	5528	
C:\Data\ITRAX\YAN_Aug 2013_Mo-Tube_Reanalysed_USE\2 mm data\YAN8B2\2\XRF data\L000044.spe	89.52	6.47	1	0.017892	-0.007645	0.007636	0.122432	18322.67773	1.28	6	0	0	14	5	0	57	488	992	0	1068	115	63	374	51728	94	0	69	170	49	0	70	0	347	1067	100	694	0	0	0	51	139	91	19	58	113	59	0	8	69	254	24	0	15352	5674	
C:\Data\ITRAX\YAN_Aug 2013_Mo-Tube_Reanalysed_USE\2 mm data\YAN8B2\2\XRF data\L000045.spe	91.48	6.46	1	0.017892	-0.007645	0.007636	0.122432	17446.52344	1.46	5	9	0	5	29	0	72	541	1227	33	1045	90	77	346	51015	238	8	26	272	0	0	93	0	307	880	75	565	0	7	51	92	216	117	64	34	60	97	20	0	0	180	0	0	14198	4999	
C:\Data\ITRAX\YAN_Aug 2013_Mo-Tube_Reanalysed_USE\2 mm data\YAN8B2\2\XRF data\L000046.spe	93.53	6.46	1	0.017892	-0.007645	0.007636	0.122432	16902.45117	1.58	0	5	0	0	0	0	57	441	1096	0	1068	102	38	330	53576	35	0	0	243	0	0	67	0	221	688	120	526	0	0	16	82	153	94	78	77	35	55	37	7	37	241	0	0	12842	4633	
C:\Data\ITRAX\YAN_Aug 2013_Mo-Tube_Reanalysed_USE\2 mm data\YAN8B2\2\XRF data\L000047.spe	95.48	6.45	1	0.017892	-0.007645	0.007636	0.122432	18513.67188	1.27	9	0	9	13	0	0	41	411	977	0	1055	90	72	329	51459	248	0	42	261	92	83	76	0	224	1007	112	690	0	0	37	89	240	44	61	43	59	27	8	47	61	123	8	0	15633	5686	
C:\Data\ITRAX\YAN_Aug 2013_Mo-Tube_Reanalysed_USE\2 mm data\YAN8B2\2\XRF data\L000048.spe	97.53	6.43	1	0.017892	-0.007645	0.007636	0.122432	19275.43164	1.21	0	0	44	0	14	0	76	449	1636	10	988	97	61	389	50663	317	0	99	194	60	82	0	0	325	1264	75	814	0	5	6	93	237	17	63	0	69	0	29	15	0	122	0	0	16565	5935	
C:\Data\ITRAX\YAN_Aug 2013_Mo-Tube_Reanalysed_USE\2 mm data\YAN8B2\2\XRF data\L000049.spe	99.48	6.42	1	0.017892	-0.007645	0.007636	0.122432	21762.90625	1.30	22	18	17	0	16	0	40	499	1198	0	974	55	22	353	57602	66	0	146	245	88	0	0	0	321	1426	230	896	0	0	33	74	170	40	113	116	78	132	0	97	37	350	0	778205741678576	18639	7052	
C:\Data\ITRAX\YAN_Aug 2013_Mo-Tube_Reanalysed_USE\2 mm data\YAN8B2\2\XRF data\L000050.spe	101.59	6.40	1	0.017892	-0.007645	0.007636	0.122432	18396.37695	1.12	0	0	22	25	7	0	66	299	1807	0	857	59	77	398	42429	54	0	52	186	5	122	30	0	270	1377	126	791	0	0	36	39	152	66	50	19	82	40	63	0	95	222	0	4271824542470544	16941	6597	
C:\Data\ITRAX\YAN_Aug 2013_Mo-Tube_Reanalysed_USE\2 mm data\YAN8B2\2\XRF data\L000051.spe	103.48	6.38	1	0.017892	-0.007645	0.007636	0.122432	19465.22461	1.21	0	0	19	14	17	0	87	438	887	0	1177	19	70	241	44290	77	0	98	250	22	17	4	0	385	1258	126	917	0	0	48	68	213	132	56	0	39	53	81	37	18	217	0	0	18026	6742	
C:\Data\ITRAX\YAN_Aug 2013_Mo-Tube_Reanalysed_USE\2 mm data\YAN8B2\2\XRF data\L000052.spe	105.53	6.35	1	0.017892	-0.007645	0.007636	0.122432	17184.93750	1.31	24	0	14	0	16	0	88	266	1400	24	786	51	33	257	32404	136	0	67	130	58	0	94	0	330	1100	118	911	0	0	0	0	127	22	20	0	0	72	0	20	0	66	35	3769391585060776	17731	6494	
C:\Data\ITRAX\YAN_Aug 2013_Mo-Tube_Reanalysed_USE\2 mm data\YAN8B2\2\XRF data\L000053.spe	107.48	6.33	1	0.017892	-0.007645	0.007636	0.122432	12912.15234	1.40	0	10	0	15	36	0	96	97	219	0	265	33	33	36	13269	161	0	15	136	0	0	52	0	277	1054	113	728	0	9	0	43	114	66	79	58	29	62	44	0	0	22	13	4005006707906322	15369	6021	
C:\Data\ITRAX\YAN_Aug 2013_Mo-Tube_Reanalysed_USE\2 mm data\YAN8B2\2\XRF data\L000054.spe	109.52	6.23	1	0.017892	-0.007645	0.007636	0.122432	21288.02930	1.10	0	0	49	16	20	0	48	439	1318	0	1013	51	50	338	49642	456	0	16	268	71	52	100	0	360	1581	138	1025	0	0	11	128	204	50	10	0	11	73	22	20	97	108	0	3328734172388303	19665	7307	
C:\Data\ITRAX\YAN_Aug 2013_Mo-Tube_Reanalysed_USE\2 mm data\YAN8B2\2\XRF data\L000055.spe	111.47	6.23	1	0.017892	-0.007645	0.007636	0.122432	20278.08203	1.43	9	16	28	0	12	0	70	366	2187	0	1025	127	72	459	58345	149	0	66	357	0	97	49	0	255	1366	118	726	0	0	48	88	189	78	63	0	42	0	43	0	66	292	0	0	16479	6186	
C:\Data\ITRAX\YAN_Aug 2013_Mo-Tube_Reanalysed_USE\2 mm data\YAN8B2\2\XRF data\L000056.spe	113.54	6.27	1	0.017892	-0.007645	0.007636	0.122432	15262.13574	1.35	0	36	46	20	20	16	82	113	401	0	273	49	15	131	20294	104	0	55	288	41	79	82	0	213	1235	179	869	0	0	0	69	104	24	17	35	0	54	53	27	0	79	18	0	17855	6554	
C:\Data\ITRAX\YAN_Aug 2013_Mo-Tube_Reanalysed_USE\2 mm data\YAN8B2\2\XRF data\L000057.spe	115.48	6.18	1	0.017892	-0.007645	0.007636	0.122432	20321.58008	1.29	0	0	5	0	12	0	53	332	1226	27	925	70	50	367	49272	181	0	81	511	0	28	75	0	292	1473	156	961	0	0	0	87	95	100	84	165	90	111	17	34	47	252	17	2156564195051384	19736	6786	
C:\Data\ITRAX\YAN_Aug 2013_Mo-Tube_Reanalysed_USE\2 mm data\YAN8B2\2\XRF data\L000058.spe	117.53	6.15	1	0.017892	-0.007645	0.007636	0.122432	17836.00391	1.20	0	0	37	0	38	0	57	193	1166	0	700	33	35	278	36361	125	0	58	352	0	137	103	28	306	1489	76	867	0	0	20	69	125	57	76	68	39	0	104	0	77	154	0	758301877430054	17921	6797	
C:\Data\ITRAX\YAN_Aug 2013_Mo-Tube_Reanalysed_USE\2 mm data\YAN8B2\2\XRF data\L000059.spe	119.53	6.17	1	0.017892	-0.007645	0.007636	0.122432	22237.28320	1.23	0	27	19	0	13	0	24	320	1671	0	975	108	44	462	63743	288	0	90	442	140	126	91	0	281	1444	50	884	0	0	28	60	177	18	56	47	88	0	0	0	99	239	0	0	18416	6737	
C:\Data\ITRAX\YAN_Aug 2013_Mo-Tube_Reanalysed_USE\2 mm data\YAN8B2\2\XRF data\L000060.spe	121.47	6.21	1	0.017892	-0.007645	0.007636	0.122432	21346.82813	1.49	0	0	5	0	0	0	54	382	2599	0	1011	71	86	564	66998	131	0	68	436	42	117	68	0	272	1243	144	881	0	0	45	100	168	18	68	17	76	30	78	0	0	333	0	0	16571	6350	
C:\Data\ITRAX\YAN_Aug 2013_Mo-Tube_Reanalysed_USE\2 mm data\YAN8B2\2\XRF data\L000061.spe	123.52	6.23	1	0.017892	-0.007645	0.007636	0.122432	18076.89258	1.38	0	21	31	0	27	0	69	349	1601	0	816	116	108	341	49731	107	0	59	379	19	114	0	0	163	1482	276	620	0	0	31	71	139	55	0	25	0	10	132	55	0	172	0	2600623548542516	15777	5644	
C:\Data\ITRAX\YAN_Aug 2013_Mo-Tube_Reanalysed_USE\2 mm data\YAN8B2\2\XRF data\L000062.spe	125.48	6.22	1	0.017892	-0.007645	0.007636	0.122432	13096.94336	1.34	19	21	19	16	0	0	85	220	651	11	471	45	16	165	26931	25	0	0	181	0	0	72	0	159	932	227	534	0	0	20	88	77	42	36	61	26	112	37	0	0	116	14	0	13399	4879	
C:\Data\ITRAX\YAN_Aug 2013_Mo-Tube_Reanalysed_USE\2 mm data\YAN8B2\2\XRF data\L000063.spe	127.54	6.19	1	0.017892	-0.007645	0.007636	0.122432	8344.18066	1.62	0	9	0	10	27	22	96	19	136	0	71	12	9	39	4164	79	10	28	96	0	33	60	48	118	703	151	461	15	6	0	26	67	27	28	22	0	0	0	0	89	0	19	3439239856687524	11089	4281	
C:\Data\ITRAX\YAN_Aug 2013_Mo-Tube_Reanalysed_USE\2 mm data\YAN8B2\2\XRF data\L000064.spe	129.47	6.04	1	0.017892	-0.007645	0.007636	0.122432	7132.74219	1.32	0	20	4	0	25	13	80	29	95	0	40	5	0	0	4042	104	0	12	104	0	50	23	68	86	661	65	432	0	0	0	24	48	44	21	19	0	0	30	32	0	0	20	0	9329	3546	
C:\Data\ITRAX\YAN_Aug 2013_Mo-Tube_Reanalysed_USE\2 mm data\YAN8B2\2\XRF data\L000065.spe	131.54	6.07	1	0.017892	-0.007645	0.007636	0.122432	12766.95898	1.56	9	22	33	0	11	0	27	184	480	14	501	64	57	210	32485	219	0	46	296	51	164	34	0	214	1029	122	508	0	0	54	45	155	35	49	42	36	0	0	0	67	68	8	0	11008	4350	
C:\Data\ITRAX\YAN_Aug 2013_Mo-Tube_Reanalysed_USE\2 mm data\YAN8B2\2\XRF data\L000066.spe	133.48	6.09	1	0.017892	-0.007645	0.007636	0.122432	26783.35742	1.26	20	0	0	0	0	0	0	440	2810	0	1492	231	94	568	102791	590	0	63	452	114	0	111	0	238	1183	104	885	0	0	25	108	193	50	14	83	83	75	22	0	136	355	0	0	16949	6108	
C:\Data\ITRAX\YAN_Aug 2013_Mo-Tube_Reanalysed_USE\2 mm data\YAN8B2\2\XRF data\L000067.spe	135.53	6.27	1	0.017892	-0.007645	0.007636	0.122432	12842.05566	1.37	20	27	36	0	10	8	66	182	1067	0	564	71	67	244	34792	128	19	110	372	13	85	0	0	91	643	56	505	0	0	25	55	77	37	21	15	15	0	0	0	90	122	0	2691280861192391	10967	4279	
C:\Data\ITRAX\YAN_Aug 2013_Mo-Tube_Reanalysed_USE\2 mm data\YAN8B2\2\XRF data\L000068.spe	137.48	6.25	1	0.017892	-0.007645	0.007636	0.122432	17957.49805	1.39	29	33	17	12	30	12	45	296	2219	0	940	127	83	387	45646	278	0	18	405	74	0	18	0	130	1367	114	640	0	13	35	50	145	48	96	72	73	89	162	0	0	55	44	0	15949	5838	
C:\Data\ITRAX\YAN_Aug 2013_Mo-Tube_Reanalysed_USE\2 mm data\YAN8B2\2\XRF data\L000069.spe	139.54	6.29	1	0.017892	-0.007645	0.007636	0.122432	22331.97852	1.26	0	0	7	0	0	14	16	358	2233	0	1134	125	49	480	61562	351	0	67	432	81	135	54	0	343	1453	239	943	0	0	17	112	203	0	66	28	65	0	17	0	0	249	0	3978519054117536	19043	7008	
C:\Data\ITRAX\YAN_Aug 2013_Mo-Tube_Reanalysed_USE\2 mm data\YAN8B2\2\XRF data\L000070.spe	141.47	6.37	1	0.017892	-0.007645	0.007636	0.122432	11639.81641	1.31	11	34	9	0	19	13	83	133	1005	0	299	10	34	249	20531	88	7	49	203	0	33	43	0	192	940	100	495	0	0	0	16	80	99	40	0	34	0	18	0	0	59	0	0	13032	4701	
C:\Data\ITRAX\YAN_Aug 2013_Mo-Tube_Reanalysed_USE\2 mm data\YAN8B2\2\XRF data\L000071.spe	143.53	6.34	1	0.017892	-0.007645	0.007636	0.122432	13073.54297	1.41	14	0	13	8	25	10	75	306	1748	10	673	72	59	330	34626	104	0	56	258	30	14	0	0	234	972	76	522	0	0	47	46	125	50	45	0	18	21	5	0	32	74	0	0	11098	4025	
C:\Data\ITRAX\YAN_Aug 2013_Mo-Tube_Reanalysed_USE\2 mm data\YAN8B2\2\XRF data\L000072.spe	145.49	6.23	1	0.017892	-0.007645	0.007636	0.122432	22160.78906	1.29	0	9	18	0	6	0	41	557	2988	11	1520	132	82	561	74181	316	0	92	414	91	141	98	0	300	1270	150	813	0	0	43	127	137	28	97	86	42	0	25	0	135	204	0	644616994614921	16465	5925	
C:\Data\ITRAX\YAN_Aug 2013_Mo-Tube_Reanalysed_USE\2 mm data\YAN8B2\2\XRF data\L000073.spe	147.53	6.29	1	0.017892	-0.007645	0.007636	0.122432	11701.71289	1.33	26	0	18	19	0	10	90	115	497	8	426	57	12	154	20688	0	0	31	134	0	0	13	0	99	778	124	520	0	9	0	42	94	24	33	0	27	49	21	0	0	130	0	3524743458443475	12595	4799	
C:\Data\ITRAX\YAN_Aug 2013_Mo-Tube_Reanalysed_USE\2 mm data\YAN8B2\2\XRF data\L000074.spe	149.47	6.24	1	0.017892	-0.007645	0.007636	0.122432	18628.96484	1.25	0	0	13	0	6	0	90	325	2604	20	924	65	39	503	52904	251	0	0	261	18	0	7	0	185	1067	72	603	0	0	66	52	166	41	73	0	30	102	59	47	36	129	0	3346983763383039	15559	5759	
C:\Data\ITRAX\YAN_Aug 2013_Mo-Tube_Reanalysed_USE\2 mm data\YAN8B2\2\XRF data\L000075.spe	151.53	6.26	1	0.017892	-0.007645	0.007636	0.122432	18910.44922	1.30	0	0	20	10	0	0	45	338	1518	0	927	93	75	362	52337	409	0	15	334	51	49	45	0	255	1146	178	802	0	0	0	104	207	71	97	0	76	117	70	0	0	113	0	3910487556881388	16198	6078	
C:\Data\ITRAX\YAN_Aug 2013_Mo-Tube_Reanalysed_USE\2 mm data\YAN8B2\2\XRF data\L000076.spe	153.49	6.28	1	0.017892	-0.007645	0.007636	0.122432	15224.63477	1.44	0	0	17	8	17	0	57	206	1228	0	659	65	19	204	34779	121	0	93	220	26	116	0	0	243	828	236	833	0	0	8	57	130	63	54	41	41	42	57	0	43	51	0	0	14942	5317	
C:\Data\ITRAX\YAN_Aug 2013_Mo-Tube_Reanalysed_USE\2 mm data\YAN8B2\2\XRF data\L000077.spe	155.54	6.27	1	0.017892	-0.007645	0.007636	0.122432	19187.13672	1.20	0	17	13	0	41	7	59	282	2426	19	949	82	51	433	48979	332	0	42	223	0	114	64	0	240	1287	100	739	0	0	28	68	177	93	58	25	83	0	56	36	55	91	0	0	16970	6277	
C:\Data\ITRAX\YAN_Aug 2013_Mo-Tube_Reanalysed_USE\2 mm data\YAN8B2\2\XRF data\L000078.spe	157.53	6.26	1	0.017892	-0.007645	0.007636	0.122432	13969.59766	1.34	23	13	0	13	35	0	68	115	643	0	415	15	20	88	21201	100	0	40	130	0	116	46	0	192	963	99	597	0	0	11	36	98	28	37	78	31	0	122	0	0	56	29	0	15672	5703	
C:\Data\ITRAX\YAN_Aug 2013_Mo-Tube_Reanalysed_USE\2 mm data\YAN8B2\2\XRF data\L000079.spe	159.48	6.23	1	0.017892	-0.007645	0.007636	0.122432	11507.82227	1.47	0	17	12	14	20	17	99	56	350	0	196	56	18	66	12451	149	0	25	146	0	62	23	0	147	923	149	615	0	0	0	32	76	35	0	18	23	41	0	0	0	0	16	4628609191949292	14059	5197	
C:\Data\ITRAX\YAN_Aug 2013_Mo-Tube_Reanalysed_USE\2 mm data\YAN8B2\2\XRF data\L000080.spe	161.53	6.13	1	0.017892	-0.007645	0.007636	0.122432	14140.09082	1.44	6	0	32	22	38	11	63	166	955	0	418	34	14	153	27047	135	0	11	150	0	155	88	10	52	910	269	667	0	0	9	53	149	62	7	0	29	0	30	0	115	22	0	0	14987	5357	
C:\Data\ITRAX\YAN_Aug 2013_Mo-Tube_Reanalysed_USE\2 mm data\YAN8B2\2\XRF data\L000081.spe	165.00	6.06	1	0.017892	-0.007645	0.007636	0.122432	9377.02832	1.67	31	27	47	17	48	33	100	11	179	10	47	0	12	32	3797	110	9	22	39	21	0	102	0	127	831	241	677	10	5	6	50	45	0	0	0	0	15	20	0	44	0	35	3421561068225996	13073	5152	
C:\Data\ITRAX\YAN_Aug 2013_Mo-Tube_Reanalysed_USE\2 mm data\YAN8B2\2\XRF data\L000082.spe	166.89	6.00	1	0.017892	-0.007645	0.007636	0.122432	8221.78809	1.57	7	32	16	18	43	21	82	12	55	0	36	0	0	11	2303	66	23	36	77	19	83	0	31	84	777	198	456	0	0	0	16	60	0	45	0	0	0	30	0	29	0	14	0	11715	4534	
C:\Data\ITRAX\YAN_Aug 2013_Mo-Tube_Reanalysed_USE\2 mm data\YAN8B2\2\XRF data\L000083.spe	169.00	5.99	1	0.017892	-0.007645	0.007636	0.122432	12104.09180	1.40	18	20	41	42	43	23	102	70	592	0	236	50	18	100	15527	166	0	25	103	77	179	10	0	118	960	181	747	11	0	0	21	74	0	0	0	0	0	34	54	0	0	0	0	14242	5582	
C:\Data\ITRAX\YAN_Aug 2013_Mo-Tube_Reanalysed_USE\2 mm data\YAN8B2\2\XRF data\L000084.spe	170.89	5.94	1	0.017892	-0.007645	0.007636	0.122432	12447.27539	1.25	0	16	8	0	26	21	98	88	661	15	265	7	25	110	16180	112	0	60	144	15	21	66	89	143	1035	118	828	0	0	21	16	132	53	42	15	0	38	0	32	54	53	34	4344357701600253	14184	5591	
C:\Data\ITRAX\YAN_Aug 2013_Mo-Tube_Reanalysed_USE\2 mm data\YAN8B2\2\XRF data\L000085.spe	172.86	6.00	1	0.017892	-0.007645	0.007636	0.122432	14971.34668	1.40	0	0	0	27	23	0	36	140	1437	0	523	61	25	278	33337	143	0	91	198	98	98	69	0	186	1201	99	705	0	0	0	37	117	0	88	49	33	43	36	0	73	92	9	903861747635278	14412	5793	
C:\Data\ITRAX\YAN_Aug 2013_Mo-Tube_Reanalysed_USE\2 mm data\YAN8B2\2\XRF data\L000086.spe	173.54	6.00	1	0.017892	-0.007645	0.007636	0.122432	15003.84570	1.36	11	0	35	0	14	14	59	169	1656	0	530	51	35	332	32839	197	0	6	149	36	171	35	0	195	1043	76	771	0	0	10	50	168	44	40	12	4	0	57	0	42	37	21	3195574665364183	13939	5590	
C:\Data\ITRAX\YAN_Aug 2013_Mo-Tube_Reanalysed_USE\2 mm data\YAN8B2\2\XRF data\L000087.spe	175.47	6.02	1	0.017892	-0.007645	0.007636	0.122432	20174.28516	1.33	30	0	5	0	10	0	57	336	2880	13	1210	69	89	570	58272	234	0	0	236	0	89	35	0	147	1330	143	799	0	0	17	93	151	105	125	72	108	50	91	29	25	236	0	0	15879	6050	
C:\Data\ITRAX\YAN_Aug 2013_Mo-Tube_Reanalysed_USE\2 mm data\YAN8B2\2\XRF data\L000088.spe	177.53	6.08	1	0.017892	-0.007645	0.007636	0.122432	17240.83398	1.28	24	13	23	21	5	0	99	232	1708	4	730	68	44	324	38324	80	0	39	261	48	0	46	0	157	1197	58	852	0	0	18	48	158	0	43	0	45	157	58	56	0	152	14	0	16857	5983	
C:\Data\ITRAX\YAN_Aug 2013_Mo-Tube_Reanalysed_USE\2 mm data\YAN8B2\2\XRF data\L000089.spe	179.49	6.15	1	0.017892	-0.007645	0.007636	0.122432	10199.68848	1.69	53	15	23	24	34	11	111	0	20	6	0	0	0	0	908	81	10	0	67	0	0	32	0	125	1094	131	734	0	0	0	44	42	6	0	8	0	77	10	37	11	0	17	0	15509	5638	
C:\Data\ITRAX\YAN_Aug 2013_Mo-Tube_Reanalysed_USE\2 mm data\YAN8B2\2\XRF data\L000090.spe	181.54	6.07	1	0.017892	-0.007645	0.007636	0.122432	7755.70996	1.87	0	0	13	8	23	9	102	6	16	9	0	0	0	9	498	70	0	14	55	0	0	0	27	100	835	51	517	0	0	21	19	75	30	6	0	0	95	24	0	0	0	8	4197361597793621	11376	4356	
C:\Data\ITRAX\YAN_Aug 2013_Mo-Tube_Reanalysed_USE\2 mm data\YAN8B2\2\XRF data\L000091.spe	183.49	5.76	1	0.017892	-0.007645	0.007636	0.122432	14688.06348	1.31	0	12	15	0	11	0	27	170	933	12	686	69	18	276	36591	133	0	48	156	17	121	76	0	147	986	55	657	0	0	16	54	128	39	43	16	34	0	15	0	35	147	0	0	12776	5191	
C:\Data\ITRAX\YAN_Aug 2013_Mo-Tube_Reanalysed_USE\2 mm data\YAN8B2\2\XRF data\L000092.spe	185.54	5.80	1	0.017892	-0.007645	0.007636	0.122432	20007.99414	1.29	0	20	0	9	0	0	31	300	1793	0	1168	136	61	434	54710	339	0	58	270	42	166	46	0	256	1219	116	793	46	0	0	100	179	48	13	52	40	0	15	25	16	204	4	846169395763673	17297	6403	
C:\Data\ITRAX\YAN_Aug 2013_Mo-Tube_Reanalysed_USE\2 mm data\YAN8B2\2\XRF data\L000093.spe	187.49	6.01	1	0.017892	-0.007645	0.007636	0.122432	17452.12500	1.42	0	0	0	0	10	0	81	194	2634	0	823	152	31	499	46692	182	0	8	224	16	228	38	0	115	1074	190	629	0	0	0	80	189	76	54	16	76	0	15	47	73	172	9	2231698201667339	14921	5533	
C:\Data\ITRAX\YAN_Aug 2013_Mo-Tube_Reanalysed_USE\2 mm data\YAN8B2\2\XRF data\L000094.spe	189.54	6.02	1	0.017892	-0.007645	0.007636	0.122432	15969.19922	1.37	29	9	46	14	15	23	66	228	1712	0	691	26	45	373	41449	74	0	71	242	32	128	64	0	129	1047	102	561	0	11	21	89	148	72	7	0	0	0	57	0	101	118	0	4024973745990686	14372	5415	
C:\Data\ITRAX\YAN_Aug 2013_Mo-Tube_Reanalysed_USE\2 mm data\YAN8B2\2\XRF data\L000095.spe	191.48	6.05	1	0.017892	-0.007645	0.007636	0.122432	7216.23682	1.44	0	21	16	22	27	7	90	10	86	4	28	9	0	0	3762	59	6	7	66	0	25	13	64	64	642	68	407	0	0	0	31	72	17	8	13	10	4	81	84	0	0	5	3072109348439796	9730	3726	
C:\Data\ITRAX\YAN_Aug 2013_Mo-Tube_Reanalysed_USE\2 mm data\YAN8B2\2\XRF data\L000096.spe	193.53	5.97	1	0.017892	-0.007645	0.007636	0.122432	10426.77637	1.45	0	10	14	13	12	18	95	36	293	0	178	17	0	63	14011	138	0	28	120	0	50	73	30	147	769	182	517	0	0	11	36	95	32	21	0	0	6	9	0	51	0	8	4141826969760052	12238	4488	
C:\Data\ITRAX\YAN_Aug 2013_Mo-Tube_Reanalysed_USE\2 mm data\YAN8B2\2\XRF data\L000097.spe	195.53	5.95	1	0.017892	-0.007645	0.007636	0.122432	8145.59082	1.59	5	25	13	32	32	5	79	19	45	12	17	5	0	13	2298	33	13	24	85	0	100	4	0	98	706	155	400	0	9	7	42	39	13	14	0	0	0	9	0	13	15	5	3433444967218646	11771	4279	
C:\Data\ITRAX\YAN_Aug 2013_Mo-Tube_Reanalysed_USE\2 mm data\YAN8B2\2\XRF data\L000098.spe	197.49	5.89	1	0.017892	-0.007645	0.007636	0.122432	7939.10107	1.77	0	0	34	11	22	17	116	5	28	0	5	0	0	0	1183	62	0	16	45	0	0	53	41	53	732	157	513	0	0	0	44	30	0	0	12	0	37	30	0	0	0	0	0	12038	4422	
C:\Data\ITRAX\YAN_Aug 2013_Mo-Tube_Reanalysed_USE\2 mm data\YAN8B2\2\XRF data\L000099.spe	199.53	5.76	1	0.017892	-0.007645	0.007636	0.122432	6011.29785	1.50	0	5	7	13	9	5	80	11	17	0	16	0	0	0	996	9	0	12	61	0	40	31	0	160	459	61	365	0	0	0	4	7	27	0	38	0	0	32	0	60	0	9	1257896271150148	8738	3275	
C:\Data\ITRAX\YAN_Aug 2013_Mo-Tube_Reanalysed_USE\2 mm data\YAN8B2\2\XRF data\L000100.spe	201.49	5.63	1	0.017892	-0.007645	0.007636	0.122432	7721.11182	1.60	0	11	0	25	15	4	113	16	29	9	16	7	0	7	2301	105	0	27	81	0	42	21	15	112	668	64	435	0	7	0	17	63	22	44	0	0	0	27	5	7	0	16	3019805612856205	10807	4041	
C:\Data\ITRAX\YAN_Aug 2013_Mo-Tube_Reanalysed_USE\2 mm data\YAN8B2\2\XRF data\L000101.spe	203.53	5.53	1	0.017892	-0.007645	0.007636	0.122432	8159.79004	1.81	0	15	28	23	32	9	99	23	17	10	14	0	11	9	2930	122	0	24	57	14	0	70	0	174	736	76	360	10	8	0	27	54	9	20	51	22	50	18	0	0	0	5	3466181433208980	11401	4380	
C:\Data\ITRAX\YAN_Aug 2013_Mo-Tube_Reanalysed_USE\2 mm data\YAN8B2\2\XRF data\L000102.spe	205.48	5.54	1	0.017892	-0.007645	0.007636	0.122432	7447.92578	1.70	0	12	21	28	19	8	101	0	0	0	10	0	0	0	417	83	0	0	54	0	0	109	28	125	659	57	450	0	0	0	37	35	12	0	0	0	37	76	0	39	0	12	0	11454	4149	
C:\Data\ITRAX\YAN_Aug 2013_Mo-Tube_Reanalysed_USE\2 mm data\YAN8B2\2\XRF data\L000103.spe	207.53	5.49	1	0.017892	-0.007645	0.007636	0.122432	6429.27783	1.69	14	7	0	11	17	5	71	0	0	7	0	0	0	0	203	48	0	7	37	23	0	7	44	37	569	102	263	0	0	0	0	32	0	0	0	0	19	91	0	0	0	12	2514547886243560	9902	3733	
C:\Data\ITRAX\YAN_Aug 2013_Mo-Tube_Reanalysed_USE\2 mm data\YAN8B2\2\XRF data\L000104.spe	209.51	5.40	1	0.017892	-0.007645	0.007636	0.122432	6571.37012	1.79	0	0	34	16	20	7	65	0	0	0	17	9	0	0	153	25	0	0	10	0	0	11	60	71	546	171	401	0	0	0	19	21	13	7	0	13	74	111	0	0	0	0	0	10061	3837	
C:\Data\ITRAX\YAN_Aug 2013_Mo-Tube_Reanalysed_USE\2 mm data\YAN8B2\2\XRF data\L000105.spe	211.54	5.32	1	0.017892	-0.007645	0.007636	0.122432	6632.66699	1.60	0	0	0	23	0	0	76	4	0	0	9	0	0	0	202	31	0	0	23	0	44	0	40	93	517	101	353	0	0	0	22	21	22	0	0	0	0	30	0	0	0	0	0	10081	3869	
C:\Data\ITRAX\YAN_Aug 2013_Mo-Tube_Reanalysed_USE\2 mm data\YAN8B2\2\XRF data\L000106.spe	213.49	5.26	1	0.017892	-0.007645	0.007636	0.122432	6556.97119	1.72	0	15	7	23	21	0	90	6	8	0	5	0	0	0	204	0	0	8	29	0	0	56	52	79	592	28	366	0	0	0	16	32	5	0	0	0	24	50	0	0	6	0	2859042352623085	9932	3890	
C:\Data\ITRAX\YAN_Aug 2013_Mo-Tube_Reanalysed_USE\2 mm data\YAN8B2\2\XRF data\L000107.spe	215.54	5.21	1	0.017892	-0.007645	0.007636	0.122432	6113.29297	1.55	4	22	0	10	29	7	83	0	0	0	0	0	0	0	160	51	0	0	29	0	0	41	0	127	525	41	320	0	0	0	34	24	7	0	0	0	13	0	15	17	0	13	0	9401	3615	
C:\Data\ITRAX\YAN_Aug 2013_Mo-Tube_Reanalysed_USE\2 mm data\YAN8B2\2\XRF data\L000108.spe	217.49	5.15	1	0.017892	-0.007645	0.007636	0.122432	5923.00195	1.65	0	0	12	16	37	10	104	0	0	0	0	0	0	5	107	39	0	0	43	0	0	69	26	92	551	67	320	11	6	7	9	23	6	0	0	0	56	31	0	0	0	18	2137513692318662	9269	3351	
C:\Data\ITRAX\YAN_Aug 2013_Mo-Tube_Reanalysed_USE\2 mm data\YAN8B2\2\XRF data\L000109.spe	219.53	5.08	1	0.017892	-0.007645	0.007636	0.122432	4772.56104	1.27	12	5	0	19	15	0	67	10	5	0	0	6	0	0	147	10	5	22	18	0	0	29	50	72	394	129	255	0	0	0	17	48	29	0	0	0	99	41	35	0	0	0	2327745708314814	7143	2745	
C:\Data\ITRAX\YAN_Aug 2013_Mo-Tube_Reanalysed_USE\2 mm data\YAN8B2\2\XRF data\L000110.spe	221.50	5.00	1	0.017892	-0.007645	0.007636	0.122432	2336.28296	0.89	14	12	8	12	15	0	75	0	5	0	0	0	4	0	99	24	0	0	0	10	0	17	0	38	143	46	131	5	0	0	15	8	0	0	0	12	0	0	0	46	0	0	1011851410809264	3268	1287	
C:\Data\ITRAX\YAN_Aug 2013_Mo-Tube_Reanalysed_USE\2 mm data\YAN8B2\2\XRF data\L000111.spe	225.00	5.08	1	0.017892	-0.007645	0.007636	0.122432	4172.79102	1.09	0	0	0	0	12	0	88	5	5	0	13	4	0	0	243	44	0	22	30	0	0	22	0	44	333	73	245	0	0	0	0	22	0	28	0	18	53	28	0	0	0	12	0	5898	2221	
C:\Data\ITRAX\YAN_Aug 2013_Mo-Tube_Reanalysed_USE\2 mm data\YAN8B2\2\XRF data\L000112.spe	227.00	5.33	1	0.017892	-0.007645	0.007636	0.122432	5226.23779	1.19	5	16	9	0	6	4	77	0	0	0	0	0	0	0	128	48	6	14	27	7	70	64	0	0	351	84	263	0	0	0	5	32	0	0	0	0	0	39	35	6	0	4	2618862758521436	7834	2932	
C:\Data\ITRAX\YAN_Aug 2013_Mo-Tube_Reanalysed_USE\2 mm data\YAN8B2\2\XRF data\L000113.spe	229.00	5.49	1	0.017892	-0.007645	0.007636	0.122432	6793.75879	1.47	0	4	0	0	5	0	80	0	6	0	5	0	4	0	294	66	0	0	50	0	0	30	0	129	633	49	328	0	0	0	21	21	24	7	26	0	0	81	0	8	0	16	3144343452061398	10020	3738	
C:\Data\ITRAX\YAN_Aug 2013_Mo-Tube_Reanalysed_USE\2 mm data\YAN8B2\2\XRF data\L000114.spe	231.00	5.68	1	0.017892	-0.007645	0.007636	0.122432	6305.88379	1.44	0	8	0	4	10	5	85	6	18	0	7	0	0	4	451	45	0	5	36	0	7	42	14	107	545	0	401	0	0	0	26	26	30	22	0	0	14	13	0	15	0	10	1243235021759820	9176	3521	
C:\Data\ITRAX\YAN_Aug 2013_Mo-Tube_Reanalysed_USE\2 mm data\YAN8B2\2\XRF data\L000115.spe	233.00	5.85	1	0.017892	-0.007645	0.007636	0.122432	4052.39697	1.28	0	9	12	18	9	0	102	0	11	5	0	0	0	5	182	32	0	0	18	0	0	28	27	32	368	48	198	0	0	0	20	19	7	5	15	0	20	38	0	0	0	0	2409468684141434	5823	2167	
C:\Data\ITRAX\YAN_Aug 2013_Mo-Tube_Reanalysed_USE\2 mm data\YAN8B2\2\XRF data\L000116.spe	235.00	5.95	1	0.017892	-0.007645	0.007636	0.122432	3734.71191	1.13	15	0	0	0	0	0	81	0	4	0	0	0	0	9	238	54	0	0	19	0	0	24	0	82	261	90	261	0	0	0	0	29	7	22	9	0	6	0	0	51	0	8	0	5349	2170	
C:\Data\ITRAX\YAN_Aug 2013_Mo-Tube_Reanalysed_USE\2 mm data\YAN8B2\2\XRF data\L000117.spe	237.00	6.00	1	0.017892	-0.007645	0.007636	0.122432	3350.13208	1.04	0	0	0	0	8	11	78	0	12	7	6	5	4	0	671	25	0	22	25	0	56	0	5	34	304	44	158	0	0	0	0	47	35	16	0	6	0	0	0	22	0	5	0	4559	1841	
C:\Data\ITRAX\YAN_Aug 2013_Mo-Tube_Reanalysed_USE\2 mm data\YAN8B2\2\XRF data\L000118.spe	239.00	6.04	1	0.017892	-0.007645	0.007636	0.122432	7883.90479	1.29	13	0	10	16	12	0	68	22	492	0	150	30	16	113	10898	55	7	97	98	42	5	14	0	143	731	0	378	5	0	0	16	65	0	35	31	0	47	14	0	7	41	6	0	8554	3512	
C:\Data\ITRAX\YAN_Aug 2013_Mo-Tube_Reanalysed_USE\2 mm data\YAN8B2\2\XRF data\L000119.spe	241.00	6.04	1	0.017892	-0.007645	0.007636	0.122432	15727.51074	1.34	0	13	25	0	9	4	72	90	843	22	371	76	55	363	35786	231	32	205	205	47	63	0	0	184	1374	81	512	0	0	0	68	200	100	115	66	59	54	53	0	35	93	0	0	14454	5246	
C:\Data\ITRAX\YAN_Aug 2013_Mo-Tube_Reanalysed_USE\2 mm data\YAN8B2\2\XRF data\L000120.spe	241.55	6.15	1	0.017892	-0.007645	0.007636	0.122432	15686.51270	1.35	22	18	48	16	22	4	46	163	1775	12	651	100	59	403	40140	151	0	229	128	5	43	51	0	82	1336	84	503	0	0	0	20	146	60	76	67	34	54	128	27	0	130	0	2583699510295306	13822	5237	
C:\Data\ITRAX\YAN_Aug 2013_Mo-Tube_Reanalysed_USE\2 mm data\YAN8B2\2\XRF data\L000121.spe	243.48	6.25	1	0.017892	-0.007645	0.007636	0.122432	20127.58984	1.24	0	0	28	0	19	0	38	195	2516	17	759	106	58	573	53655	194	0	115	135	15	46	123	0	188	1636	172	602	0	0	40	80	158	73	110	69	44	37	40	44	44	154	9	3937169182024732	17331	5987	
C:\Data\ITRAX\YAN_Aug 2013_Mo-Tube_Reanalysed_USE\2 mm data\YAN8B2\2\XRF data\L000122.spe	245.54	6.30	1	0.017892	-0.007645	0.007636	0.122432	17400.12695	1.24	0	4	7	6	29	0	80	129	1827	0	409	60	46	340	36596	224	0	155	179	0	0	0	0	8	1814	151	685	0	0	30	48	162	82	37	29	33	42	21	59	0	114	0	2026332288734824	16709	6395	
C:\Data\ITRAX\YAN_Aug 2013_Mo-Tube_Reanalysed_USE\2 mm data\YAN8B2\2\XRF data\L000123.spe	247.49	6.34	1	0.017892	-0.007645	0.007636	0.122432	17255.03320	1.32	18	0	30	8	45	7	77	197	3968	47	516	52	51	508	34465	118	0	99	147	0	39	109	0	89	2113	113	410	0	0	0	128	167	66	75	84	82	61	101	35	34	153	0	0	16697	6809	
C:\Data\ITRAX\YAN_Aug 2013_Mo-Tube_Reanalysed_USE\2 mm data\YAN8B2\2\XRF data\L000124.spe	249.54	6.33	1	0.017892	-0.007645	0.007636	0.122432	11039.94629	1.38	26	26	17	31	39	11	104	32	872	29	126	20	22	145	11759	103	16	54	94	0	64	53	0	152	1584	0	474	0	0	0	84	89	69	14	16	0	0	82	0	0	0	15	3140432639526754	12813	5283	
C:\Data\ITRAX\YAN_Aug 2013_Mo-Tube_Reanalysed_USE\2 mm data\YAN8B2\2\XRF data\L000125.spe	251.49	6.23	1	0.017892	-0.007645	0.007636	0.122432	20760.65820	1.23	31	0	26	0	11	0	25	130	3012	13	767	67	89	552	48074	430	0	157	253	110	167	14	0	168	2158	158	644	0	0	12	77	176	25	139	0	23	0	74	36	8	101	0	3989864213757210	18838	7240	
C:\Data\ITRAX\YAN_Aug 2013_Mo-Tube_Reanalysed_USE\2 mm data\YAN8B2\2\XRF data\L000126.spe	253.54	6.26	1	0.017892	-0.007645	0.007636	0.122432	22787.25781	1.21	0	0	15	13	35	0	66	212	3247	0	761	96	36	585	55870	305	0	168	237	55	70	0	0	88	1983	61	662	0	0	0	75	188	26	150	80	0	0	27	0	0	223	22	454189024811239	19846	7694	
C:\Data\ITRAX\YAN_Aug 2013_Mo-Tube_Reanalysed_USE\2 mm data\YAN8B2\2\XRF data\L000127.spe	255.49	6.33	1	0.017892	-0.007645	0.007636	0.122432	21454.52344	1.25	0	0	15	8	16	5	41	191	2405	0	730	72	38	533	49724	405	0	168	241	80	115	70	0	121	2372	162	750	0	0	7	59	135	11	55	50	34	6	0	0	68	92	0	3867624756881566	20118	7454	
C:\Data\ITRAX\YAN_Aug 2013_Mo-Tube_Reanalysed_USE\2 mm data\YAN8B2\2\XRF data\L000128.spe	257.52	6.34	1	0.017892	-0.007645	0.007636	0.122432	13045.14453	1.49	28	20	16	9	23	12	79	0	31	0	29	0	0	0	2165	142	0	93	51	71	0	94	52	66	1812	81	626	6	0	0	0	105	0	0	0	0	35	115	46	0	0	10	0	19060	6949	
C:\Data\ITRAX\YAN_Aug 2013_Mo-Tube_Reanalysed_USE\2 mm data\YAN8B2\2\XRF data\L000129.spe	259.46	6.26	1	0.017892	-0.007645	0.007636	0.122432	10587.26855	1.92	0	0	28	0	47	18	95	0	0	15	27	0	0	0	703	63	7	35	46	33	0	15	18	14	1518	127	474	6	0	0	7	67	0	23	0	0	35	117	0	0	0	12	0	15751	5861	
C:\Data\ITRAX\YAN_Aug 2013_Mo-Tube_Reanalysed_USE\2 mm data\YAN8B2\2\XRF data\L000130.spe	261.51	6.00	1	0.017892	-0.007645	0.007636	0.122432	14073.59277	1.30	0	15	28	0	26	0	60	80	873	0	331	43	26	154	20876	164	0	58	136	48	75	93	0	46	1871	150	490	0	0	0	38	144	18	25	30	0	0	0	11	85	44	0	0	16008	5981	
C:\Data\ITRAX\YAN_Aug 2013_Mo-Tube_Reanalysed_USE\2 mm data\YAN8B2\2\XRF data\L000131.spe	265.00	5.78	1	0.017892	-0.007645	0.007636	0.122432	12268.08496	1.26	7	4	24	22	29	5	93	29	413	7	173	36	13	95	12820	189	0	66	101	0	100	15	63	139	1622	71	510	0	0	0	49	107	38	29	25	0	0	31	0	92	0	4	3407796088573958	14966	5729	
C:\Data\ITRAX\YAN_Aug 2013_Mo-Tube_Reanalysed_USE\2 mm data\YAN8B2\2\XRF data\L000132.spe	267.00	5.71	1	0.017892	-0.007645	0.007636	0.122432	11054.94531	1.45	46	28	12	9	56	15	99	23	212	0	85	0	0	56	7030	183	0	48	90	0	0	56	22	54	1548	23	623	6	0	0	19	86	13	38	0	23	63	73	0	0	0	20	0	14623	5485	
C:\Data\ITRAX\YAN_Aug 2013_Mo-Tube_Reanalysed_USE\2 mm data\YAN8B2\2\XRF data\L000133.spe	269.00	5.65	1	0.017892	-0.007645	0.007636	0.122432	9813.80664	1.66	4	43	7	9	26	9	90	15	38	0	16	0	0	14	1875	70	0	56	73	22	0	61	9	118	1410	0	439	0	0	0	9	64	28	11	42	0	33	55	0	17	0	0	0	13940	5529	
C:\Data\ITRAX\YAN_Aug 2013_Mo-Tube_Reanalysed_USE\2 mm data\YAN8B2\2\XRF data\L000134.spe	271.00	5.64	1	0.017892	-0.007645	0.007636	0.122432	10450.87598	1.90	0	16	22	20	48	19	111	22	72	10	41	7	0	39	3853	90	17	31	98	0	17	60	23	85	1707	0	454	9	17	0	44	44	62	4	25	0	0	13	0	0	0	27	0	14338	5654	
C:\Data\ITRAX\YAN_Aug 2013_Mo-Tube_Reanalysed_USE\2 mm data\YAN8B2\2\XRF data\L000135.spe	273.00	5.64	1	0.017892	-0.007645	0.007636	0.122432	8843.95605	1.78	0	16	6	26	23	8	116	10	35	0	0	0	0	0	1519	111	0	11	44	0	23	92	0	44	1137	134	410	0	9	0	29	37	20	0	17	0	0	31	37	33	0	26	0	12792	4949	
C:\Data\ITRAX\YAN_Aug 2013_Mo-Tube_Reanalysed_USE\2 mm data\YAN8B2\2\XRF data\L000136.spe	275.00	5.64	1	0.017892	-0.007645	0.007636	0.122432	8840.15625	1.97	36	30	10	15	29	10	104	11	0	9	7	12	0	0	695	112	5	38	45	0	0	33	27	33	1261	53	528	10	8	0	18	53	0	6	0	0	77	12	0	0	0	22	3798525823254382	12638	4935	
C:\Data\ITRAX\YAN_Aug 2013_Mo-Tube_Reanalysed_USE\2 mm data\YAN8B2\2\XRF data\L000137.spe	277.00	5.62	1	0.017892	-0.007645	0.007636	0.122432	9085.24414	1.71	0	7	7	16	36	0	101	0	0	0	0	0	0	0	577	104	0	15	26	13	0	64	9	59	1496	0	336	6	4	8	0	31	0	0	0	0	68	78	0	0	0	0	0	13181	5205	
C:\Data\ITRAX\YAN_Aug 2013_Mo-Tube_Reanalysed_USE\2 mm data\YAN8B2\2\XRF data\L000138.spe	278.85	5.60	1	0.017892	-0.007645	0.007636	0.122432	9235.93555	1.61	36	20	36	24	0	15	83	0	7	0	12	0	0	0	613	106	0	21	70	0	15	37	87	119	1365	0	432	0	0	0	21	48	19	0	23	0	21	72	0	0	0	8	3107505050386200	13205	5185	
C:\Data\ITRAX\YAN_Aug 2013_Mo-Tube_Reanalysed_USE\2 mm data\YAN8B2\2\XRF data\L000139.spe	279.52	5.95	1	0.017892	-0.007645	0.007636	0.122432	8372.88086	1.87	0	13	4	16	28	9	91	12	7	0	0	0	0	0	477	88	0	0	55	28	0	60	30	98	1597	159	479	0	7	16	31	50	0	17	0	0	20	0	46	43	0	0	3351862703527150	12296	4710	
C:\Data\ITRAX\YAN_Aug 2013_Mo-Tube_Reanalysed_USE\2 mm data\YAN8B2\2\XRF data\L000140.spe	281.48	6.89	1	0.017892	-0.007645	0.007636	0.122432	4927.45313	1.28	0	9	11	0	23	5	104	0	0	0	0	0	0	0	91	31	0	4	0	0	0	20	18	62	786	82	144	0	6	0	10	24	0	0	0	0	33	0	0	63	0	0	0	7210	2694	
C:\Data\ITRAX\YAN_Aug 2013_Mo-Tube_Reanalysed_USE\2 mm data\YAN8B2\2\XRF data\L000141.spe	283.52	6.89	1	0.017892	-0.007645	0.007636	0.122432	4938.55176	1.27	0	0	0	0	15	0	102	0	0	0	6	0	0	7	88	34	0	21	23	0	0	19	15	11	694	90	190	0	0	0	10	7	0	5	0	5	34	44	34	0	0	12	0	7286	2755	
C:\Data\ITRAX\YAN_Aug 2013_Mo-Tube_Reanalysed_USE\2 mm data\YAN8B2\2\XRF data\L000142.spe	285.47	6.89	1	0.017892	-0.007645	0.007636	0.122432	2048.39697	1.10	12	5	5	0	10	0	97	0	0	0	0	0	0	0	70	27	0	0	0	0	0	0	6	10	144	0	92	0	0	0	25	0	13	0	0	0	14	0	0	5	0	0	608089625305673	2968	1051	
C:\Data\ITRAX\YAN_Aug 2013_Mo-Tube_Reanalysed_USE\2 mm data\YAN8B2\2\XRF data\L000143.spe	287.51	6.89	1	0.017892	-0.007645	0.007636	0.122432	2010.09900	0.84	0	0	9	0	6	0	93	0	0	0	0	0	0	0	68	19	0	20	5	0	0	25	36	0	215	42	77	0	0	7	8	10	7	0	22	0	33	4	28	10	0	0	0	2865	1046	
C:\Data\ITRAX\YAN_Aug 2013_Mo-Tube_Reanalysed_USE\2 mm data\YAN8B2\2\XRF data\L000144.spe	289.47	6.89	1	0.017892	-0.007645	0.007636	0.122432	3862.90601	1.15	0	0	19	0	11	0	63	0	0	0	0	0	0	0	57	11	0	0	18	0	0	40	0	23	483	30	190	0	0	0	16	10	15	0	0	0	5	25	11	0	0	0	0	5625	2076	
C:\Data\ITRAX\YAN_Aug 2013_Mo-Tube_Reanalysed_USE\2 mm data\YAN8B2\2\XRF data\L000145.spe	291.52	6.61	1	0.017892	-0.007645	0.007636	0.122432	4337.58203	1.12	15	19	0	6	11	9	98	0	5	0	5	0	0	0	285	20	0	0	14	0	0	0	16	18	538	31	224	5	0	0	13	12	28	9	0	15	0	6	26	79	0	11	0	6160	2393	
C:\Data\ITRAX\YAN_Aug 2013_Mo-Tube_Reanalysed_USE\2 mm data\YAN8B2\2\XRF data\L000146.spe	295.00	6.29	1	0.017892	-0.007645	0.007636	0.122432	13256.43457	1.31	25	7	22	15	0	14	86	122	1258	6	319	56	23	203	24133	172	0	126	125	44	0	22	0	67	1847	119	570	0	0	37	20	104	6	73	4	26	54	84	20	0	5	0	3971657444855344	13207	5166	
C:\Data\ITRAX\YAN_Aug 2013_Mo-Tube_Reanalysed_USE\2 mm data\YAN8B2\2\XRF data\L000147.spe	297.00	6.28	1	0.017892	-0.007645	0.007636	0.122432	12502.07324	1.32	29	41	42	17	29	10	97	130	1603	13	402	46	51	284	27418	53	0	95	120	46	37	36	0	78	1383	55	448	0	0	11	44	151	60	99	0	65	0	0	0	55	120	0	0	11242	4280	
C:\Data\ITRAX\YAN_Aug 2013_Mo-Tube_Reanalysed_USE\2 mm data\YAN8B2\2\XRF data\L000148.spe	299.00	6.36	1	0.017892	-0.007645	0.007636	0.122432	16152.19043	1.47	27	21	19	0	13	0	70	138	1562	0	462	73	27	310	33998	148	0	145	188	44	240	87	0	105	2191	0	612	0	0	0	88	172	100	74	0	0	0	0	0	65	170	0	0	15490	6088	
C:\Data\ITRAX\YAN_Aug 2013_Mo-Tube_Reanalysed_USE\2 mm data\YAN8B2\2\XRF data\L000149.spe	299.53	6.41	1	0.017892	-0.007645	0.007636	0.122432	24012.09375	1.27	0	0	19	0	0	0	21	334	4641	0	1183	105	81	743	70316	330	0	272	312	71	0	45	0	159	2780	165	734	0	0	8	51	241	79	114	74	44	134	51	7	0	266	0	3378777220806968	17606	6870	
C:\Data\ITRAX\YAN_Aug 2013_Mo-Tube_Reanalysed_USE\2 mm data\YAN8B2\2\XRF data\L000150.spe	303.00	6.45	1	0.017892	-0.007645	0.007636	0.122432	12397.87793	1.37	21	21	25	14	14	26	88	28	381	16	135	5	17	87	8736	167	19	234	103	30	0	18	11	113	1903	64	587	5	0	0	55	115	39	0	0	0	15	0	110	0	0	10	5110907548512088	16035	6237	
C:\Data\ITRAX\YAN_Aug 2013_Mo-Tube_Reanalysed_USE\2 mm data\YAN8B2\2\XRF data\L000151.spe	305.00	6.45	1	0.017892	-0.007645	0.007636	0.122432	7691.81299	1.43	0	27	0	12	32	0	70	0	40	0	11	0	0	13	826	91	0	62	51	15	0	0	0	118	877	0	351	0	0	0	20	81	0	0	0	0	53	0	0	0	0	17	2668971866539380	10998	4177	
C:\Data\ITRAX\YAN_Aug 2013_Mo-Tube_Reanalysed_USE\2 mm data\YAN8B2\2\XRF data\L000152.spe	307.00	6.46	1	0.017892	-0.007645	0.007636	0.122432	12772.95898	1.38	0	0	15	11	20	10	90	47	560	0	235	24	12	180	19890	178	0	59	148	29	140	0	0	48	1569	151	454	0	0	7	45	117	23	49	29	34	0	0	77	71	10	11	3470961784448492	13929	5720	
C:\Data\ITRAX\YAN_Aug 2013_Mo-Tube_Reanalysed_USE\2 mm data\YAN8B2\2\XRF data\L000153.spe	309.00	6.51	1	0.017892	-0.007645	0.007636	0.122432	15354.72852	1.35	0	0	18	6	17	7	91	185	1758	8	531	54	57	340	33512	303	0	228	143	0	0	0	0	188	1442	63	673	0	0	46	34	157	82	57	0	41	53	72	0	0	32	0	0	14156	5437	
C:\Data\ITRAX\YAN_Aug 2013_Mo-Tube_Reanalysed_USE\2 mm data\YAN8B2\2\XRF data\L000154.spe	311.00	6.62	1	0.017892	-0.007645	0.007636	0.122432	17252.23438	1.47	0	9	8	0	7	0	64	207	2272	0	729	59	56	429	43139	202	18	177	250	0	32	0	0	138	1496	129	466	0	0	20	70	170	71	14	0	26	0	0	24	77	109	0	375691451395432	15343	5715	
C:\Data\ITRAX\YAN_Aug 2013_Mo-Tube_Reanalysed_USE\2 mm data\YAN8B2\2\XRF data\L000155.spe	311.53	6.68	1	0.017892	-0.007645	0.007636	0.122432	17247.13477	1.53	37	9	0	0	0	0	45	144	2073	0	729	83	60	524	48253	310	0	208	211	0	0	0	0	159	1450	37	613	0	0	16	64	168	100	128	40	77	100	45	0	0	179	8	0	13354	4929	
C:\Data\ITRAX\YAN_Aug 2013_Mo-Tube_Reanalysed_USE\2 mm data\YAN8B2\2\XRF data\L000156.spe	313.51	6.73	1	0.017892	-0.007645	0.007636	0.122432	19559.81836	1.31	6	19	41	14	5	0	41	295	1912	0	915	88	21	488	53591	460	0	203	227	12	64	97	0	116	1506	0	618	0	0	41	125	197	115	36	71	15	0	0	0	66	81	0	191166982686064	16202	5991	
C:\Data\ITRAX\YAN_Aug 2013_Mo-Tube_Reanalysed_USE\2 mm data\YAN8B2\2\XRF data\L000157.spe	315.47	6.76	1	0.017892	-0.007645	0.007636	0.122432	24235.08203	1.23	0	0	0	0	18	0	24	488	2484	0	1254	107	91	540	71406	491	0	190	267	118	105	0	0	260	1956	144	852	0	0	39	121	181	54	81	147	40	70	37	0	70	238	0	0	18849	6731	
C:\Data\ITRAX\YAN_Aug 2013_Mo-Tube_Reanalysed_USE\2 mm data\YAN8B2\2\XRF data\L000158.spe	317.51	6.81	1	0.017892	-0.007645	0.007636	0.122432	22766.75391	1.32	46	0	47	12	33	0	33	534	2278	0	1114	96	84	475	64717	386	0	162	248	31	0	136	0	303	1813	218	1034	0	0	49	46	224	66	87	0	61	123	95	55	0	268	0	0	18502	6986	
C:\Data\ITRAX\YAN_Aug 2013_Mo-Tube_Reanalysed_USE\2 mm data\YAN8B2\2\XRF data\L000159.spe	319.47	6.81	1	0.017892	-0.007645	0.007636	0.122432	19548.91797	1.29	0	0	5	0	0	0	55	391	1723	21	1022	87	61	368	49365	236	0	143	236	16	37	151	0	322	1600	167	731	0	0	8	130	162	118	26	36	57	36	57	55	0	96	13	0	17186	6308	
C:\Data\ITRAX\YAN_Aug 2013_Mo-Tube_Reanalysed_USE\2 mm data\YAN8B2\2\XRF data\L000160.spe	321.52	6.80	1	0.017892	-0.007645	0.007636	0.122432	20695.35938	1.07	28	11	40	0	18	9	70	392	1677	0	933	151	76	407	50207	188	0	212	267	103	31	32	0	238	1651	235	914	0	0	23	72	180	22	59	50	37	12	0	22	0	220	27	3267690564505810	18448	6956	
C:\Data\ITRAX\YAN_Aug 2013_Mo-Tube_Reanalysed_USE\2 mm data\YAN8B2\2\XRF data\L000161.spe	323.46	6.81	1	0.017892	-0.007645	0.007636	0.122432	21817.80664	1.14	0	0	29	7	0	0	36	465	2131	0	1104	82	61	465	55650	194	0	199	186	144	23	29	0	195	1965	265	889	0	0	0	76	230	0	92	29	39	34	0	118	106	322	0	1677633887112653	18949	6794	
C:\Data\ITRAX\YAN_Aug 2013_Mo-Tube_Reanalysed_USE\2 mm data\YAN8B2\2\XRF data\L000162.spe	325.51	6.81	1	0.017892	-0.007645	0.007636	0.122432	23122.74023	1.40	9	8	5	0	0	0	45	377	1961	0	970	76	56	436	53294	433	0	199	229	79	222	83	0	334	1870	149	968	0	0	21	75	242	51	155	0	48	0	0	11	75	80	0	2940964364745638	20991	7496	
C:\Data\ITRAX\YAN_Aug 2013_Mo-Tube_Reanalysed_USE\2 mm data\YAN8B2\2\XRF data\L000163.spe	327.47	6.80	1	0.017892	-0.007645	0.007636	0.122432	20318.97852	1.31	15	8	22	0	10	0	59	390	1372	0	1237	80	24	322	49758	168	0	165	195	108	99	40	0	274	1936	277	898	0	0	26	82	230	35	24	15	13	37	93	65	0	210	7	4307537554328992	18423	6797	
C:\Data\ITRAX\YAN_Aug 2013_Mo-Tube_Reanalysed_USE\2 mm data\YAN8B2\2\XRF data\L000164.spe	329.51	6.79	1	0.017892	-0.007645	0.007636	0.122432	11973.19922	1.20	10	27	20	0	33	20	92	83	496	0	200	44	0	103	12332	94	0	40	81	5	0	124	0	178	1210	0	562	0	0	0	63	85	41	0	53	26	41	0	0	85	25	0	4928693198464599	14999	5610	
C:\Data\ITRAX\YAN_Aug 2013_Mo-Tube_Reanalysed_USE\2 mm data\YAN8B2\2\XRF data\L000165.spe	333.00	6.64	1	0.017892	-0.007645	0.007636	0.122432	10903.05273	1.39	0	10	0	16	32	0	93	73	372	12	186	0	0	50	10335	227	0	69	85	0	6	12	53	197	1272	101	543	0	0	11	36	77	77	24	0	0	22	138	0	0	0	19	3212840730163181	13558	5162	
C:\Data\ITRAX\YAN_Aug 2013_Mo-Tube_Reanalysed_USE\2 mm data\YAN8B2\2\XRF data\L000166.spe	335.00	6.57	1	0.017892	-0.007645	0.007636	0.122432	9141.64063	1.46	13	0	10	6	41	0	89	8	88	0	61	0	0	11	3873	130	0	31	43	0	0	97	0	185	1117	112	550	0	0	0	58	77	46	0	14	15	21	65	90	0	0	24	0	12525	4881	
C:\Data\ITRAX\YAN_Aug 2013_Mo-Tube_Reanalysed_USE\2 mm data\YAN8B2\2\XRF data\L000167.spe	337.00	6.57	1	0.017892	-0.007645	0.007636	0.122432	10208.48828	1.46	8	4	19	21	43	15	120	57	385	5	103	25	15	65	6817	74	0	6	53	0	101	69	0	242	1291	62	481	0	15	12	43	46	39	17	46	46	0	20	0	92	32	0	4016521622900076	13324	5097	
C:\Data\ITRAX\YAN_Aug 2013_Mo-Tube_Reanalysed_USE\2 mm data\YAN8B2\2\XRF data\L000168.spe	339.00	6.63	1	0.017892	-0.007645	0.007636	0.122432	10798.65723	1.24	17	0	8	9	22	13	84	142	1318	12	290	27	32	151	13727	35	0	50	86	16	30	27	32	96	1293	73	419	0	0	0	45	68	41	0	28	0	66	123	22	0	29	0	0	12534	4723	
C:\Data\ITRAX\YAN_Aug 2013_Mo-Tube_Reanalysed_USE\2 mm data\YAN8B2\2\XRF data\L000169.spe	341.00	6.68	1	0.017892	-0.007645	0.007636	0.122432	10569.86816	1.35	5	8	7	11	28	14	97	49	524	13	247	26	19	106	12215	39	0	41	76	68	16	0	6	0	1331	34	491	10	0	0	24	94	0	39	0	0	7	0	54	17	8	21	0	12471	4822	
C:\Data\ITRAX\YAN_Aug 2013_Mo-Tube_Reanalysed_USE\2 mm data\YAN8B2\2\XRF data\L000170.spe	343.00	6.72	1	0.017892	-0.007645	0.007636	0.122432	10147.79102	1.34	0	7	0	19	11	18	95	114	438	0	238	46	26	79	14673	121	34	50	147	0	13	38	0	151	1155	158	531	0	0	5	94	96	45	25	0	36	38	8	11	0	14	28	0	11387	4400	
C:\Data\ITRAX\YAN_Aug 2013_Mo-Tube_Reanalysed_USE\2 mm data\YAN8B2\2\XRF data\L000171.spe	345.00	6.74	1	0.017892	-0.007645	0.007636	0.122432	13590.81738	1.28	28	41	29	15	48	31	85	133	1437	36	401	68	68	296	25083	101	7	110	177	0	121	0	0	39	1509	146	636	0	8	0	59	139	56	87	0	33	0	0	37	56	119	0	760211573714226	13853	5270	
C:\Data\ITRAX\YAN_Aug 2013_Mo-Tube_Reanalysed_USE\2 mm data\YAN8B2\2\XRF data\L000172.spe	347.00	6.82	1	0.017892	-0.007645	0.007636	0.122432	18599.26758	1.36	25	8	41	0	19	7	72	214	2908	7	727	93	79	529	44863	299	0	96	227	0	108	92	14	141	2177	210	672	0	5	0	112	194	112	38	26	66	0	0	51	156	65	5	0	16395	6249	
C:\Data\ITRAX\YAN_Aug 2013_Mo-Tube_Reanalysed_USE\2 mm data\YAN8B2\2\XRF data\L000173.spe	347.52	6.93	1	0.017892	-0.007645	0.007636	0.122432	22107.09180	1.15	32	13	25	0	7	0	19	341	3052	29	1119	138	104	687	65289	459	0	287	232	68	111	113	0	196	1867	19	745	0	0	0	47	202	42	86	65	162	11	0	40	171	114	0	0	16801	6614	
C:\Data\ITRAX\YAN_Aug 2013_Mo-Tube_Reanalysed_USE\2 mm data\YAN8B2\2\XRF data\L000174.spe	349.47	6.98	1	0.017892	-0.007645	0.007636	0.122432	22771.65820	1.12	0	5	28	0	12	0	47	353	4005	0	1118	126	70	698	65261	589	20	269	237	94	0	0	0	109	2027	80	864	0	0	32	107	254	67	108	24	53	79	0	97	7	108	0	2039325731912676	17903	6550	
C:\Data\ITRAX\YAN_Aug 2013_Mo-Tube_Reanalysed_USE\2 mm data\YAN8B2\2\XRF data\L000175.spe	351.52	7.02	1	0.017892	-0.007645	0.007636	0.122432	21092.44141	1.24	0	0	8	0	0	0	33	395	4171	0	1277	104	110	750	71485	362	5	315	230	121	64	0	0	141	1806	119	652	0	0	10	17	273	14	92	30	27	0	0	0	133	312	0	0	14377	5349	
C:\Data\ITRAX\YAN_Aug 2013_Mo-Tube_Reanalysed_USE\2 mm data\YAN8B2\2\XRF data\L000176.spe	355.00	7.03	1	0.017892	-0.007645	0.007636	0.122432	12831.35645	1.41	28	0	26	10	46	9	97	149	1271	0	445	92	58	245	27159	64	0	115	151	42	77	17	0	110	1333	136	373	0	20	8	87	139	51	0	0	0	0	0	0	62	101	15	3196787402934219	12689	4676	
C:\Data\ITRAX\YAN_Aug 2013_Mo-Tube_Reanalysed_USE\2 mm data\YAN8B2\2\XRF data\L000177.spe	357.00	7.06	1	0.017892	-0.007645	0.007636	0.122432	19752.50977	1.30	0	0	12	0	26	0	75	258	1884	33	708	89	74	538	51940	346	0	147	222	122	88	8	0	236	1717	33	673	0	0	4	68	212	0	80	73	111	77	42	0	0	178	30	3539445918465336	16828	6287	
C:\Data\ITRAX\YAN_Aug 2013_Mo-Tube_Reanalysed_USE\2 mm data\YAN8B2\2\XRF data\L000178.spe	357.47	7.18	1	0.017892	-0.007645	0.007636	0.122432	20560.46680	1.36	25	11	27	8	0	0	58	328	2650	0	959	125	96	517	58987	439	40	335	315	89	89	18	0	260	1820	99	646	0	0	22	70	290	79	91	0	62	18	57	0	0	177	0	3895906421537972	16506	6120	
C:\Data\ITRAX\YAN_Aug 2013_Mo-Tube_Reanalysed_USE\2 mm data\YAN8B2\2\XRF data\L000179.spe	359.53	7.24	1	0.017892	-0.007645	0.007636	0.122432	19373.62891	1.28	8	0	11	8	15	0	64	261	2520	7	779	95	76	535	47079	374	0	215	217	82	55	30	0	102	1748	0	741	0	0	7	21	227	68	146	0	83	59	90	0	27	122	0	3748333765262794	17212	6449	
C:\Data\ITRAX\YAN_Aug 2013_Mo-Tube_Reanalysed_USE\2 mm data\YAN8B2\2\XRF data\L000180.spe	361.46	7.27	1	0.017892	-0.007645	0.007636	0.122432	21243.93359	1.17	0	26	0	0	10	0	46	264	2760	11	930	155	71	543	56060	278	0	156	255	0	0	184	15	158	1666	91	645	8	0	11	118	172	115	94	130	70	126	102	6	49	186	28	673229629455613	17841	6735	
C:\Data\ITRAX\YAN_Aug 2013_Mo-Tube_Reanalysed_USE\2 mm data\YAN8B2\2\XRF data\L000181.spe	363.52	7.32	1	0.017892	-0.007645	0.007636	0.122432	20596.16406	1.39	31	19	38	16	18	10	51	318	5057	0	979	126	50	732	59172	224	0	87	250	83	71	43	0	68	1627	45	644	0	0	29	75	232	106	83	16	126	71	105	50	0	252	0	4023217738450218	15761	6149	
C:\Data\ITRAX\YAN_Aug 2013_Mo-Tube_Reanalysed_USE\2 mm data\YAN8B2\2\XRF data\L000182.spe	365.47	7.36	1	0.017892	-0.007645	0.007636	0.122432	19816.50586	1.18	37	0	23	16	22	0	79	284	3865	10	796	83	54	683	51029	306	0	142	218	0	88	47	0	151	2008	279	763	0	0	22	50	145	111	71	74	31	0	93	18	0	151	0	3610549892892228	16936	6541	
C:\Data\ITRAX\YAN_Aug 2013_Mo-Tube_Reanalysed_USE\2 mm data\YAN8B2\2\XRF data\L000183.spe	367.53	7.37	1	0.017892	-0.007645	0.007636	0.122432	23112.43945	1.35	10	6	0	0	0	0	27	360	3002	43	1172	97	80	682	70908	195	0	235	270	130	77	39	0	139	1988	172	821	0	0	53	36	225	30	84	5	30	26	0	0	155	313	0	0	17605	6838	
C:\Data\ITRAX\YAN_Aug 2013_Mo-Tube_Reanalysed_USE\2 mm data\YAN8B2\2\XRF data\L000184.spe	369.46	7.39	1	0.017892	-0.007645	0.007636	0.122432	22510.87109	1.17	6	0	0	0	0	0	45	328	3122	0	1088	133	8	591	63850	370	0	132	277	94	41	38	7	260	1840	141	786	0	0	16	77	251	58	59	47	27	50	6	0	61	194	0	0	18134	6955	
C:\Data\ITRAX\YAN_Aug 2013_Mo-Tube_Reanalysed_USE\2 mm data\YAN8B2\2\XRF data\L000185.spe	371.51	7.40	1	0.017892	-0.007645	0.007636	0.122432	19593.21680	1.33	18	11	40	0	26	0	61	372	3066	0	1045	122	103	666	58883	189	0	201	170	78	0	53	0	213	1906	181	557	0	0	18	34	149	30	55	69	7	50	50	0	36	236	22	287489638352673	14966	5942	
C:\Data\ITRAX\YAN_Aug 2013_Mo-Tube_Reanalysed_USE\2 mm data\YAN8B2\2\XRF data\L000186.spe	373.46	7.37	1	0.017892	-0.007645	0.007636	0.122432	16690.36133	1.18	38	0	6	0	10	0	78	389	2215	0	978	121	35	402	41249	204	0	147	184	7	103	91	0	203	1865	164	630	0	0	26	60	204	135	105	35	64	0	47	0	67	122	0	2604232323109205	14040	5643	
C:\Data\ITRAX\YAN_Aug 2013_Mo-Tube_Reanalysed_USE\2 mm data\YAN8B2\2\XRF data\L000187.spe	375.52	7.33	1	0.017892	-0.007645	0.007636	0.122432	16952.55078	1.12	11	11	33	11	38	198	73	223	2756	11	696	27	29	483	35205	55	0	97	127	92	50	92	0	157	1725	213	869	0	0	25	39	142	8	28	50	28	0	0	17	67	170	18	3716922291842314	15813	6405	
C:\Data\ITRAX\YAN_Aug 2013_Mo-Tube_Reanalysed_USE\2 mm data\YAN8B2\2\XRF data\L000188.spe	377.47	7.28	1	0.017892	-0.007645	0.007636	0.122432	9855.80566	1.38	28	12	12	13	26	0	98	20	54	0	40	0	8	18	1368	59	0	61	68	0	22	54	0	51	802	0	512	0	0	0	15	109	50	41	0	24	15	16	0	21	0	9	0	14606	4920	
C:\Data\ITRAX\YAN_Aug 2013_Mo-Tube_Reanalysed_USE\2 mm data\YAN8B2\2\XRF data\L000189.spe	379.52	7.18	1	0.017892	-0.007645	0.007636	0.122432	12400.17578	2.16	0	0	9	21	38	6	116	5	0	7	12	0	0	0	180	74	7	12	49	0	13	45	71	144	1089	90	185	0	0	0	52	57	0	0	0	0	30	67	35	7	0	0	0	21851	5320	
C:\Data\ITRAX\YAN_Aug 2013_Mo-Tube_Reanalysed_USE\2 mm data\YAN8B2\2\XRF data\L000190.spe	381.46	6.96	1	0.017892	-0.007645	0.007636	0.122432	3595.21899	1.24	23	7	0	13	0	6	88	0	5	0	0	0	9	0	37	0	8	11	98	0	0	49	41	55	141	48	0	0	0	0	26	20	8	0	13	0	30	0	26	0	0	0	1491148801999730	5977	1617	