Date:	4/27/2013		Time:	4:40 AM		Version no:	0.00		Project name:	55		Sample name:	222		Section name:	section		Position	0.000000	mm	E0	0.000000	keV	E1	1.000000	keV/channel	sample surface	2.000000	cm	Tube anode:	Cr		Tube voltage:	30	kV	Tube current:	30	mA	gain	20		std. database			resultfile	result		matrix element	11		sample thickness	1.000000		air passage	0.560000	cm	comments	not in position		peaking_time	3.000000	m-sec	trigger_threshold	1229.166667	V	mca_bin_width	22.090000	no:	number_mca_channels	1024.000000	no:	gap_time	0.400000	m-sec	trigger_peaking_time	0.150000	m-sec	GAINDAC	9455		HIGHGAIN	1		TAURC	0		RCTAU	53		RCTAUFRAC	32768		livetime	9.986538	seconds	runtime	10.000503	seconds	input_count_rate	1741.544537	cps	output_count_rate	1638.217565	cps	triggers	17392	seconds	events_in_run	16383	seconds	channel	content		1	0
2	0
3	0
4	0
5	0
6	0
7	0
8	0
9	0
10	0
11	0
12	0
13	0
14	0
15	0
16	0
17	0
18	0
19	0
20	0
21	0
22	0
23	0
24	0
25	0
26	0
27	0
28	0
29	0
30	0
31	985
32	1141
33	1336
34	1428
35	1572
36	1807
37	1909
38	2151
39	2411
40	2657
41	2907
42	3312
43	3432
44	3727
45	3981
46	4296
47	4471
48	4597
49	4830
50	5166
51	5378
52	5474
53	5683
54	5676
55	5944
56	6263
57	6199
58	6197
59	6451
60	6522
61	6592
62	6942
63	6936
64	7354
65	7432
66	7665
67	7825
68	7642
69	7456
70	7306
71	7091
72	7373
73	7554
74	7739
75	8447
76	9150
77	10610
78	12148
79	13800
80	15082
81	16055
82	16953
83	16657
84	16899
85	17078
86	18199
87	21196
88	27245
89	37470
90	52255
91	71322
92	92276
93	111751
94	124093
95	129613
96	125094
97	112751
98	95424
99	77940
100	62832
101	52167
102	45914
103	44061
104	43733
105	44380
106	44055
107	42174
108	38453
109	33629
110	28268
111	23431
112	19304
113	15961
114	14228
115	13600
116	13716
117	14735
118	17105
119	20832
120	25981
121	32628
122	39804
123	46284
124	51768
125	54301
126	53960
127	50508
128	44986
129	38076
130	31162
131	25049
132	20738
133	17675
134	15635
135	14379
136	13782
137	13848
138	13867
139	14459
140	15789
141	16754
142	17976
143	18848
144	19900
145	20982
146	22296
147	23810
148	25506
149	26859
150	28197
151	29174
152	31097
153	34333
154	40403
155	49613
156	62782
157	78610
158	94587
159	108122
160	117563
161	118776
162	112414
163	100124
164	84081
165	67960
166	53872
167	43454
168	38293
169	37985
170	43146
171	54514
172	73793
173	103491
174	144762
175	196533
176	255280
177	316700
178	368348
179	403442
180	411858
181	396548
182	354819
183	300806
184	242188
185	189570
186	148272
187	124038
188	119197
189	137206
190	187387
191	279756
192	434813
193	671539
194	1002372
195	1431759
196	1937946
197	2461902
198	2944957
199	3291501
200	3435733
201	3351593
202	3055080
203	2600429
204	2071599
205	1548564
206	1091180
207	737294
208	489647
209	337401
210	263907
211	248839
212	276158
213	332754
214	403739
215	476258
216	535789
217	568419
218	568876
219	534457
220	473187
221	395024
222	312968
223	235567
224	169360
225	120391
226	85458
227	63563
228	50146
229	43259
230	41104
231	43909
232	53076
233	71882
234	106279
235	166119
236	263448
237	411264
238	615890
239	876895
240	1181372
241	1498607
242	1783831
243	1996384
244	2090771
245	2056554
246	1897682
247	1643840
248	1338120
249	1029359
250	750742
251	524970
252	355134
253	238130
254	164247
255	120725
256	99274
257	92842
258	97293
259	112263
260	137658
261	173798
262	218545
263	267571
264	319615
265	364861
266	394135
267	407850
268	399993
269	373325
270	332068
271	284904
272	239723
273	201582
274	174969
275	162976
276	165536
277	182022
278	213944
279	261729
280	323936
281	409087
282	517436
283	656921
284	827844
285	1048630
286	1317002
287	1640377
288	1998097
289	2365978
290	2706716
291	2971375
292	3115080
293	3109224
294	2943780
295	2638872
296	2243206
297	1806333
298	1383377
299	1011938
300	713103
301	490266
302	338599
303	242447
304	186677
305	160088
306	151337
307	154772
308	166490
309	184320
310	208361
311	236127
312	272120
313	311805
314	361223
315	417011
316	476391
317	538377
318	597347
319	642927
320	672313
321	674093
322	649267
323	598029
324	527136
325	440806
326	353854
327	271292
328	202014
329	148987
330	110323
331	88044
332	80536
333	89865
334	120144
335	182326
336	291445
337	465414
338	726766
339	1094451
340	1571441
341	2147191
342	2783021
343	3415517
344	3968109
345	4356149
346	4522435
347	4442076
348	4125762
349	3626612
350	3014948
351	2378675
352	1782054
353	1273861
354	871664
355	576711
356	374277
357	242250
358	160577
359	113802
360	86759
361	71381
362	61742
363	56786
364	53208
365	51958
366	51395
367	52553
368	56537
369	62964
370	74517
371	93534
372	121394
373	164472
374	221690
375	297008
376	385433
377	486174
378	587341
379	679414
380	747858
381	784335
382	782611
383	742105
384	669996
385	576804
386	472485
387	369870
388	277616
389	200663
390	142622
391	99931
392	70780
393	52273
394	40890
395	34425
396	30809
397	28893
398	27679
399	27333
400	27058
401	26751
402	26304
403	26078
404	25859
405	25229
406	24965
407	24697
408	24131
409	23685
410	23729
411	23419
412	23716
413	23578
414	23586
415	23620
416	23606
417	23904
418	23918
419	23951
420	24155
421	24042
422	24259
423	24390
424	25397
425	26352
426	26915
427	28574
428	30425
429	32285
430	34175
431	36374
432	38684
433	41095
434	42179
435	42466
436	43002
437	42164
438	41121
439	40463
440	38671
441	37681
442	36237
443	35624
444	34943
445	34661
446	34262
447	33794
448	33987
449	34103
450	34067
451	34220
452	34879
453	34824
454	34941
455	35550
456	35743
457	36108
458	36886
459	38287
460	39379
461	41299
462	43090
463	44911
464	47242
465	48146
466	49099
467	49620
468	49119
469	47783
470	47006
471	45357
472	44292
473	43324
474	42311
475	42154
476	41905
477	42081
478	42679
479	42568
480	43206
481	43854
482	44554
483	45006
484	45130
485	45650
486	46062
487	46487
488	47038
489	47325
490	48015
491	48425
492	48747
493	49750
494	50471
495	51214
496	51562
497	51790
498	52724
499	52866
500	53497
501	53826
502	53508
503	53089
504	53431
505	53679
506	53738
507	53815
508	53668
509	54245
510	55058
511	55713
512	55956
513	56586
514	57279
515	57898
516	58358
517	59307
518	59945
519	59974
520	60591
521	60340
522	60494
523	60693
524	60990
525	60899
526	60503
527	60733
528	60555
529	61140
530	61105
531	61770
532	62425
533	62912
534	63537
535	64027
536	64879
537	65487
538	66021
539	66749
540	67366
541	67856
542	68398
543	68529
544	69629
545	69121
546	68938
547	68887
548	69372
549	69505
550	69004
551	68854
552	69335
553	68651
554	69029
555	69733
556	69887
557	69745
558	70455
559	70994
560	71558
561	72251
562	72610
563	73520
564	73885
565	74566
566	75397
567	75968
568	75900
569	76356
570	76875
571	76985
572	77762
573	77716
574	77487
575	78643
576	78618
577	78671
578	79465
579	80103
580	80669
581	80725
582	81372
583	82567
584	83393
585	83536
586	83917
587	84853
588	84553
589	85238
590	85607
591	85227
592	85534
593	85678
594	85488
595	85630
596	85198
597	86090
598	86338
599	86242
600	86094
601	86808
602	87815
603	87560
604	88143
605	88792
606	89212
607	89301
608	90446
609	90693
610	91055
611	90825
612	91520
613	91215
614	92283
615	92584
616	92800
617	93425
618	93099
619	94088
620	94696
621	95025
622	95085
623	96151
624	95982
625	97117
626	97452
627	98033
628	98645
629	99394
630	100262
631	101272
632	102484
633	102998
634	104216
635	105572
636	106594
637	107151
638	108879
639	109153
640	109960
641	110481
642	111075
643	111046
644	110161
645	109758
646	109188
647	108449
648	107361
649	106985
650	106336
651	106083
652	105116
653	105516
654	105411
655	105636
656	105372
657	105907
658	106077
659	106320
660	106944
661	107137
662	107708
663	108201
664	108595
665	108376
666	109402
667	109875
668	110206
669	110035
670	111133
671	110631
672	111387
673	111363
674	112353
675	111672
676	112044
677	112958
678	113265
679	113743
680	114403
681	114762
682	114143
683	114608
684	116277
685	116687
686	116908
687	117078
688	118391
689	118130
690	119257
691	119025
692	119751
693	118888
694	119626
695	119086
696	119600
697	119309
698	119442
699	119254
700	119080
701	119440
702	118863
703	119673
704	119732
705	120185
706	120556
707	120277
708	119818
709	120719
710	122134
711	122647
712	123094
713	123372
714	123935
715	124741
716	125479
717	126597
718	127299
719	128114
720	127977
721	128906
722	129725
723	129079
724	129368
725	129337
726	128849
727	128023
728	127884
729	127129
730	127052
731	126600
732	127205
733	126699
734	126581
735	126398
736	126054
737	125988
738	125837
739	127134
740	126505
741	126376
742	126951
743	126881
744	127041
745	127289
746	127872
747	128587
748	129774
749	130685
750	132173
751	135241
752	138849
753	143065
754	148238
755	155387
756	163139
757	171901
758	180431
759	189253
760	197382
761	204835
762	207833
763	211422
764	210690
765	206445
766	202063
767	194393
768	187206
769	178249
770	168088
771	159973
772	152284
773	146706
774	141202
775	136855
776	134879
777	131713
778	130889
779	129627
780	129318
781	128429
782	128072
783	128423
784	128285
785	128217
786	127911
787	127782
788	127335
789	128064
790	128468
791	127700
792	128248
793	128341
794	128584
795	128839
796	129567
797	129637
798	130251
799	130873
800	131850
801	132107
802	132634
803	133152
804	134297
805	133630
806	134063
807	133938
808	134008
809	133265
810	132736
811	132191
812	131146
813	130918
814	130136
815	129695
816	128636
817	128402
818	127842
819	128186
820	127510
821	127860
822	127459
823	127133
824	126709
825	127095
826	126270
827	126766
828	126897
829	126551
830	126461
831	126085
832	126945
833	127716
834	127851
835	128496
836	128701
837	129595
838	130896
839	132510
840	134243
841	136829
842	139948
843	142814
844	146104
845	150225
846	154361
847	157325
848	160718
849	162175
850	165048
851	164986
852	164868
853	163530
854	161387
855	158829
856	154338
857	150834
858	146881
859	143256
860	139297
861	136534
862	133557
863	131145
864	129467
865	127988
866	127716
867	126591
868	126245
869	125782
870	124774
871	124463
872	124189
873	123604
874	123391
875	123633
876	122570
877	122164
878	121591
879	121704
880	121436
881	121815
882	121338
883	121385
884	121549
885	121445
886	121573
887	120524
888	120938
889	120326
890	120672
891	120707
892	120426
893	121416
894	120393
895	119918
896	120400
897	120078
898	120206
899	119945
900	119393
901	119945
902	119327
903	118978
904	119186
905	118751
906	118547
907	118254
908	118339
909	117792
910	118035
911	117331
912	116544
913	116978
914	116527
915	116556
916	115841
917	115781
918	116952
919	115200
920	114591
921	115406
922	115302
923	114857
924	115425
925	114996
926	116137
927	116008
928	116204
929	118033
930	119334
931	119348
932	121853
933	123465
934	124909
935	127462
936	128700
937	130575
938	133028
939	133790
940	135025
941	134443
942	134615
943	134749
944	132889
945	131749
946	130414
947	128376
948	126884
949	124334
950	122291
951	121305
952	118989
953	118088
954	116241
955	115205
956	113329
957	113049
958	111559
959	111125
960	110632
961	109519
962	108386
963	108876
964	107843
965	107543
966	107435
967	106781
968	106814
969	106258
970	106173
971	106562
972	105389
973	105195
974	104995
975	104776
976	104385
977	104195
978	103821
979	103426
980	102911
981	102723
982	102239
983	101558
984	101362
985	101230
986	101303
987	101183
988	100765
989	100823
990	100203
991	100370
992	100021
993	99777
994	99253
995	98722
996	98423
997	98521
998	98122
999	97912
1000	98055
1001	97865
1002	97497
1003	97367
1004	96898
1005	96902
1006	96672
1007	96185
1008	96104
1009	95658
1010	95702
1011	95507
1012	95660
1013	94441
1014	94610
1015	94099
1016	93731
1017	93683
1018	93294
1019	93421
1020	92580
1021	92448
1022	92471
1023	92057
1024	92433
