C:\Data\BAS_sjro\ARD1E     8/21/2008  re-evaluated data																																											
peakarea																																											
filename	position (mm)	sample surface	validity	E-gain	E-offset	F-slope	F-offset	kcps	MSE	Al	Si	P	S	Cl	Ar	K	Ca	Ti	V	Cr	Mn	Fe	Co	Ni	Cu	Zn	Ga	As	Se	Br	Rb	Sr	Zr	Cs	Ba	Ta	W	Ir	Pt	Pb	D1	inc	coh
C:\Data\BAS_sjro\ARD1E\XRF data\L000000.spe	0.1	8	0	0.01832	-0.00597	0.009347	0.092052	4496	1.03	7	0	14	0	0	38	22	707	236	5	0	117	8907	47	5	51	84	0	39	31	70	0	859	309	0	0	11	0	13	0	0	17	5451	1863
C:\Data\BAS_sjro\ARD1E\XRF data\L000001.spe	2.04	8	1	0.018319	-0.005991	0.009347	0.092049	8929	1.14	11	0	16	30	4	50	87	2125	585	5	21	381	21177	183	12	186	257	25	54	87	66	91	1849	528	5	26	0	42	21	13	0	131	9950	3496
C:\Data\BAS_sjro\ARD1E\XRF data\L000002.spe	4.1	8	0	0.01832	-0.006025	0.009349	0.092049	8426	1.19	0	0	7	29	0	48	67	1345	409	29	17	254	14678	134	0	103	179	7	11	78	95	15	2063	594	0	9	27	13	9	4	60	46	10748	3833
C:\Data\BAS_sjro\ARD1E\XRF data\L000003.spe	6.04	8	1	0.01832	-0.006025	0.009351	0.092049	9503	1.08	0	29	20	7	0	50	75	1613	451	29	13	290	18365	170	13	167	224	0	52	81	123	39	2332	666	0	16	0	18	37	54	38	63	11366	4345
C:\Data\BAS_sjro\ARD1E\XRF data\L000004.spe	8.1	8	1	0.01832	-0.00605	0.009349	0.092049	9637	1.08	13	18	9	18	6	41	48	1721	499	10	10	274	17509	184	0	147	182	37	0	16	127	73	2324	598	0	0	0	52	19	34	61	30	12545	4436
C:\Data\BAS_sjro\ARD1E\XRF data\L000005.spe	10.04	8	1	0.01832	-0.00605	0.009349	0.092056	9419	1.1	0	22	0	18	6	6	40	1217	381	6	12	507	16636	147	0	112	188	0	12	135	78	56	2277	549	0	0	0	8	22	11	0	83	12014	4418
C:\Data\BAS_sjro\ARD1E\XRF data\L000006.spe	12.2	8	1	0.01832	-0.006082	0.009349	0.092045	12088	1.23	15	11	18	12	16	8	64	1962	640	57	5	584	27284	282	12	185	253	0	22	69	147	0	2780	625	0	0	40	36	15	80	42	19	13645	5051
C:\Data\BAS_sjro\ARD1E\XRF data\L000007.spe	14.04	8	1	0.018321	-0.006082	0.009347	0.092038	12623	1.18	0	16	12	23	0	0	101	2295	757	41	19	391	28785	264	6	170	234	0	106	93	161	74	2791	881	0	0	10	37	26	58	16	43	14114	5211
C:\Data\BAS_sjro\ARD1E\XRF data\L000008.spe	16.1	8	1	0.018321	-0.006101	0.009347	0.092038	13355	1.08	12	6	6	10	0	25	92	2749	895	31	31	511	32183	296	26	181	177	68	0	116	135	65	3092	803	7	0	11	41	0	0	94	0	14551	5525
C:\Data\BAS_sjro\ARD1E\XRF data\L000009.spe	18.04	8	1	0.018321	-0.006078	0.009347	0.09203	11686	1.12	0	30	12	28	5	26	87	2113	501	42	5	364	20980	190	18	197	314	32	162	90	175	0	2821	854	0	19	8	58	22	71	5	15	14568	5281
C:\Data\BAS_sjro\ARD1E\XRF data\L000010.spe	20.1	8	1	0.018321	-0.006131	0.009346	0.09203	12973	1.2	0	0	0	25	9	26	97	2623	655	59	0	467	27912	283	24	195	341	28	0	134	210	140	3539	682	9	14	26	45	15	0	76	22	15185	5182
C:\Data\BAS_sjro\ARD1E\XRF data\L000011.spe	22.2	8	1	0.018321	-0.006111	0.009346	0.09203	11886	1.3	0	29	8	32	14	21	85	1933	560	23	24	347	22558	259	0	138	257	0	57	50	157	0	2871	826	12	36	7	48	9	68	46	5	15149	5394
C:\Data\BAS_sjro\ARD1E\XRF data\L000012.spe	24.04	8	1	0.01832	-0.006111	0.009344	0.092021	12222	1.11	0	20	0	10	0	19	89	1951	564	19	0	310	23948	173	9	167	285	0	0	20	112	119	3037	753	0	0	43	0	20	33	65	78	15127	5443
C:\Data\BAS_sjro\ARD1E\XRF data\L000013.spe	26.1	8	1	0.01832	-0.006134	0.009344	0.09203	12009	1.17	6	9	7	27	0	12	61	1527	571	10	14	272	23851	246	0	121	220	32	0	95	103	76	2931	800	0	11	0	15	0	47	122	0	15049	5456
C:\Data\BAS_sjro\ARD1E\XRF data\L000014.spe	28.2	8	1	0.01832	-0.006134	0.009344	0.092041	12380	1.21	0	12	0	14	0	20	57	1736	579	30	23	339	24857	205	0	216	277	24	0	72	204	102	3372	678	0	0	14	59	27	64	82	73	15166	5277
C:\Data\BAS_sjro\ARD1E\XRF data\L000015.spe	30.04	8	1	0.018321	-0.006166	0.009345	0.092041	12961	1.08	0	22	20	24	6	35	87	2270	737	27	0	435	29153	285	7	159	251	53	0	84	226	46	3272	671	17	14	18	20	0	0	65	0	15386	5166
C:\Data\BAS_sjro\ARD1E\XRF data\L000016.spe	32.1	8	1	0.01832	-0.006133	0.009347	0.092049	11579	1.15	0	7	0	17	5	6	58	1645	553	34	8	319	24147	234	0	115	230	0	33	97	159	14	2952	662	0	0	32	27	40	0	0	139	13898	4538
C:\Data\BAS_sjro\ARD1E\XRF data\L000017.spe	34.2	8	1	0.01832	-0.006133	0.009348	0.092049	12074	1.16	10	0	0	24	7	20	62	2055	697	54	0	392	27227	226	17	189	260	8	59	65	115	0	2717	539	0	0	0	18	0	50	7	99	13895	4902
C:\Data\BAS_sjro\ARD1E\XRF data\L000018.spe	36.04	8	1	0.01832	-0.006133	0.00935	0.092041	12405	1.15	0	0	0	18	0	7	69	1767	511	35	10	386	24008	237	0	169	281	0	175	121	171	56	3162	808	0	0	43	53	52	35	0	193	15357	5393
C:\Data\BAS_sjro\ARD1E\XRF data\L000019.spe	38.1	8	1	0.01832	-0.006133	0.009351	0.092043	13557	1.15	5	13	0	15	0	19	80	2010	626	0	16	382	27224	229	0	212	327	35	121	100	114	13	3618	882	0	0	0	27	26	83	0	109	16605	5908
C:\Data\BAS_sjro\ARD1E\XRF data\L000020.spe	40.2	8	1	0.01832	-0.006133	0.009353	0.092055	14029	1.27	0	36	11	33	9	14	100	2479	732	31	29	412	28296	168	25	272	338	0	126	44	236	87	4356	855	0	17	18	53	7	46	4	90	17312	5660
C:\Data\BAS_sjro\ARD1E\XRF data\L000021.spe	42.04	8	1	0.01832	-0.006104	0.009353	0.092073	12920	1.21	0	32	9	25	7	37	62	2287	598	66	0	377	22882	185	0	306	419	21	103	51	187	0	3842	698	0	0	0	52	0	42	0	28	16481	5475
C:\Data\BAS_sjro\ARD1E\XRF data\L000022.spe	44.1	8	1	0.018321	-0.006104	0.009353	0.092064	12138	1.18	0	12	0	31	0	19	41	1890	543	44	0	331	22285	178	13	198	355	0	39	80	121	134	3042	748	0	0	0	58	49	76	0	13	15537	5714
C:\Data\BAS_sjro\ARD1E\XRF data\L000023.spe	46.04	8	1	0.01832	-0.006075	0.009351	0.092056	13461	1.23	0	23	0	26	0	10	90	2297	746	56	0	427	27991	254	0	209	401	0	0	167	150	0	3284	827	0	0	42	35	23	21	51	73	16065	5734
C:\Data\BAS_sjro\ARD1E\XRF data\L000024.spe	48.1	8	1	0.01832	-0.006075	0.00935	0.092056	12753	1.12	7	0	0	26	0	0	75	2284	690	39	5	379	25732	271	0	211	289	60	81	139	107	76	2909	748	0	7	0	37	9	0	0	17	15798	5561
C:\Data\BAS_sjro\ARD1E\XRF data\L000025.spe	50.2	8	1	0.01832	-0.006075	0.00935	0.092072	12915	1.16	0	10	0	34	0	14	90	2033	595	21	8	394	26262	251	0	141	256	26	122	72	192	9	3210	782	7	19	45	27	18	18	0	33	15396	5734
C:\Data\BAS_sjro\ARD1E\XRF data\L000026.spe	52.04	8	1	0.01832	-0.006075	0.009348	0.092072	12907	1.15	0	0	8	15	14	8	54	2158	415	45	0	384	21172	176	0	296	437	22	0	109	291	29	3524	712	0	0	0	38	30	32	88	23	17024	5737
C:\Data\BAS_sjro\ARD1E\XRF data\L000027.spe	54.1	8	1	0.01832	-0.006097	0.00935	0.092072	13451	1.12	17	13	10	30	11	26	124	2676	760	44	11	459	27990	268	37	220	457	43	32	74	145	67	3040	779	6	26	0	64	30	23	16	73	16237	5597
C:\Data\BAS_sjro\ARD1E\XRF data\L000028.spe	56.2	8	1	0.01832	-0.006122	0.00935	0.092061	13002	1.18	0	33	18	0	8	23	90	2445	633	39	0	378	25392	235	0	313	263	37	0	96	155	47	3226	820	0	0	0	23	14	26	93	117	15781	5358
C:\Data\BAS_sjro\ARD1E\XRF data\L000029.spe	58.2	8	1	0.01832	-0.006146	0.00935	0.092076	13563	1.16	23	9	7	30	0	29	91	2445	709	41	14	422	27367	202	15	218	253	0	6	87	168	0	3271	777	0	5	0	41	6	65	0	13	16221	5650
C:\Data\BAS_sjro\ARD1E\XRF data\L000030.spe	60.2	8	1	0.01832	-0.006097	0.009351	0.092076	13638	1.17	0	13	0	22	0	23	105	2465	800	28	23	432	28095	236	17	255	298	14	61	137	238	83	3613	624	5	0	6	62	30	0	8	137	16576	5293
C:\Data\BAS_sjro\ARD1E\XRF data\L000031.spe	62.04	8	1	0.01832	-0.006097	0.009353	0.092066	13306	1.1	0	0	0	13	0	9	77	2458	710	43	20	435	27741	253	0	226	266	0	115	59	224	0	3606	748	0	0	13	19	45	88	0	122	15702	5163
C:\Data\BAS_sjro\ARD1E\XRF data\L000032.spe	64.1	8	1	0.018319	-0.006097	0.009354	0.092075	13025	1.14	0	26	0	34	10	38	52	2228	611	25	16	359	24756	200	46	223	231	11	0	48	148	46	3430	842	10	0	19	48	31	0	38	6	16352	5465
C:\Data\BAS_sjro\ARD1E\XRF data\L000033.spe	66.2	8	1	0.01832	-0.006097	0.009354	0.092071	13626	1.19	0	0	0	0	0	18	72	2369	481	45	16	436	20811	213	0	436	441	69	53	96	246	0	3943	779	0	0	6	30	0	43	110	69	18208	5850
C:\Data\BAS_sjro\ARD1E\XRF data\L000034.spe	68.04	8	1	0.01832	-0.00607	0.009355	0.092071	14132	1.15	0	11	23	46	22	25	74	2599	566	46	28	427	24762	243	0	279	384	9	76	147	279	62	4037	729	0	0	60	42	14	18	0	9	18418	6071
C:\Data\BAS_sjro\ARD1E\XRF data\L000035.spe	70.1	8	1	0.01832	-0.00607	0.009357	0.092062	13767	1.03	0	29	0	35	0	17	54	2472	406	0	29	446	17747	103	18	519	590	0	91	93	357	0	4501	649	14	8	12	46	17	29	0	0	19161	5817
C:\Data\BAS_sjro\ARD1E\XRF data\L000036.spe	72.04	8	1	0.01832	-0.006052	0.009357	0.092072	12916	1.1	0	22	5	36	0	33	51	1689	343	0	0	299	17337	112	0	360	365	16	84	92	303	10	4008	708	0	13	0	21	0	51	17	91	18458	5668
C:\Data\BAS_sjro\ARD1E\XRF data\L000037.spe	74.1	8	1	0.01832	-0.006024	0.009358	0.092065	13821	1.12	14	16	0	25	0	12	63	2318	414	15	9	373	20138	229	0	346	619	0	0	49	251	8	4923	840	0	8	0	36	80	54	19	38	19273	5822
C:\Data\BAS_sjro\ARD1E\XRF data\L000038.spe	76.2	8	1	0.01832	-0.006047	0.009358	0.092065	12759	1.22	0	17	0	21	0	7	31	1210	211	6	14	298	14367	123	0	373	625	0	77	199	364	0	3963	589	0	0	19	21	13	51	39	62	18655	5784
C:\Data\BAS_sjro\ARD1E\XRF data\L000039.spe	78.04	8	1	0.01832	-0.006047	0.009356	0.092058	14283	1.22	0	25	15	41	10	18	63	1480	612	39	0	365	24340	273	0	237	375	55	45	101	205	55	3872	913	0	0	12	20	6	35	101	14	19109	6330
C:\Data\BAS_sjro\ARD1E\XRF data\L000040.spe	80.1	8	1	0.018319	-0.006047	0.009355	0.092042	14680	1.11	0	6	18	4	0	6	36	1769	303	6	24	364	15508	125	0	447	925	8	115	191	453	14	5458	649	15	16	35	60	16	29	30	0	21935	6412
C:\Data\BAS_sjro\ARD1E\XRF data\L000041.spe	82.2	8	1	0.01832	-0.00608	0.009356	0.092053	13592	1.22	0	0	16	15	0	25	42	2063	298	23	23	365	13785	87	0	439	631	12	102	163	352	71	5134	733	6	0	26	11	7	0	0	103	20208	5961
C:\Data\BAS_sjro\ARD1E\XRF data\L000042.spe	84.04	8	1	0.01832	-0.0061	0.009356	0.092053	13749	1.2	0	28	17	28	0	10	37	2110	389	19	11	381	19162	119	0	380	523	15	126	120	269	0	5101	684	0	20	0	9	44	77	8	146	19105	5941
C:\Data\BAS_sjro\ARD1E\XRF data\L000043.spe	86.1	8	1	0.01832	-0.0061	0.009356	0.092046	14510	1.19	0	13	9	26	9	13	59	2325	309	9	21	426	15306	123	0	562	735	0	77	148	362	10	6059	745	6	8	10	50	65	32	61	36	21556	6565
C:\Data\BAS_sjro\ARD1E\XRF data\L000044.spe	88.04	8	1	0.01832	-0.006119	0.009356	0.092049	13540	1.15	0	10	0	29	0	0	38	1616	225	15	35	314	11429	113	14	445	661	0	75	37	521	0	5173	765	0	10	0	26	63	89	54	88	21536	6494
C:\Data\BAS_sjro\ARD1E\XRF data\L000045.spe	90.04	8	1	0.01832	-0.006096	0.009356	0.09204	12682	1.22	0	14	29	17	8	10	42	1146	183	9	38	207	12649	113	0	269	382	0	48	218	385	92	4455	740	13	10	26	19	19	28	51	35	19403	5893
C:\Data\BAS_sjro\ARD1E\XRF data\L000046.spe	92.04	8	1	0.01832	-0.006121	0.009356	0.092051	14168	1.19	0	29	8	35	0	4	49	1634	285	29	11	290	16511	139	0	531	552	33	8	226	372	19	5039	663	9	0	8	30	0	40	96	0	20902	6526
C:\Data\BAS_sjro\ARD1E\XRF data\L000047.spe	94.04	8	1	0.01832	-0.006154	0.009353	0.092051	16005	1.27	0	23	12	19	13	21	40	1739	229	16	0	300	13891	128	0	717	735	35	28	194	689	104	5354	775	7	12	12	38	0	67	63	8	24911	6773
C:\Data\BAS_sjro\ARD1E\XRF data\L000048.spe	96.04	8	1	0.01832	-0.006154	0.009351	0.092059	15470	1.33	0	0	0	16	0	11	21	1315	244	37	16	249	13538	118	0	596	544	34	247	156	487	0	3948	928	0	17	16	0	0	41	0	135	25322	6763
C:\Data\BAS_sjro\ARD1E\XRF data\L000049.spe	98.04	8	1	0.01832	-0.006123	0.00935	0.092072	14813	1.26	0	15	10	40	8	7	51	1010	273	40	11	205	17453	170	0	517	292	11	98	188	434	75	2849	812	9	0	0	0	47	102	7	51	22945	6264
C:\Data\BAS_sjro\ARD1E\XRF data\L000050.spe	100.04	8	1	0.018319	-0.006123	0.009348	0.092079	15473	1.23	0	22	11	24	0	15	50	949	316	49	0	183	18698	207	0	465	351	0	52	155	417	0	3035	809	0	6	43	24	13	8	32	72	24275	6911
C:\Data\BAS_sjro\ARD1E\XRF data\L000051.spe	102.04	8	1	0.018319	-0.006151	0.009349	0.092071	15476	1.18	6	7	5	32	15	11	46	971	386	29	13	302	18201	128	0	329	392	0	0	121	482	26	3521	757	9	11	24	5	0	77	84	73	24237	6725
C:\Data\BAS_sjro\ARD1E\XRF data\L000052.spe	104.04	8	1	0.018319	-0.006177	0.009349	0.092072	14735	1.24	7	13	6	32	0	11	44	1413	824	29	0	316	28907	312	43	124	311	21	0	77	167	0	3165	848	11	0	73	31	15	0	17	63	19677	6153
C:\Data\BAS_sjro\ARD1E\XRF data\L000053.spe	106.04	8	1	0.01832	-0.006177	0.009351	0.092072	14540	1.15	0	0	14	32	0	11	102	2348	1059	60	14	514	33043	268	0	242	335	5	64	98	232	88	3160	810	0	0	27	55	39	43	0	61	16818	5560
C:\Data\BAS_sjro\ARD1E\XRF data\L000054.spe	108.04	8	1	0.018319	-0.006177	0.009349	0.092072	14270	1.21	23	20	5	39	0	46	79	2576	1339	70	0	496	36504	250	28	139	271	32	97	45	114	0	2728	896	0	0	0	47	0	41	28	0	15325	5665
C:\Data\BAS_sjro\ARD1E\XRF data\L000055.spe	110.04	8	1	0.018319	-0.006125	0.009347	0.092072	12071	1.14	0	24	21	22	11	20	114	2708	530	11	6	450	19118	186	0	487	559	0	36	152	270	0	3077	511	0	35	0	25	79	0	30	25	14872	4343
C:\Data\BAS_sjro\ARD1E\XRF data\L000056.spe	112.04	8	0	0.018319	-0.006155	0.00935	0.092072	8120	1.07	0	0	26	25	0	42	50	1293	245	20	0	191	9467	80	0	260	364	0	111	83	184	49	2095	337	0	0	22	44	57	33	0	35	11387	3610
C:\Data\BAS_sjro\ARD1E\XRF data\L000057.spe	114.04	8	1	0.018319	-0.006155	0.00935	0.09206	11421	1.22	0	24	5	25	8	24	89	1778	647	26	0	274	22448	180	19	215	255	17	24	50	269	15	2488	591	4	0	0	33	36	0	9	69	14596	4451
C:\Data\BAS_sjro\ARD1E\XRF data\L000058.spe	116.04	8	1	0.018319	-0.006155	0.009348	0.09206	12715	1.32	4	16	7	5	9	16	22	1025	190	0	4	285	10340	78	0	591	501	0	47	185	453	0	3612	683	0	0	40	49	17	48	89	0	20180	5523
C:\Data\BAS_sjro\ARD1E\XRF data\L000059.spe	118.04	8	1	0.018319	-0.006155	0.009346	0.09206	15079	1.14	0	0	19	17	8	27	79	1807	310	16	16	338	13083	114	0	663	637	0	192	113	557	93	4303	776	15	0	33	33	66	24	0	0	23912	6382
C:\Data\BAS_sjro\ARD1E\XRF data\L000060.spe	120.04	8	1	0.018318	-0.006124	0.009345	0.09206	13892	1.19	5	11	6	26	0	15	53	1190	202	0	9	298	9388	92	0	532	659	58	115	152	500	0	3913	738	4	4	5	47	44	45	0	0	22925	6347
C:\Data\BAS_sjro\ARD1E\XRF data\L000061.spe	122.04	8	1	0.018319	-0.006071	0.009343	0.09206	15145	1.2	12	8	22	50	5	10	54	2483	261	17	15	488	12029	78	0	707	888	0	212	187	571	0	4967	728	0	0	45	28	45	66	0	153	23564	6548
C:\Data\BAS_sjro\ARD1E\XRF data\L000062.spe	124.1	8	1	0.018319	-0.006071	0.009343	0.09206	13222	1.02	8	26	17	35	12	33	73	3347	298	4	0	515	11322	106	0	720	945	0	95	226	538	0	4389	612	0	13	30	51	25	18	0	96	19452	5154
C:\Data\BAS_sjro\ARD1E\XRF data\L000063.spe	126.04	8	1	0.018319	-0.006071	0.009342	0.09206	13988	1.16	0	0	0	18	11	35	86	2093	343	29	8	396	13359	102	0	561	690	0	110	126	356	0	4871	861	0	5	32	0	0	51	25	7	20611	5562
C:\Data\BAS_sjro\ARD1E\XRF data\L000064.spe	128.04	8	1	0.018319	-0.006071	0.00934	0.09206	13005	1.16	0	15	9	41	8	28	48	1992	138	20	0	396	9058	52	0	478	765	31	54	169	400	28	5324	754	0	16	26	9	0	57	0	0	21082	5527
C:\Data\BAS_sjro\ARD1E\XRF data\L000065.spe	130.04	8	1	0.018318	-0.006071	0.009338	0.092049	16354	1.26	10	11	0	41	5	8	51	2244	189	22	0	448	10154	131	0	747	1048	0	155	283	625	59	6613	869	5	0	0	57	28	122	10	0	26147	6999
C:\Data\BAS_sjro\ARD1E\XRF data\L000066.spe	132.04	8	1	0.018319	-0.006071	0.009336	0.092038	13232	1.21	0	8	0	16	0	14	68	1673	187	12	10	344	9716	102	0	557	565	0	100	117	440	27	4576	687	10	8	0	55	69	51	0	0	21745	5830
C:\Data\BAS_sjro\ARD1E\XRF data\L000067.spe	134.04	8	1	0.018318	-0.006071	0.009337	0.092027	13947	1.23	0	0	0	17	0	11	17	609	96	26	8	227	10429	112	0	459	495	0	0	163	442	0	4444	583	0	0	10	59	34	80	133	7	22935	6022
C:\Data\BAS_sjro\ARD1E\XRF data\L000068.spe	136.04	8	1	0.018319	-0.006042	0.009335	0.092017	15235	1.27	0	0	20	38	0	0	26	738	172	16	20	273	12539	108	0	537	610	32	19	126	543	0	4819	808	0	0	0	60	0	62	131	0	24081	6623
C:\Data\BAS_sjro\ARD1E\XRF data\L000069.spe	138.04	8	1	0.018318	-0.006069	0.009337	0.092026	15919	1.31	0	0	0	6	4	13	33	979	175	33	0	329	12788	70	0	483	701	0	134	221	488	0	5265	632	11	0	15	13	28	54	0	66	24781	6620
C:\Data\BAS_sjro\ARD1E\XRF data\L000070.spe	140.04	8	1	0.018318	-0.006069	0.009338	0.092018	16273	1.18	0	19	13	46	6	17	77	2803	312	0	12	515	16981	135	0	670	925	0	200	222	573	0	5741	580	0	0	0	51	68	120	0	80	23288	6645
C:\Data\BAS_sjro\ARD1E\XRF data\L000071.spe	142.04	8	1	0.018318	-0.006089	0.009336	0.092018	15187	1.13	0	13	0	58	0	30	117	3589	488	17	13	532	23201	148	13	532	839	0	109	143	367	0	5066	757	0	0	19	10	26	30	27	71	20131	6190
C:\Data\BAS_sjro\ARD1E\XRF data\L000072.spe	144.04	8	1	0.018318	-0.006109	0.009338	0.092018	12823	1.2	0	13	4	59	8	58	43	2033	135	26	9	370	11023	67	0	383	523	0	75	160	404	8	4978	620	0	0	0	60	51	85	16	0	20232	5836
C:\Data\BAS_sjro\ARD1E\XRF data\L000073.spe	146.04	8	1	0.018318	-0.006109	0.00934	0.092006	14085	1.22	15	0	0	48	0	27	40	2457	222	21	12	418	15365	152	0	508	731	11	132	108	390	0	5145	758	0	0	0	0	0	38	0	0	21029	5820
C:\Data\BAS_sjro\ARD1E\XRF data\L000074.spe	148.04	8	1	0.018318	-0.006109	0.009342	0.091998	12311	1.19	0	17	0	26	0	59	30	1935	140	9	0	316	9086	56	0	358	538	0	0	92	507	0	4875	828	0	0	22	32	30	30	27	98	20055	5551
C:\Data\BAS_sjro\ARD1E\XRF data\L000075.spe	150.04	8	1	0.018318	-0.00614	0.00934	0.091998	9400	1.17	10	19	17	38	10	46	10	473	36	10	0	87	3118	30	11	169	290	17	49	49	316	21	4038	683	0	12	0	0	20	56	30	0	16694	5082
C:\Data\BAS_sjro\ARD1E\XRF data\L000076.spe	152.04	8	1	0.018319	-0.00614	0.009338	0.091998	10141	1.07	0	8	0	29	20	52	45	1046	109	0	0	192	6276	69	0	166	338	0	49	73	220	53	3795	613	0	5	0	30	6	24	45	0	17429	5054
C:\Data\BAS_sjro\ARD1E\XRF data\L000077.spe	154.04	8	1	0.018319	-0.00614	0.009337	0.091998	12476	1.13	16	24	15	33	0	41	50	1947	233	11	31	341	10621	106	0	319	505	0	109	108	377	0	4719	722	0	4	0	0	30	0	0	0	19659	5623
C:\Data\BAS_sjro\ARD1E\XRF data\L000078.spe	156.04	8	1	0.018319	-0.006161	0.009339	0.091998	14267	1.12	0	0	11	34	0	19	69	2449	271	0	5	462	14012	128	0	416	727	0	94	80	477	152	5244	879	0	11	29	21	9	38	21	41	21269	6080
C:\Data\BAS_sjro\ARD1E\XRF data\L000079.spe	158.04	8	1	0.018319	-0.006193	0.009337	0.091998	13408	1.05	10	17	22	66	0	42	97	2548	296	31	19	478	15650	160	9	497	678	0	203	140	358	0	4760	750	6	8	49	39	5	23	0	0	19675	5632
C:\Data\BAS_sjro\ARD1E\XRF data\L000080.spe	160.1	8	1	0.018319	-0.006193	0.009335	0.091998	11534	1.15	13	17	21	45	18	32	48	2002	270	0	23	362	12237	103	0	399	604	0	82	185	368	19	3960	543	8	0	12	6	65	0	8	0	16845	4691
C:\Data\BAS_sjro\ARD1E\XRF data\L000081.spe	162.1	8	1	0.018319	-0.006223	0.009337	0.091998	10619	1.11	0	0	17	32	0	39	40	1681	169	31	8	365	9740	79	0	381	537	19	125	118	329	62	3870	560	0	0	24	19	25	34	0	0	16419	4511
C:\Data\BAS_sjro\ARD1E\XRF data\L000082.spe	164.2	8	1	0.018319	-0.006198	0.009337	0.091998	12720	1.17	0	24	0	35	0	17	65	2096	307	12	0	429	14358	66	0	380	683	13	57	83	373	0	3867	612	0	0	22	32	0	106	92	12	17934	5234
C:\Data\BAS_sjro\ARD1E\XRF data\L000083.spe	166.04	8	1	0.018318	-0.006221	0.009335	0.09199	12904	1.16	0	0	30	49	11	52	76	2503	275	32	27	490	15802	186	0	471	687	0	40	93	376	70	3539	628	19	5	46	22	94	36	39	115	17717	5538
C:\Data\BAS_sjro\ARD1E\XRF data\L000084.spe	168.1	8	1	0.018318	-0.006241	0.009337	0.09199	13406	1.16	0	0	14	30	18	25	69	2087	343	10	17	413	17778	147	0	380	583	0	17	150	311	105	3275	621	0	11	44	0	10	0	61	0	18979	5650
C:\Data\BAS_sjro\ARD1E\XRF data\L000085.spe	170.2	8	1	0.018318	-0.006241	0.009336	0.09199	14236	1.16	0	22	15	28	0	21	69	1739	367	11	14	335	17583	162	0	452	538	0	31	178	487	0	3548	792	0	0	0	54	62	11	22	79	20800	5849
C:\Data\BAS_sjro\ARD1E\XRF data\L000086.spe	172.04	8	1	0.018319	-0.006241	0.009334	0.09199	14618	1.21	5	13	7	17	0	22	40	1454	305	35	11	328	13776	110	0	610	637	54	118	176	640	14	4504	750	0	17	10	25	21	37	7	99	22866	5926
C:\Data\BAS_sjro\ARD1E\XRF data\L000087.spe	174.2	8	1	0.018318	-0.006217	0.009334	0.091978	14770	1.26	11	11	0	23	0	23	46	1411	213	19	0	338	14791	147	0	625	641	11	90	196	638	16	4284	688	0	7	26	12	0	82	112	92	22302	6066
C:\Data\BAS_sjro\ARD1E\XRF data\L000088.spe	176.04	8	1	0.018318	-0.006217	0.009336	0.091988	14502	1.23	0	0	8	12	0	6	39	1109	277	14	5	247	14872	99	0	418	379	0	0	103	545	0	3837	672	5	0	0	0	11	24	80	73	22545	6133
C:\Data\BAS_sjro\ARD1E\XRF data\L000089.spe	178.1	8	1	0.018318	-0.006217	0.009337	0.091982	14094	1.15	11	10	13	23	0	0	30	683	118	23	0	262	14600	121	0	491	512	0	51	170	448	31	4060	808	0	0	0	41	32	59	35	106	22341	6174
C:\Data\BAS_sjro\ARD1E\XRF data\L000090.spe	180.1	8	1	0.018317	-0.006239	0.009337	0.091984	13599	1.3	0	0	0	5	0	0	14	674	124	11	0	240	9744	93	0	536	530	0	117	83	529	103	4126	724	0	16	22	19	35	92	13	99	22211	6546
C:\Data\BAS_sjro\ARD1E\XRF data\L000091.spe	182.2	8	1	0.018318	-0.006239	0.009338	0.091972	13837	1.3	10	0	7	36	0	11	25	724	118	9	22	241	11489	134	0	427	435	0	85	147	458	61	3931	833	11	13	0	27	88	74	7	93	22520	6567
C:\Data\BAS_sjro\ARD1E\XRF data\L000092.spe	184.04	8	1	0.018317	-0.006244	0.009338	0.091972	15606	1.4	13	19	12	28	20	6	21	782	203	17	22	263	13619	176	0	353	515	0	140	210	455	0	4596	1006	8	17	72	49	37	59	0	100	25873	6888
C:\Data\BAS_sjro\ARD1E\XRF data\L000093.spe	186.1	8	1	0.018318	-0.006244	0.009336	0.091962	16379	1.33	11	6	0	23	9	12	47	965	249	12	7	277	13692	190	0	581	590	106	114	187	604	101	5049	919	6	4	0	85	0	102	56	94	27005	7209
C:\Data\BAS_sjro\ARD1E\XRF data\L000094.spe	188.1	8	1	0.018318	-0.006244	0.009334	0.091952	17136	1.21	0	25	5	22	0	6	52	1282	221	18	5	338	13345	182	0	635	694	0	160	279	517	0	5710	956	11	20	12	49	109	113	0	0	28443	7357
C:\Data\BAS_sjro\ARD1E\XRF data\L000095.spe	190.04	8	1	0.018318	-0.006219	0.009333	0.091942	17391	1.17	0	21	12	30	7	11	51	1392	237	27	18	376	14428	141	0	786	843	0	170	89	616	0	5548	860	9	36	0	58	40	132	33	35	28029	7177
C:\Data\BAS_sjro\ARD1E\XRF data\L000096.spe	192.04	8	1	0.018318	-0.006198	0.009332	0.091935	17124	1.16	0	0	0	20	8	16	79	2118	461	0	19	493	19012	153	0	911	1022	36	97	97	634	0	5488	915	6	30	0	65	0	115	36	0	25473	6491
C:\Data\BAS_sjro\ARD1E\XRF data\L000097.spe	194.04	8	1	0.018318	-0.006198	0.00933	0.091935	12931	1.21	4	25	5	29	10	42	117	2109	451	40	0	373	16308	90	18	552	724	0	54	104	548	28	3827	497	10	0	0	5	68	80	34	0	17997	4619
C:\Data\BAS_sjro\ARD1E\XRF data\L000098.spe	196.1	7.94	0	0.018318	-0.006198	0.009328	0.091941	7868	1.08	0	16	6	15	0	37	30	797	167	22	8	158	7963	89	0	144	262	13	42	74	182	109	2128	476	0	0	16	30	79	16	0	0	12064	3637
C:\Data\BAS_sjro\ARD1E\XRF data\L000099.spe	198.04	8	1	0.018318	-0.006217	0.009328	0.091931	11007	1.09	0	0	0	24	0	28	37	908	286	0	6	285	11972	127	0	237	289	37	0	66	265	0	3078	589	0	12	0	52	21	42	106	6	16642	5091
C:\Data\BAS_sjro\ARD1E\XRF data\L000100.spe	200.04	8	1	0.018319	-0.006228	0.009327	0.091931	12265	1.11	0	22	16	29	4	29	48	1152	277	15	17	401	12737	147	0	251	308	59	152	72	296	8	3448	720	6	21	17	32	6	50	0	0	18805	5310
C:\Data\BAS_sjro\ARD1E\XRF data\L000101.spe	202.1	8	1	0.018318	-0.006228	0.009328	0.091924	12305	1.11	0	17	12	24	6	16	68	1674	332	15	7	712	14196	132	0	295	448	29	92	145	309	0	3471	737	14	23	42	40	11	0	50	0	17974	5138
C:\Data\BAS_sjro\ARD1E\XRF data\L000102.spe	204.04	8	1	0.018318	-0.00625	0.009328	0.091927	11734	1.08	0	7	19	28	0	15	47	1055	245	32	5	323	9990	113	0	273	405	5	201	151	326	41	3708	734	6	4	0	48	50	57	0	52	18508	5171
C:\Data\BAS_sjro\ARD1E\XRF data\L000103.spe	206.1	8	1	0.018318	-0.006262	0.00933	0.091927	12644	1.11	0	0	0	28	0	20	37	1399	308	8	0	288	15840	170	0	410	446	15	62	132	458	0	3824	698	0	0	0	53	0	33	35	0	18213	5131
C:\Data\BAS_sjro\ARD1E\XRF data\L000104.spe	208.1	8	1	0.018318	-0.006242	0.009332	0.091927	14756	1.3	0	33	10	52	0	12	88	1977	378	17	0	318	19485	129	0	430	643	0	67	101	347	37	4442	589	0	12	25	28	0	6	0	0	20983	5854
C:\Data\BAS_sjro\ARD1E\XRF data\L000105.spe	210.2	8	1	0.018318	-0.006242	0.009334	0.091927	13964	1.19	0	7	12	25	17	37	58	1263	269	28	10	319	13861	140	0	443	448	5	123	158	425	67	3794	693	0	14	0	29	36	50	0	106	21677	6143
C:\Data\BAS_sjro\ARD1E\XRF data\L000106.spe	212.04	8	1	0.018318	-0.006242	0.009336	0.091927	15225	1.28	17	20	0	48	29	22	59	1799	323	41	10	392	19405	232	0	690	718	0	33	197	641	0	4804	823	6	14	0	29	21	91	40	20	21730	5914
C:\Data\BAS_sjro\ARD1E\XRF data\L000107.spe	214.1	8	1	0.018318	-0.00621	0.009338	0.091936	13412	1.16	0	36	11	22	0	18	50	2645	264	20	22	515	13444	50	0	673	812	0	87	131	610	79	5245	647	0	0	35	6	0	13	0	56	19178	5390
C:\Data\BAS_sjro\ARD1E\XRF data\L000108.spe	216.1	8	1	0.018318	-0.006235	0.009336	0.091947	13266	1.18	9	0	0	36	11	19	57	2164	186	19	19	418	12571	113	0	711	780	32	150	105	700	54	5486	577	5	0	0	52	0	75	0	0	19647	5741
C:\Data\BAS_sjro\ARD1E\XRF data\L000109.spe	218.1	8	1	0.018319	-0.006261	0.009337	0.091947	14409	1.28	0	0	12	31	8	0	54	1650	200	18	10	411	13067	122	0	579	773	0	102	132	709	54	5506	791	0	0	15	36	59	113	4	0	22264	6322
C:\Data\BAS_sjro\ARD1E\XRF data\L000110.spe	220.2	8	1	0.018319	-0.006286	0.009337	0.091937	13858	1.16	0	0	0	16	0	0	45	1235	211	25	22	306	14297	148	0	502	588	25	91	74	522	0	4249	712	0	25	11	30	39	89	39	39	20985	5752
C:\Data\BAS_sjro\ARD1E\XRF data\L000111.spe	222.04	8	1	0.018319	-0.006286	0.009339	0.091937	13287	1.05	0	21	14	24	9	23	30	1425	296	13	5	364	15176	152	0	379	518	26	75	143	252	25	4541	826	7	6	16	36	19	12	0	14	19363	5845
C:\Data\BAS_sjro\ARD1E\XRF data\L000112.spe	224.1	8	1	0.018319	-0.006286	0.00934	0.091946	14174	1.3	0	13	9	17	0	11	31	1050	236	19	10	309	14532	144	12	374	508	0	100	255	385	5	4525	770	15	0	0	48	64	63	0	0	21595	6495
C:\Data\BAS_sjro\ARD1E\XRF data\L000113.spe	226.1	8	1	0.018319	-0.006286	0.009341	0.091937	14241	1.19	13	0	19	24	0	16	12	617	148	14	5	261	9874	116	0	361	445	24	91	118	591	24	4412	775	0	8	9	24	0	72	69	22	23647	6639
C:\Data\BAS_sjro\ARD1E\XRF data\L000114.spe	228.1	8	1	0.018319	-0.006286	0.009341	0.091929	14039	1.37	0	0	0	7	0	0	22	584	134	21	12	192	9195	108	0	314	484	0	97	155	518	0	4688	762	6	9	39	41	117	53	0	107	23655	6746
C:\Data\BAS_sjro\ARD1E\XRF data\L000115.spe	230.1	8	1	0.018319	-0.006309	0.009341	0.09193	13752	1.39	0	0	11	14	0	0	12	597	135	15	7	226	8897	63	0	376	535	0	169	136	562	64	5452	690	12	7	0	15	23	42	0	85	23061	6607
C:\Data\BAS_sjro\ARD1E\XRF data\L000116.spe	232.1	8	1	0.018319	-0.006285	0.009341	0.091943	13881	1.28	0	13	0	34	4	5	26	688	122	17	9	232	10096	128	0	357	566	0	0	143	513	0	5126	799	0	6	0	0	37	65	97	0	23117	6667
C:\Data\BAS_sjro\ARD1E\XRF data\L000117.spe	234.04	8	1	0.018319	-0.006285	0.009341	0.091933	14432	1.31	0	0	0	9	0	0	13	852	200	17	0	303	12927	177	0	370	598	0	136	116	590	0	6270	821	0	0	37	55	81	50	0	84	23433	6785
C:\Data\BAS_sjro\ARD1E\XRF data\L000118.spe	236.1	8	1	0.018319	-0.006285	0.009336	0.09192	14536	1.31	9	0	13	28	17	11	38	1027	308	11	7	289	16558	151	0	413	496	0	160	132	573	75	6363	865	9	12	0	21	65	23	0	34	22206	6651
C:\Data\BAS_sjro\ARD1E\XRF data\L000119.spe	238.1	8	1	0.018319	-0.006285	0.009335	0.091901	16140	1.19	0	0	6	0	14	5	56	1998	571	32	12	436	25417	173	0	410	530	0	0	242	631	63	5728	913	11	7	13	35	0	36	52	131	21993	6714
C:\Data\BAS_sjro\ARD1E\XRF data\L000120.spe	240.1	8	1	0.018318	-0.006285	0.009333	0.091901	14596	1.17	0	8	17	20	6	15	78	2976	747	14	12	483	26879	254	0	457	526	0	55	123	451	42	3646	715	5	26	35	77	29	54	30	27	18365	5698
C:\Data\BAS_sjro\ARD1E\XRF data\L000121.spe	242.04	8	1	0.018319	-0.006209	0.009333	0.091901	9985	1.15	0	0	8	23	6	15	18	1179	321	20	5	255	12781	158	0	212	281	10	38	9	310	61	2883	609	0	5	24	5	0	55	45	44	15034	4786
C:\Data\BAS_sjro\ARD1E\XRF data\L000122.spe	244.1	8	1	0.018319	-0.006209	0.009332	0.091901	12194	1.15	0	0	0	13	0	8	44	1224	538	17	17	304	22097	250	0	163	184	5	0	30	256	0	2779	804	0	0	42	18	0	68	70	60	16306	5403
C:\Data\BAS_sjro\ARD1E\XRF data\L000123.spe	246.04	8	1	0.018319	-0.006181	0.00933	0.091901	11981	1.12	0	0	17	14	0	0	41	1128	578	35	0	258	23860	183	0	122	141	56	0	65	110	0	3011	671	0	8	0	37	0	0	57	78	14826	5367
C:\Data\BAS_sjro\ARD1E\XRF data\L000124.spe	248.1	8	1	0.018318	-0.006181	0.009328	0.091901	11436	1.26	8	8	0	12	9	8	57	1069	582	12	22	321	25641	277	0	63	145	58	116	42	56	89	2539	747	0	0	0	36	0	25	12	24	13252	5198
C:\Data\BAS_sjro\ARD1E\XRF data\L000125.spe	250.04	8	1	0.018319	-0.006154	0.009327	0.091901	12101	1.23	0	0	4	12	0	0	52	1359	618	19	11	310	26941	220	0	283	187	7	26	118	114	0	2839	696	0	0	0	13	30	37	0	44	13849	5884
C:\Data\BAS_sjro\ARD1E\XRF data\L000126.spe	252.04	8	1	0.018319	-0.006177	0.009328	0.091901	14236	1.23	0	12	16	11	0	0	19	832	229	0	16	264	12774	148	0	364	346	0	185	82	377	127	4370	892	0	0	0	21	52	46	0	62	22817	6862
C:\Data\BAS_sjro\ARD1E\XRF data\L000127.spe	254.04	8	1	0.018319	-0.006203	0.009328	0.091901	15675	1.31	22	12	0	27	0	7	32	732	152	8	10	202	10102	128	0	354	407	0	163	172	580	26	5112	897	0	4	49	24	98	80	13	18	27520	7312
C:\Data\BAS_sjro\ARD1E\XRF data\L000128.spe	256.04	8	1	0.018319	-0.006237	0.00933	0.091901	14718	1.24	0	0	7	4	0	12	40	737	200	38	10	458	13620	171	0	358	385	0	82	174	609	33	4851	765	0	5	0	19	61	78	35	43	23863	6381
C:\Data\BAS_sjro\ARD1E\XRF data\L000129.spe	258.1	8	1	0.01832	-0.006264	0.00933	0.091901	13157	1.14	0	0	7	38	0	14	34	693	289	26	0	1896	17100	162	20	381	437	0	15	136	360	0	2898	705	4	0	0	42	64	58	67	18	19315	5393
C:\Data\BAS_sjro\ARD1E\XRF data\L000130.spe	260.04	8	1	0.018319	-0.006264	0.00933	0.09189	14721	1.18	7	10	0	18	0	0	46	803	257	22	14	359	14596	174	0	364	366	13	66	148	384	0	3796	850	6	0	16	12	0	81	44	37	23411	6352
C:\Data\BAS_sjro\ARD1E\XRF data\L000131.spe	262.1	8	1	0.01832	-0.006295	0.009328	0.091878	15770	1.21	0	8	0	13	9	10	71	1454	355	14	10	348	17976	182	0	611	528	0	0	214	673	103	4051	874	0	35	16	51	37	75	207	5	23124	6220
C:\Data\BAS_sjro\ARD1E\XRF data\L000132.spe	264.04	8	1	0.01832	-0.006304	0.009326	0.091868	12364	1.21	7	29	11	39	0	21	124	1864	504	33	10	286	20940	178	6	360	330	0	56	49	298	195	2663	683	0	15	34	44	34	26	0	122	16107	4590
C:\Data\BAS_sjro\ARD1E\XRF data\L000133.spe	266.1	8	1	0.01832	-0.006304	0.009324	0.091868	10555	1.03	7	19	8	30	0	15	62	1097	431	11	0	252	18513	147	0	155	187	51	31	64	151	20	2376	690	0	6	0	20	24	31	60	0	14195	4807
C:\Data\BAS_sjro\ARD1E\XRF data\L000134.spe	268.04	8	1	0.018319	-0.006304	0.009326	0.091866	11998	1.27	0	6	0	21	0	16	45	1031	388	53	0	316	19319	270	0	242	340	0	0	22	247	44	2614	729	0	0	26	28	39	59	156	79	15475	5339
C:\Data\BAS_sjro\ARD1E\XRF data\L000135.spe	270.1	8	1	0.018319	-0.006304	0.009328	0.091866	12792	1.28	0	0	0	33	6	5	83	1732	503	14	10	480	23533	151	0	525	404	77	0	98	284	141	2892	721	0	0	0	27	0	33	77	109	15118	4958
C:\Data\BAS_sjro\ARD1E\XRF data\L000136.spe	272.04	8	1	0.01832	-0.006304	0.009329	0.091866	11790	1.1	0	13	24	24	13	13	69	1635	459	6	4	371	20576	129	0	492	382	12	0	130	312	0	2521	547	0	0	25	0	35	0	43	20	14568	4529
C:\Data\BAS_sjro\ARD1E\XRF data\L000137.spe	274.1	8	1	0.01832	-0.006317	0.009331	0.091866	10396	1.15	0	16	6	31	0	0	78	1597	486	48	0	351	19726	183	0	294	382	58	0	64	192	45	2146	560	0	0	0	51	0	42	126	0	12957	4282
C:\Data\BAS_sjro\ARD1E\XRF data\L000138.spe	276.2	8	1	0.01832	-0.006317	0.009329	0.091876	11926	1.15	0	16	0	18	0	26	77	1660	451	11	7	364	18919	123	22	467	456	16	139	84	350	0	2717	753	0	8	0	30	13	43	0	46	15300	4662
C:\Data\BAS_sjro\ARD1E\XRF data\L000139.spe	278.04	8	1	0.01832	-0.006317	0.009328	0.091876	12429	1.22	6	17	17	14	0	7	35	874	224	0	6	302	11338	113	0	349	452	46	68	172	355	59	3498	755	0	0	0	46	0	53	60	51	19375	5452
C:\Data\BAS_sjro\ARD1E\XRF data\L000140.spe	280.1	8	1	0.01832	-0.006317	0.009326	0.091876	14920	1.17	0	0	13	17	6	11	35	1072	266	22	5	318	13075	97	16	511	533	35	7	206	483	40	4372	827	0	4	0	74	13	28	92	15	23650	6655
C:\Data\BAS_sjro\ARD1E\XRF data\L000141.spe	282.04	8	1	0.01832	-0.006317	0.009324	0.091883	14822	1.13	0	0	0	22	0	0	24	909	149	13	15	285	10690	108	0	380	597	0	45	229	486	62	4833	802	7	29	47	23	40	64	0	58	24165	6628
C:\Data\BAS_sjro\ARD1E\XRF data\L000142.spe	284.1	8	1	0.01832	-0.006317	0.009324	0.091875	13912	1.14	0	0	4	22	0	0	33	1169	170	10	8	350	9748	110	0	471	652	0	105	192	313	9	4689	732	8	9	0	58	45	61	21	76	22806	6319
C:\Data\BAS_sjro\ARD1E\XRF data\L000143.spe	286.04	8	1	0.018321	-0.006317	0.009323	0.091866	15708	1.35	0	20	0	11	0	7	35	1196	178	34	0	343	12156	136	0	494	628	10	78	146	401	0	5165	805	8	27	0	59	12	80	0	0	25477	6932
C:\Data\BAS_sjro\ARD1E\XRF data\L000144.spe	288.1	8	1	0.018321	-0.006317	0.009321	0.091855	14224	1.22	10	10	26	26	0	0	27	1028	172	30	0	254	9025	85	0	310	558	0	57	107	456	49	4612	782	6	0	52	22	54	17	86	12	24339	6679
C:\Data\BAS_sjro\ARD1E\XRF data\L000145.spe	290.04	8	1	0.018321	-0.006317	0.009323	0.091855	15555	1.18	18	0	0	37	0	5	31	738	122	17	29	260	10578	136	0	468	453	0	31	118	462	69	4916	947	5	12	0	8	37	159	41	39	26252	6814
C:\Data\BAS_sjro\ARD1E\XRF data\L000146.spe	292.1	8	1	0.018322	-0.006317	0.009319	0.091842	16586	1.37	0	6	0	28	0	0	39	1273	184	45	4	350	13751	86	0	544	638	9	121	186	567	0	4729	721	0	0	13	67	49	67	0	59	26475	7196
C:\Data\BAS_sjro\ARD1E\XRF data\L000147.spe	294.04	8	1	0.018322	-0.006352	0.009317	0.091842	14670	1.26	6	11	6	19	0	12	33	943	167	28	4	277	10036	70	0	362	428	42	12	226	442	12	4071	699	13	23	0	21	42	75	125	0	24804	6853
C:\Data\BAS_sjro\ARD1E\XRF data\L000148.spe	296.04	8	1	0.018322	-0.006322	0.009318	0.091852	14437	1.14	0	0	0	14	0	0	37	981	204	26	0	267	12184	105	0	410	469	0	112	129	297	0	4172	729	7	9	0	6	52	44	0	0	23246	6540
C:\Data\BAS_sjro\ARD1E\XRF data\L000149.spe	298.04	8	1	0.018322	-0.006322	0.00932	0.091841	14752	1.21	0	0	11	18	0	0	27	954	125	21	9	336	8602	56	0	518	742	0	118	134	476	0	4958	756	0	0	39	26	140	42	0	38	24798	7060
C:\Data\BAS_sjro\ARD1E\XRF data\L000150.spe	300.04	8	1	0.018322	-0.006322	0.00932	0.091838	15362	1.2	0	5	5	0	7	10	51	1866	159	10	12	537	10682	31	0	683	943	0	0	101	614	72	5402	829	0	13	0	44	0	91	93	0	24907	6977
C:\Data\BAS_sjro\ARD1E\XRF data\L000151.spe	302.04	8	1	0.018322	-0.006322	0.009318	0.091838	15684	1.23	0	0	28	33	8	0	53	2205	231	14	0	589	10071	77	0	720	965	39	89	167	559	99	5806	898	0	0	0	49	45	52	32	0	25456	7073
C:\Data\BAS_sjro\ARD1E\XRF data\L000152.spe	304.04	8	1	0.018322	-0.006322	0.00932	0.091845	15741	1.23	0	0	0	50	0	18	32	1952	180	33	0	591	10931	90	0	649	1038	0	0	161	600	9	6092	793	9	6	57	40	70	50	140	10	24967	6787
C:\Data\BAS_sjro\ARD1E\XRF data\L000153.spe	306.04	8	1	0.018322	-0.006341	0.009321	0.091845	14776	1.08	11	0	13	27	0	29	52	1600	130	4	15	446	8955	48	0	646	800	0	139	168	554	0	5565	597	5	14	21	0	27	74	0	54	24251	6360
C:\Data\BAS_sjro\ARD1E\XRF data\L000154.spe	308.04	8	1	0.018322	-0.006367	0.009321	0.091845	16621	1.2	0	0	12	23	0	18	27	2063	145	10	8	679	9616	61	9	662	1062	0	210	260	678	85	6990	773	7	0	0	26	53	130	0	99	26925	6705
C:\Data\BAS_sjro\ARD1E\XRF data\L000155.spe	310.04	8	1	0.018322	-0.006367	0.009322	0.091838	17246	1.08	0	0	0	39	0	27	38	3020	181	31	9	761	15149	129	0	707	1124	32	160	188	623	0	6551	782	0	10	0	0	32	40	0	40	25642	6647
C:\Data\BAS_sjro\ARD1E\XRF data\L000156.spe	312.04	8	1	0.018322	-0.006367	0.009321	0.091838	14258	1.19	20	20	24	36	13	43	53	3704	153	16	0	684	13596	30	11	599	895	22	91	110	525	44	5503	641	6	0	0	5	0	38	0	74	21255	5608
C:\Data\BAS_sjro\ARD1E\XRF data\L000157.spe	314.04	7.98	1	0.018322	-0.00639	0.009319	0.091831	14532	1.2	0	17	20	21	0	15	67	2946	250	0	0	697	12473	121	0	637	837	0	107	215	435	0	5698	748	0	0	13	32	16	0	13	0	21749	5846
C:\Data\BAS_sjro\ARD1E\XRF data\L000158.spe	316.04	7.94	1	0.018321	-0.00639	0.009317	0.091831	14399	1.05	0	0	20	31	0	19	76	3549	276	25	17	754	14618	93	0	604	1104	7	0	188	577	120	6392	687	0	7	44	0	27	32	51	46	20902	6058
C:\Data\BAS_sjro\ARD1E\XRF data\L000159.spe	318.04	7.9	1	0.018322	-0.00639	0.009319	0.091831	13269	1.11	0	0	8	32	0	16	71	2101	145	18	0	517	9604	37	0	481	728	32	62	115	400	0	5727	704	0	0	33	33	53	0	20	0	20937	6173
C:\Data\BAS_sjro\ARD1E\XRF data\L000160.spe	320.04	7.93	1	0.018322	-0.006414	0.009317	0.091831	14844	1.09	0	12	9	18	0	22	58	3820	267	23	0	756	14597	83	9	665	966	0	226	190	399	0	5910	573	0	0	47	64	63	17	0	67	21522	5972
C:\Data\BAS_sjro\ARD1E\XRF data\L000161.spe	322.04	7.99	1	0.018321	-0.006441	0.009316	0.091831	11907	1.23	0	0	5	47	0	51	24	1927	134	19	0	420	8525	60	0	396	526	37	50	45	377	0	4340	683	0	0	0	30	0	41	18	0	19425	5335
C:\Data\BAS_sjro\ARD1E\XRF data\L000162.spe	324.04	7.99	1	0.018321	-0.006441	0.009315	0.091831	13078	1.04	0	0	8	33	0	37	21	2235	152	0	8	394	10815	109	0	494	520	0	32	84	318	0	4746	811	0	0	0	47	15	51	11	12	20306	5559
C:\Data\BAS_sjro\ARD1E\XRF data\L000163.spe	326.04	7.99	1	0.018321	-0.006462	0.009316	0.091831	9648	1.03	0	7	17	8	0	58	74	2597	234	0	10	513	11612	105	0	478	544	12	93	67	232	0	3267	470	8	11	0	24	26	35	0	36	13432	3852
C:\Data\BAS_sjro\ARD1E\XRF data\L000164.spe	328.04	7.99	1	0.018321	-0.006437	0.009317	0.091824	10347	1.16	0	12	16	25	0	38	82	2526	249	8	0	548	11677	71	5	402	510	0	97	94	273	17	3698	462	0	0	4	50	42	46	0	0	14769	4287
C:\Data\BAS_sjro\ARD1E\XRF data\L000165.spe	330.04	7.99	1	0.018321	-0.006437	0.009316	0.091824	13801	1.16	6	6	20	29	12	33	62	2651	195	0	11	572	12877	130	0	524	731	0	100	126	403	0	5115	707	0	14	29	60	92	109	16	0	20822	5627
C:\Data\BAS_sjro\ARD1E\XRF data\L000166.spe	332.04	8	1	0.01832	-0.006437	0.009318	0.091823	14324	1.06	0	6	23	41	9	30	81	3159	225	28	20	663	16653	97	0	647	761	0	122	153	418	0	4366	709	0	8	25	7	17	60	0	10	20236	5086
C:\Data\BAS_sjro\ARD1E\XRF data\L000167.spe	334.04	8	1	0.018321	-0.006418	0.009318	0.091823	13332	1.21	0	13	10	37	0	22	38	2309	212	7	0	564	15353	158	15	629	693	34	97	123	381	86	3999	670	0	0	9	35	0	70	57	0	19215	4800
C:\Data\BAS_sjro\ARD1E\XRF data\L000168.spe	336.04	8	1	0.018321	-0.006387	0.009318	0.091823	14890	1.02	0	0	10	39	0	35	79	2778	304	0	43	639	21003	144	0	677	709	33	47	208	455	0	3777	656	0	8	0	51	32	65	81	41	20571	5129
C:\Data\BAS_sjro\ARD1E\XRF data\L000169.spe	338.04	8	1	0.018321	-0.006406	0.009318	0.091823	12462	1.15	0	0	0	23	0	43	47	2033	264	13	0	452	15680	99	0	576	406	0	74	166	394	0	3028	390	5	5	56	33	48	20	75	52	17384	4628
C:\Data\BAS_sjro\ARD1E\XRF data\L000170.spe	340.04	8	1	0.018321	-0.006406	0.009316	0.091823	11421	1.15	0	0	0	28	0	33	33	1802	306	17	7	462	16162	81	6	495	371	0	23	128	388	0	2781	622	0	12	7	0	24	70	110	38	15145	4291
C:\Data\BAS_sjro\ARD1E\XRF data\L000171.spe	342.04	8	0	0.018321	-0.006406	0.009316	0.091815	7747	1.23	0	13	7	14	0	36	53	1270	258	14	0	320	11167	71	10	244	192	0	6	28	139	15	1740	504	0	0	23	0	42	23	26	0	10069	3707
C:\Data\BAS_sjro\ARD1E\XRF data\L000172.spe	344.1	8	1	0.018321	-0.006406	0.009318	0.091815	9763	1.12	0	7	0	16	0	15	76	1273	544	7	0	275	22027	261	0	44	58	0	36	0	112	0	1726	709	0	5	0	19	8	66	0	50	10817	4424
C:\Data\BAS_sjro\ARD1E\XRF data\L000173.spe	346.1	8	1	0.018321	-0.006406	0.009317	0.091815	11963	1.12	0	6	0	25	12	23	76	1554	730	47	11	339	30080	242	0	73	149	0	48	0	0	86	2266	897	4	0	27	31	34	32	0	114	12512	5287
C:\Data\BAS_sjro\ARD1E\XRF data\L000174.spe	348.04	8	1	0.018322	-0.006386	0.009317	0.091824	10861	1.18	9	0	0	15	0	19	119	1684	742	33	11	357	32028	204	5	91	114	0	0	26	55	70	1715	688	4	7	0	0	12	16	29	82	9937	4097
C:\Data\BAS_sjro\ARD1E\XRF data\L000175.spe	350.1	8	1	0.018321	-0.006386	0.009315	0.091824	10628	1.26	0	19	0	13	4	17	101	1862	801	55	0	424	31918	235	0	97	118	0	163	111	77	0	1832	508	0	0	14	44	64	22	0	196	9548	3685
C:\Data\BAS_sjro\ARD1E\XRF data\L000176.spe	352.1	8	1	0.018321	-0.006364	0.009315	0.091826	10525	1.18	0	10	0	11	5	9	86	1782	740	81	5	368	31697	300	21	70	78	16	0	0	37	71	1729	627	8	14	0	30	15	36	61	16	9615	4052
C:\Data\BAS_sjro\ARD1E\XRF data\L000177.spe	354.1	8	1	0.018321	-0.006364	0.009313	0.091832	10580	1.17	14	22	0	12	0	9	81	1764	860	45	17	365	32042	308	0	60	129	26	68	58	101	62	1718	644	0	0	0	57	31	47	0	107	9479	4014
C:\Data\BAS_sjro\ARD1E\XRF data\L000178.spe	356.1	8	1	0.018321	-0.006364	0.009315	0.091832	10576	1.19	0	0	0	10	0	20	85	1675	809	43	0	341	31313	308	0	61	103	28	77	11	46	53	1766	633	0	0	0	0	0	22	0	6	9717	4069
C:\Data\BAS_sjro\ARD1E\XRF data\L000179.spe	358.04	8	1	0.018321	-0.006345	0.009315	0.091842	11381	1.16	0	14	0	16	0	20	68	1774	795	16	15	310	31100	269	36	97	79	44	51	13	58	21	1951	614	0	11	0	47	0	22	0	113	11104	4850
C:\Data\BAS_sjro\ARD1E\XRF data\L000180.spe	360.1	8	1	0.018321	-0.006365	0.009315	0.091841	11826	1.28	0	10	21	31	10	18	103	1850	811	80	32	382	31429	280	0	53	155	0	94	57	28	33	2060	713	0	6	10	49	73	15	0	103	11728	4981
C:\Data\BAS_sjro\ARD1E\XRF data\L000181.spe	362.2	8	1	0.018321	-0.006365	0.009315	0.091841	11964	1.18	9	0	0	12	8	0	91	1884	791	51	18	390	31855	276	11	65	152	32	75	26	83	58	1986	881	0	0	0	69	23	64	0	92	11848	5052
C:\Data\BAS_sjro\ARD1E\XRF data\L000182.spe	364.04	8	1	0.018321	-0.006365	0.009315	0.091853	11694	1.18	0	14	4	29	0	20	70	1775	806	10	10	340	31240	257	0	73	98	15	35	0	82	42	2053	879	0	0	0	50	25	78	13	47	11913	5034
C:\Data\BAS_sjro\ARD1E\XRF data\L000183.spe	366.1	8	1	0.01832	-0.006373	0.009317	0.091853	11563	1.2	0	7	6	16	0	0	93	1652	738	40	17	306	30175	248	12	62	133	102	71	63	59	19	2104	861	11	0	0	11	0	60	0	39	11975	5157
C:\Data\BAS_sjro\ARD1E\XRF data\L000184.spe	368.2	8	1	0.01832	-0.006373	0.009315	0.091853	11775	1.07	8	28	0	14	8	9	91	1800	826	0	26	337	32016	306	0	88	122	46	49	122	171	51	2197	770	0	31	13	0	45	14	0	105	11796	5158
C:\Data\BAS_sjro\ARD1E\XRF data\L000185.spe	370.04	8	1	0.01832	-0.006373	0.009315	0.091842	11522	1.1	0	33	15	19	13	17	92	1786	729	31	12	385	30083	345	0	20	90	5	0	95	83	12	2050	851	0	25	23	35	41	31	88	21	11673	4913
C:\Data\BAS_sjro\ARD1E\XRF data\L000186.spe	372.1	8	1	0.01832	-0.006393	0.009315	0.091852	11451	1.14	0	19	0	13	4	17	65	1458	683	25	12	290	29289	275	43	38	101	104	0	52	28	29	2104	770	0	13	6	46	0	35	47	44	11908	5062
C:\Data\BAS_sjro\ARD1E\XRF data\L000187.spe	374.04	8	1	0.01832	-0.006412	0.009315	0.091852	11681	1.16	0	13	10	18	10	13	95	1620	813	25	15	370	30632	285	12	28	93	92	61	0	73	5	2051	849	0	0	0	17	0	48	8	0	11876	5053
C:\Data\BAS_sjro\ARD1E\XRF data\L000188.spe	376.1	8	1	0.01832	-0.006412	0.009313	0.091852	11363	1.14	13	21	4	5	7	14	63	1195	650	45	14	288	26963	237	0	94	144	53	61	34	119	91	2127	903	4	0	0	70	17	64	31	30	12667	5219
C:\Data\BAS_sjro\ARD1E\XRF data\L000189.spe	378.04	8	1	0.01832	-0.006389	0.009313	0.091862	11431	1.25	0	21	9	16	15	10	57	1315	646	37	17	281	27875	267	24	29	81	21	40	65	94	102	2120	856	10	0	37	25	11	27	5	50	12433	5152
C:\Data\BAS_sjro\ARD1E\XRF data\L000190.spe	380.04	8	1	0.01832	-0.006345	0.009313	0.091862	11427	1.28	5	6	8	21	7	0	62	1274	581	47	0	308	27503	304	0	13	91	18	46	78	85	104	2144	845	7	9	19	28	0	40	0	0	12500	5285
C:\Data\BAS_sjro\ARD1E\XRF data\L000191.spe	382.04	8	1	0.018321	-0.006302	0.009313	0.091862	11664	1.15	0	10	0	17	4	10	72	1325	627	77	0	334	28543	254	0	52	126	0	102	29	108	93	2221	875	4	14	0	26	56	61	0	0	12477	5184
C:\Data\BAS_sjro\ARD1E\XRF data\L000192.spe	384.04	8	1	0.01832	-0.006333	0.009315	0.091871	12034	1.22	13	29	8	9	0	6	81	1453	759	50	0	321	31306	263	0	45	125	40	0	132	78	80	2260	704	0	0	21	42	9	46	129	59	12733	5251
C:\Data\BAS_sjro\ARD1E\XRF data\L000193.spe	386.04	8	1	0.01832	-0.006333	0.009316	0.091871	10852	1.13	24	9	9	18	0	12	55	1155	581	0	13	276	24688	214	0	31	87	27	16	14	122	45	2068	815	0	0	0	0	0	37	0	37	11983	5099
C:\Data\BAS_sjro\ARD1E\XRF data\L000194.spe	388.04	8	1	0.01832	-0.006298	0.009318	0.091861	11334	1.22	11	0	0	0	12	7	47	1056	478	42	13	261	25849	240	13	81	125	0	8	72	80	20	2173	689	0	21	0	43	45	85	64	14	12884	5355
C:\Data\BAS_sjro\ARD1E\XRF data\L000195.spe	390.04	8	1	0.018319	-0.006324	0.009317	0.091868	13544	1.2	0	26	0	17	0	7	95	1937	837	67	17	411	35260	343	0	67	171	36	32	99	49	37	2504	876	0	6	45	19	0	23	22	50	14066	5528
C:\Data\BAS_sjro\ARD1E\XRF data\L000196.spe	392.04	8	1	0.018319	-0.006302	0.009315	0.091868	11634	1.2	0	0	11	16	6	8	48	1172	472	20	10	300	17398	172	7	216	310	0	28	130	269	31	2995	881	0	6	31	69	96	19	0	0	15942	5724
C:\Data\BAS_sjro\ARD1E\XRF data\L000197.spe	394.04	8	1	0.01832	-0.00627	0.009314	0.091868	13994	1.25	0	0	0	22	0	8	72	1489	420	26	11	460	19048	119	0	475	556	61	98	108	337	74	3935	894	0	17	0	37	0	43	0	31	19062	6105
C:\Data\BAS_sjro\ARD1E\XRF data\L000198.spe	396.04	8	1	0.01832	-0.00627	0.009312	0.091868	14452	1.22	0	0	0	19	0	13	76	1438	353	46	0	524	16947	169	0	470	538	77	72	23	440	42	4094	707	0	0	0	45	0	126	60	0	20609	6296
C:\Data\BAS_sjro\ARD1E\XRF data\L000199.spe	398.04	8	1	0.01832	-0.00627	0.009313	0.091868	14397	1.28	0	13	11	37	4	21	47	1498	343	44	15	568	18473	159	28	479	569	0	17	173	374	11	4054	739	6	0	41	52	82	52	43	0	20400	6020
C:\Data\BAS_sjro\ARD1E\XRF data\L000200.spe	400.04	8	1	0.018319	-0.00627	0.009314	0.091868	13213	1.12	0	9	10	14	6	19	69	1872	389	32	0	508	21141	166	0	452	469	0	0	217	316	22	3439	785	0	9	30	27	38	0	47	17	17338	5155
C:\Data\BAS_sjro\ARD1E\XRF data\L000201.spe	402.04	8	1	0.018319	-0.00627	0.009314	0.091868	12005	1.14	0	15	0	28	0	21	98	1932	686	0	31	430	26944	228	0	253	268	16	56	48	218	0	2459	726	0	0	18	0	16	20	26	0	13479	4958
C:\Data\BAS_sjro\ARD1E\XRF data\L000202.spe	404.04	8	1	0.018319	-0.00627	0.009316	0.091868	12595	1.16	0	33	8	13	7	28	135	2396	1020	33	11	408	36011	343	9	30	99	0	30	57	36	16	1996	780	0	0	27	19	56	0	0	71	11984	5053
C:\Data\BAS_sjro\ARD1E\XRF data\L000203.spe	406.04	8	1	0.01832	-0.00627	0.009318	0.091875	12407	1.1	0	30	0	0	12	26	151	2513	1050	17	31	410	35615	250	42	103	114	25	6	0	90	0	2050	718	5	19	0	55	0	56	66	34	12006	5045
C:\Data\BAS_sjro\ARD1E\XRF data\L000204.spe	408.04	8	1	0.018319	-0.00627	0.009319	0.091886	12662	1.17	0	38	0	14	13	27	122	2401	1020	54	20	458	36134	293	17	70	92	67	16	9	72	0	2120	855	8	21	0	32	0	38	30	88	11848	5056
C:\Data\BAS_sjro\ARD1E\XRF data\L000205.spe	410.04	8	1	0.018319	-0.006259	0.009319	0.091886	12427	1.2	13	48	0	28	10	38	115	2522	993	42	22	423	35136	257	0	74	120	0	23	48	67	21	2290	773	0	36	0	45	58	50	50	0	11557	5022
C:\Data\BAS_sjro\ARD1E\XRF data\L000206.spe	412.04	8	1	0.018319	-0.006267	0.009321	0.091894	12395	1.2	5	22	0	36	18	17	143	2668	1144	65	15	438	35466	294	14	71	100	34	0	44	69	95	2069	827	0	0	0	68	39	47	62	43	11792	4879
C:\Data\BAS_sjro\ARD1E\XRF data\L000207.spe	414.04	8	1	0.018319	-0.006267	0.009323	0.091902	12869	1.17	17	34	24	21	4	13	134	2660	1120	39	8	454	36984	324	11	108	161	29	52	33	87	38	2218	758	0	0	41	47	19	50	55	45	12168	5205
C:\Data\BAS_sjro\ARD1E\XRF data\L000208.spe	416.04	8	1	0.018319	-0.006218	0.009325	0.091902	12321	1.14	21	36	15	24	0	29	106	2492	972	56	0	423	30763	272	0	114	163	0	32	99	110	64	2173	746	0	0	35	0	49	21	0	109	12795	5030
C:\Data\BAS_sjro\ARD1E\XRF data\L000209.spe	418.04	8	1	0.018319	-0.006238	0.009323	0.091902	13058	1.15	13	40	0	21	8	34	149	2791	1109	48	8	486	34784	332	34	108	144	42	0	36	88	61	2228	800	0	15	0	40	18	12	0	0	13532	5171
C:\Data\BAS_sjro\ARD1E\XRF data\L000210.spe	420.04	8	1	0.018319	-0.006238	0.009321	0.091894	12059	1.19	0	0	0	26	0	20	117	2240	924	38	4	421	30758	299	0	62	119	0	0	65	199	118	1989	758	0	0	0	40	14	42	124	0	12348	4931
C:\Data\BAS_sjro\ARD1E\XRF data\L000211.spe	422.04	8	1	0.018319	-0.006238	0.009319	0.091902	11933	1.25	9	29	17	34	11	43	130	2236	956	18	21	412	32931	278	6	47	125	0	24	80	0	93	1982	660	15	0	38	0	19	0	37	65	11378	4795
C:\Data\BAS_sjro\ARD1E\XRF data\L000212.spe	424.04	8	1	0.018319	-0.006249	0.009318	0.091902	11917	1.21	0	32	5	11	0	40	96	2282	999	56	9	362	32002	311	0	75	120	28	0	30	87	24	2050	681	0	0	27	44	0	16	66	163	11883	4955
C:\Data\BAS_sjro\ARD1E\XRF data\L000213.spe	426.04	7.99	1	0.01832	-0.006249	0.009316	0.091902	11491	1.15	7	45	13	20	17	42	118	2226	851	67	14	424	30768	262	6	66	102	67	22	0	40	50	2002	741	0	6	0	0	0	13	18	41	10956	4632
C:\Data\BAS_sjro\ARD1E\XRF data\L000214.spe	428.04	7.98	1	0.01832	-0.006249	0.009314	0.09189	11347	1.12	4	33	0	29	5	19	80	1955	955	39	0	420	32360	278	26	114	161	29	13	14	78	6	1833	694	0	0	0	38	34	71	0	70	10772	4365
C:\Data\BAS_sjro\ARD1E\XRF data\L000215.spe	430.04	7.96	1	0.01832	-0.006272	0.009316	0.09189	11723	1.18	0	23	0	23	0	9	80	2006	798	31	7	382	32272	329	17	138	168	0	33	25	150	50	1957	764	0	0	22	40	39	22	40	108	11548	4606
C:\Data\BAS_sjro\ARD1E\XRF data\L000216.spe	432.04	7.94	1	0.018319	-0.006272	0.009317	0.091882	11365	1.11	0	31	0	18	0	24	106	2400	937	72	0	395	34151	288	33	69	100	67	51	8	56	110	1796	647	0	0	20	61	0	36	0	56	10306	4022
C:\Data\BAS_sjro\ARD1E\XRF data\L000217.spe	434.04	7.94	1	0.018319	-0.006273	0.009317	0.091882	11622	1.22	0	46	5	20	9	18	107	2315	1004	58	0	422	34144	308	21	44	155	8	0	63	79	26	1908	740	0	0	23	46	40	58	47	62	10734	4523
C:\Data\BAS_sjro\ARD1E\XRF data\L000218.spe	436.04	7.94	1	0.018319	-0.006227	0.009317	0.091882	11571	1.3	5	9	0	33	0	14	89	1989	819	58	0	392	30607	267	0	128	184	27	145	72	68	0	1896	676	10	24	0	25	0	12	0	179	11704	4647
C:\Data\BAS_sjro\ARD1E\XRF data\L000219.spe	438.04	7.94	1	0.018319	-0.006198	0.009319	0.091882	13089	1.23	0	13	18	29	12	23	49	1381	422	16	6	347	20249	190	0	330	293	0	23	158	302	0	2639	650	0	21	0	16	70	0	38	0	18025	5100
C:\Data\BAS_sjro\ARD1E\XRF data\L000220.spe	440.04	7.95	1	0.018319	-0.006198	0.009317	0.091874	14142	1.2	0	20	4	37	12	7	69	1638	398	0	17	471	23219	175	0	370	345	0	53	233	438	0	2776	611	14	23	0	19	21	56	77	126	19140	5151
C:\Data\BAS_sjro\ARD1E\XRF data\L000221.spe	442.04	7.97	1	0.018319	-0.006198	0.009315	0.091874	13478	1.27	0	25	0	58	0	19	124	2252	673	11	0	467	30303	275	21	228	293	69	189	78	148	62	2700	670	0	8	23	20	0	6	0	150	15359	5275
C:\Data\BAS_sjro\ARD1E\XRF data\L000222.spe	444.04	7.95	1	0.018319	-0.006149	0.009315	0.091874	15739	1.2	8	41	6	285	0	21	123	2727	599	19	0	588	49652	365	0	345	362	55	24	0	167	63	2773	740	0	0	5	20	17	57	35	186	14764	5297
C:\Data\BAS_sjro\ARD1E\XRF data\L000223.spe	446.04	7.94	1	0.01832	-0.006118	0.009314	0.091874	11097	1.09	0	0	11	48	16	39	34	774	218	17	0	271	16588	131	0	192	240	0	121	101	240	0	2583	618	6	0	0	34	19	46	32	69	16347	5050
C:\Data\BAS_sjro\ARD1E\XRF data\L000224.spe	448.04	7.9	1	0.018319	-0.006118	0.009316	0.091874	14975	1.24	0	16	16	24	18	26	72	1854	388	26	0	644	21055	227	0	521	530	13	177	206	446	122	4342	715	0	0	13	32	30	75	30	136	21096	5912
C:\Data\BAS_sjro\ARD1E\XRF data\L000225.spe	450.04	7.9	1	0.018319	-0.006118	0.009316	0.091869	15724	1.22	0	0	20	50	0	19	67	2096	318	28	13	685	20080	163	0	540	398	0	113	129	512	53	4663	676	7	6	15	16	77	31	35	26	22539	6255
C:\Data\BAS_sjro\ARD1E\XRF data\L000226.spe	452.04	7.93	1	0.018319	-0.006148	0.009316	0.091869	15653	1.1	5	10	0	72	10	37	59	2137	272	19	23	566	19722	139	0	591	538	0	158	235	460	0	4412	775	11	21	53	9	28	0	24	87	22979	5959
C:\Data\BAS_sjro\ARD1E\XRF data\L000227.spe	454.04	7.92	1	0.018319	-0.006182	0.009315	0.091869	15534	1.21	0	0	7	21	6	17	43	2309	196	22	0	622	14305	172	0	699	654	0	67	140	586	0	4903	779	0	0	8	0	74	73	12	0	23922	6172
C:\Data\BAS_sjro\ARD1E\XRF data\L000228.spe	456.04	7.93	1	0.018319	-0.006155	0.009313	0.091869	16034	1.26	0	14	35	46	10	19	57	3012	234	24	19	811	12603	68	0	694	666	0	23	180	648	79	4954	868	7	0	39	36	109	108	45	26	25252	6395
C:\Data\BAS_sjro\ARD1E\XRF data\L000229.spe	458.04	7.93	1	0.018318	-0.006155	0.009314	0.091869	16074	1.12	17	7	0	26	7	15	52	2658	289	12	41	712	14032	101	0	621	645	83	137	209	628	0	4651	751	0	0	10	32	0	76	66	66	24709	6425
C:\Data\BAS_sjro\ARD1E\XRF data\L000230.spe	460.04	7.93	1	0.018319	-0.006128	0.009316	0.091869	16142	1.15	17	22	16	28	0	32	72	2682	350	6	12	734	16423	144	0	629	599	40	170	201	565	20	4588	889	0	0	0	28	0	89	56	44	24179	6213
C:\Data\BAS_sjro\ARD1E\XRF data\L000231.spe	462.04	7.93	1	0.018318	-0.006128	0.009317	0.091877	16079	1.2	0	5	16	59	0	21	65	2703	218	5	18	716	11771	99	0	640	612	11	214	218	668	73	4733	755	8	0	0	51	44	132	0	19	25223	6423
C:\Data\BAS_sjro\ARD1E\XRF data\L000232.spe	464.04	7.94	1	0.018318	-0.006098	0.009319	0.091877	15218	1.18	0	0	17	62	0	14	45	2678	194	12	18	690	11815	54	0	501	575	0	181	121	588	48	4242	704	0	5	35	49	55	86	0	126	23683	6063
C:\Data\BAS_sjro\ARD1E\XRF data\L000233.spe	466.04	7.95	1	0.018318	-0.006098	0.009317	0.091869	15698	1.19	0	0	0	52	0	10	45	2357	196	44	7	689	12321	117	0	430	609	0	145	226	467	49	4711	776	5	0	32	21	75	46	0	97	24566	6391
C:\Data\BAS_sjro\ARD1E\XRF data\L000234.spe	468.04	7.95	1	0.018318	-0.006079	0.009315	0.091869	14768	1.11	9	0	18	52	0	18	48	2637	226	14	0	765	12113	56	0	470	575	50	206	247	469	0	3922	607	0	0	32	7	20	72	0	56	23121	6016
C:\Data\BAS_sjro\ARD1E\XRF data\L000235.spe	470.04	7.95	1	0.018318	-0.006079	0.009314	0.091869	15634	1.09	5	11	8	82	0	26	48	1766	166	0	15	481	20863	242	0	459	398	0	75	172	375	0	3118	688	19	15	0	88	40	65	117	0	23525	5897
C:\Data\BAS_sjro\ARD1E\XRF data\L000236.spe	472.04	7.95	1	0.018318	-0.006079	0.009312	0.091869	16279	1.25	0	0	22	64	12	17	39	1693	219	7	7	467	21562	169	10	301	327	0	94	139	235	47	3052	760	7	0	28	31	6	71	52	15	24598	6328
C:\Data\BAS_sjro\ARD1E\XRF data\L000237.spe	474.04	7.97	1	0.018318	-0.006051	0.009312	0.091869	16492	1.15	0	0	0	44	0	20	58	1768	182	26	0	524	15777	99	0	407	432	0	27	97	329	0	3308	779	0	12	0	27	0	84	95	89	26368	6366
C:\Data\BAS_sjro\ARD1E\XRF data\L000238.spe	476.04	7.96	1	0.018318	-0.006065	0.00931	0.091869	17249	1.21	0	14	5	39	9	16	87	2559	327	32	7	639	18310	126	0	446	428	0	146	212	382	0	3945	863	0	0	11	0	53	55	0	37	26808	6507
C:\Data\BAS_sjro\ARD1E\XRF data\L000239.spe	478.04	7.93	1	0.018318	-0.006021	0.00931	0.091869	16610	1.18	0	0	16	42	0	17	70	2982	252	30	9	797	16963	123	0	512	568	24	148	229	616	92	4766	720	0	0	0	62	21	62	55	0	25238	6584
C:\Data\BAS_sjro\ARD1E\XRF data\L000240.spe	480.04	7.93	1	0.018318	-0.005991	0.009309	0.091869	15030	1.1	0	0	27	8	0	23	73	2254	209	39	17	598	14860	149	0	550	502	68	206	201	537	0	4583	705	16	0	0	27	12	100	0	0	22830	6083
C:\Data\BAS_sjro\ARD1E\XRF data\L000241.spe	482.04	7.91	1	0.018318	-0.00601	0.009309	0.091879	14538	1.12	0	0	0	16	10	36	63	2346	270	14	9	716	13122	72	0	550	544	25	119	161	502	97	4134	825	0	7	5	11	0	36	21	0	21965	5947
C:\Data\BAS_sjro\ARD1E\XRF data\L000242.spe	484.04	7.91	1	0.018318	-0.00601	0.009307	0.091877	15339	1.13	15	7	24	46	7	22	68	2075	221	19	9	605	12883	83	0	446	528	0	199	217	446	0	3511	594	6	0	0	27	52	25	0	0	24118	6218
C:\Data\BAS_sjro\ARD1E\XRF data\L000243.spe	486.04	7.92	1	0.018318	-0.006012	0.009307	0.091877	15544	1.22	9	21	25	61	0	27	77	1989	218	16	0	517	17799	123	0	365	445	0	189	186	367	0	3057	749	5	4	80	62	94	10	0	99	23645	6010
C:\Data\BAS_sjro\ARD1E\XRF data\L000244.spe	488.04	7.94	1	0.018317	-0.006033	0.009307	0.091866	16201	1.24	0	4	0	43	0	20	75	1640	237	7	17	471	21045	229	0	389	446	0	140	119	235	0	2485	710	0	10	0	0	41	34	12	0	24550	6187
C:\Data\BAS_sjro\ARD1E\XRF data\L000245.spe	490.04	7.93	1	0.018317	-0.006008	0.009305	0.091866	15777	1.23	0	0	8	60	6	34	66	1753	172	0	30	425	13764	103	0	388	293	0	200	265	454	24	2587	729	0	26	5	43	43	79	34	31	25207	6009
C:\Data\BAS_sjro\ARD1E\XRF data\L000246.spe	492.04	7.93	1	0.018317	-0.006036	0.009307	0.091858	16289	1.22	0	0	0	53	0	25	63	2065	231	23	0	566	16870	121	8	516	392	0	140	127	291	7	3518	862	8	0	0	41	15	101	0	121	25079	6050
C:\Data\BAS_sjro\ARD1E\XRF data\L000247.spe	494.04	7.95	1	0.018317	-0.006036	0.009309	0.091849	15324	1.14	0	5	6	47	4	29	58	2260	213	17	9	635	15214	87	11	595	438	11	0	179	430	0	3353	788	0	0	0	33	0	48	77	0	23437	5936
C:\Data\BAS_sjro\ARD1E\XRF data\L000248.spe	496.04	7.98	1	0.018317	-0.006036	0.00931	0.091849	13352	1.22	15	5	0	65	16	47	57	1420	129	22	0	384	11360	84	0	485	329	0	103	19	332	0	2855	724	5	20	39	50	78	39	7	29	22334	5227
C:\Data\BAS_sjro\ARD1E\XRF data\L000249.spe	498.04	7.98	1	0.018317	-0.006037	0.00931	0.091849	15076	1.19	0	0	5	32	0	21	25	1429	163	10	4	415	15688	95	0	675	241	0	181	189	443	43	3023	658	0	0	0	23	0	34	65	43	23804	5854
C:\Data\BAS_sjro\ARD1E\XRF data\L000250.spe	500.04	7.98	1	0.018317	-0.006037	0.009312	0.091839	14199	1.09	0	0	23	35	0	19	62	1737	216	25	0	491	18252	182	0	488	288	0	250	205	416	0	2759	643	0	0	30	39	0	24	0	33	20788	5315
C:\Data\BAS_sjro\ARD1E\XRF data\L000251.spe	502.04	7.98	1	0.018317	-0.006037	0.009313	0.091837	14565	1.09	0	0	14	18	6	23	62	1488	469	22	0	408	22783	172	0	301	214	0	136	67	266	12	2472	848	0	9	7	36	35	47	0	96	21391	5721
C:\Data\BAS_sjro\ARD1E\XRF data\L000252.spe	504.04	7.98	1	0.018317	-0.006064	0.009313	0.091828	15306	1.16	0	0	15	28	4	31	53	1436	262	7	11	396	20528	198	0	470	288	42	130	150	429	0	2452	721	0	4	6	40	0	112	67	0	22313	5886
C:\Data\BAS_sjro\ARD1E\XRF data\L000253.spe	506.04	8	1	0.018317	-0.006099	0.009312	0.091828	14730	1.27	20	0	8	55	0	20	56	1379	343	25	29	343	24622	207	0	376	218	0	75	85	375	0	2129	816	0	0	0	50	37	93	58	40	21160	5660
C:\Data\BAS_sjro\ARD1E\XRF data\L000254.spe	508.04	8	1	0.018318	-0.006099	0.009312	0.091826	16592	1.23	0	23	0	39	15	22	88	1106	404	23	15	272	22879	159	0	322	253	0	169	200	425	0	2113	1013	0	0	46	23	74	0	0	77	25855	6619
C:\Data\BAS_sjro\ARD1E\XRF data\L000255.spe	510.04	7.99	1	0.018318	-0.006099	0.00931	0.091826	13564	1.15	0	27	10	55	12	22	135	1493	662	47	25	334	32304	302	0	256	98	26	139	97	177	62	1160	614	5	14	0	14	0	41	63	92	15883	4263
C:\Data\BAS_sjro\ARD1E\XRF data\L000256.spe	512.04	8	1	0.018318	-0.006077	0.00931	0.091844	10040	1.18	0	24	0	22	0	20	117	1738	789	35	0	301	34854	333	10	110	98	0	38	36	83	49	1029	510	0	11	0	6	54	29	0	51	8487	2915
C:\Data\BAS_sjro\ARD1E\XRF data\L000257.spe	514.04	7.97	1	0.018318	-0.006077	0.00931	0.091844	10526	1.12	0	52	6	9	0	31	164	2335	1182	32	14	405	39070	301	16	67	142	32	0	0	28	25	1258	504	0	0	29	9	0	0	29	79	7642	3087
C:\Data\BAS_sjro\ARD1E\XRF data\L000258.spe	516.04	7.97	1	0.018317	-0.0061	0.009311	0.091844	9868	1.08	0	41	12	18	5	24	95	2352	1107	44	11	378	33895	280	20	92	104	0	0	0	50	55	1281	505	0	0	8	16	25	63	0	119	7990	3136
C:\Data\BAS_sjro\ARD1E\XRF data\L000259.spe	518.04	7.97	1	0.018318	-0.0061	0.009311	0.091844	11074	1.19	0	46	0	26	11	38	134	2203	1048	43	29	560	34134	331	0	44	97	101	69	27	23	102	1377	600	0	21	0	51	0	49	23	22	10253	3594
C:\Data\BAS_sjro\ARD1E\XRF data\L000260.spe	520.04	8	1	0.018318	-0.006109	0.009314	0.091844	11634	1.21	0	27	0	30	7	55	99	980	693	29	17	623	26260	229	13	83	98	20	114	93	96	47	1008	624	0	0	38	43	0	0	0	78	13803	4288
C:\Data\BAS_sjro\ARD1E\XRF data\L000261.spe	522.04	7.99	1	0.018317	-0.006109	0.009315	0.091844	11527	1.13	0	17	6	11	12	46	82	919	642	7	7	489	23796	294	7	75	98	33	0	93	78	68	1160	765	7	15	0	16	73	39	47	63	14460	4546
C:\Data\BAS_sjro\ARD1E\XRF data\L000262.spe	524.04	8	1	0.018317	-0.006055	0.009315	0.091844	11984	1.26	0	29	0	28	8	49	77	1031	693	34	6	285	23993	273	10	16	60	11	0	51	37	84	1409	801	0	10	41	45	37	0	61	0	15231	4974
C:\Data\BAS_sjro\ARD1E\XRF data\L000263.spe	526.04	7.99	1	0.018317	-0.006003	0.009315	0.091844	12263	1.14	11	47	18	33	13	43	121	1208	801	37	27	241	26833	229	0	43	64	47	0	17	137	88	1549	831	11	38	20	39	17	64	0	5	14699	4975
C:\Data\BAS_sjro\ARD1E\XRF data\L000264.spe	528.04	7.97	1	0.018317	-0.005988	0.009315	0.091844	11305	1.15	0	11	6	14	10	35	108	1037	720	37	20	251	24655	239	7	83	107	94	156	96	58	53	1428	766	0	15	0	51	0	0	0	127	13375	4764
C:\Data\BAS_sjro\ARD1E\XRF data\L000265.spe	530.04	7.95	1	0.018317	-0.005901	0.009315	0.091844	11812	1.15	15	48	18	25	9	30	125	1460	1025	8	0	324	31064	254	0	9	121	25	87	81	46	0	1231	962	0	0	26	44	0	11	0	53	12534	4477
C:\Data\BAS_sjro\ARD1E\XRF data\L000266.spe	532.04	7.93	1	0.018317	-0.005901	0.009317	0.091853	12261	1.18	0	49	12	38	8	42	172	1628	1109	27	34	386	34588	334	5	57	132	35	17	0	63	101	1512	1010	0	9	0	47	0	45	63	0	12146	4760
C:\Data\BAS_sjro\ARD1E\XRF data\L000267.spe	534.04	7.93	1	0.018317	-0.005852	0.009317	0.091853	12728	1.24	0	79	17	22	8	25	191	1854	1235	64	5	439	37090	304	0	15	99	57	0	46	71	73	1575	961	0	0	0	43	36	37	7	64	12320	4733
C:\Data\BAS_sjro\ARD1E\XRF data\L000268.spe	536.04	7.92	1	0.018318	-0.005804	0.009317	0.091853	12493	1.12	0	12	0	25	0	17	164	1657	1101	36	0	419	36402	318	31	54	110	130	0	61	73	46	1493	981	0	0	0	49	0	12	27	83	11901	4793
C:\Data\BAS_sjro\ARD1E\XRF data\L000269.spe	538.04	7.91	1	0.018317	-0.005804	0.009319	0.091862	12366	1.17	0	28	14	25	0	21	137	1615	1098	27	9	406	37083	328	0	86	147	71	5	65	72	72	1284	939	0	15	0	15	0	17	22	0	11537	4731
C:\Data\BAS_sjro\ARD1E\XRF data\L000270.spe	540.04	7.92	1	0.018318	-0.005774	0.009321	0.09187	11933	1.11	0	36	8	24	0	35	163	1410	1040	33	10	401	33413	284	41	80	95	52	0	58	58	135	1496	912	0	12	5	56	0	36	51	25	11861	4788
C:\Data\BAS_sjro\ARD1E\XRF data\L000271.spe	542.04	7.94	1	0.018317	-0.005774	0.009322	0.091879	11920	1.21	0	30	0	25	11	27	174	1591	1077	69	7	390	34236	337	21	0	81	0	0	51	51	12	1401	915	10	12	34	37	35	16	110	0	11437	4341
C:\Data\BAS_sjro\ARD1E\XRF data\L000272.spe	544.04	7.96	1	0.018318	-0.005735	0.009322	0.091879	11802	1.16	10	53	5	16	10	38	198	1640	1012	57	13	442	33619	275	0	23	123	21	62	42	65	0	1515	1018	0	10	7	0	0	0	0	22	11464	4699
C:\Data\BAS_sjro\ARD1E\XRF data\L000273.spe	546.04	8	1	0.018318	-0.005735	0.009324	0.091879	11368	1.07	8	34	0	38	0	44	176	1413	966	48	0	365	32029	322	19	41	142	48	0	0	109	114	1468	914	0	0	0	50	34	47	58	79	11001	4568
C:\Data\BAS_sjro\ARD1E\XRF data\L000274.spe	548.04	8	1	0.018317	-0.005735	0.009326	0.091888	11378	1.22	0	31	0	13	11	33	142	1414	975	67	23	419	31514	207	16	47	139	16	0	95	37	0	1290	902	13	0	0	29	34	13	25	53	11487	4661
C:\Data\BAS_sjro\ARD1E\XRF data\L000275.spe	550.04	8	1	0.018317	-0.005735	0.009328	0.091897	12546	1.25	13	30	20	26	7	35	194	1526	1102	24	8	361	37118	276	37	43	94	59	45	0	35	135	1433	987	0	16	18	61	0	10	7	102	12162	4823
C:\Data\BAS_sjro\ARD1E\XRF data\L000276.spe	552.04	8	1	0.018318	-0.005735	0.009329	0.091897	10589	1.15	0	40	17	12	11	15	116	1178	862	19	0	313	28965	294	0	9	116	0	0	6	12	104	1446	736	0	15	0	0	54	32	77	17	10641	4297
C:\Data\BAS_sjro\ARD1E\XRF data\L000277.spe	554.04	8	1	0.018317	-0.005695	0.009329	0.091897	12661	1.21	0	28	0	22	0	16	147	1645	1141	42	14	488	39280	323	36	78	136	22	0	0	83	53	1425	970	0	33	0	35	17	77	79	82	11743	4901
C:\Data\BAS_sjro\ARD1E\XRF data\L000278.spe	556.04	8	1	0.018318	-0.005695	0.009331	0.091907	13066	1.15	0	30	0	40	0	27	149	1883	1230	41	0	476	40588	388	0	73	84	0	73	7	60	136	1729	845	0	17	0	62	52	102	0	115	11822	5032
C:\Data\BAS_sjro\ARD1E\XRF data\L000279.spe	558.04	8	1	0.018317	-0.005695	0.009334	0.091907	12336	1.23	0	58	5	30	0	17	125	1723	1059	49	0	405	35346	319	0	63	111	0	54	93	54	191	1821	841	4	0	9	53	25	29	0	51	12506	4982
C:\Data\BAS_sjro\ARD1E\XRF data\L000280.spe	560.04	8	1	0.018318	-0.005654	0.009334	0.091907	11814	1.16	0	15	6	27	0	35	86	1810	970	42	10	355	32465	292	8	11	86	23	47	63	25	40	1540	827	4	0	0	60	13	47	8	84	12002	4888
C:\Data\BAS_sjro\ARD1E\XRF data\L000281.spe	562.04	8	1	0.018318	-0.005654	0.009332	0.091905	11338	1.17	0	47	0	26	0	23	97	1713	1023	38	0	401	32545	232	24	24	91	45	0	31	16	33	1558	824	0	0	0	52	0	9	43	36	11227	4632
C:\Data\BAS_sjro\ARD1E\XRF data\L000282.spe	564.04	8	1	0.018318	-0.005679	0.009334	0.091913	11775	1.16	0	41	0	25	8	38	116	1963	1168	33	0	429	36800	354	8	8	83	34	0	47	32	62	1701	803	0	0	5	32	9	0	37	78	10472	4624
C:\Data\BAS_sjro\ARD1E\XRF data\L000283.spe	566.04	8	1	0.018318	-0.005679	0.009336	0.091921	11182	1.2	10	35	9	33	12	25	136	1430	897	57	0	395	32515	319	0	30	139	33	11	52	5	58	1571	893	0	0	51	42	25	22	32	26	10705	4798
C:\Data\BAS_sjro\ARD1E\XRF data\L000284.spe	568.04	8	1	0.018318	-0.005679	0.009336	0.091925	12336	1.19	0	22	0	41	4	14	137	1480	988	66	0	417	34842	254	10	52	103	12	0	22	65	80	1630	918	0	0	33	49	0	0	60	34	12408	4991
C:\Data\BAS_sjro\ARD1E\XRF data\L000285.spe	570.04	8	1	0.018318	-0.005701	0.009336	0.091925	12288	1.09	0	14	0	31	9	20	113	1320	1036	37	0	400	35026	250	6	0	100	0	0	69	96	115	1565	975	0	0	13	37	17	31	95	36	12075	4923
C:\Data\BAS_sjro\ARD1E\XRF data\L000286.spe	572.04	8	1	0.018318	-0.005701	0.009337	0.091916	12573	1.18	0	14	0	28	7	8	147	1359	928	44	9	406	35898	312	0	0	123	39	106	36	35	65	1550	1123	0	0	35	12	15	14	0	73	12467	4854
C:\Data\BAS_sjro\ARD1E\XRF data\L000287.spe	574.04	8	1	0.018318	-0.005701	0.009335	0.091916	12043	1.21	0	11	0	21	0	31	129	1302	846	65	7	408	33188	326	0	37	161	0	0	6	111	32	1530	943	0	8	0	29	46	71	73	88	12137	4945
C:\Data\BAS_sjro\ARD1E\XRF data\L000288.spe	576.04	8	1	0.018318	-0.005679	0.009337	0.091916	12080	1.25	22	33	12	30	8	7	133	1083	881	39	0	385	32487	317	33	40	108	22	0	43	0	106	1610	1042	0	0	0	30	6	56	47	75	12576	5206
C:\Data\BAS_sjro\ARD1E\XRF data\L000289.spe	578.04	8	1	0.018318	-0.00569	0.009339	0.091916	11888	1.27	0	40	7	31	12	18	131	1740	1106	33	15	503	35074	320	18	24	160	0	0	23	80	41	1697	886	0	8	0	39	64	24	18	63	11138	4738
C:\Data\BAS_sjro\ARD1E\XRF data\L000290.spe	580.04	8	1	0.018317	-0.005652	0.009339	0.091916	10436	1.15	13	17	8	25	0	0	61	1078	676	50	0	315	26574	241	0	0	59	0	58	8	104	6	1605	861	6	0	0	57	10	28	0	48	11597	4691
C:\Data\BAS_sjro\ARD1E\XRF data\L000291.spe	582.04	8	1	0.018317	-0.005632	0.009341	0.091916	10432	1.25	0	8	4	35	0	11	58	1000	604	30	0	260	25166	199	0	0	96	21	0	0	4	0	1437	802	0	14	0	0	0	45	35	0	12003	4685
C:\Data\BAS_sjro\ARD1E\XRF data\L000292.spe	584.04	8	1	0.018317	-0.005632	0.009343	0.091916	12134	1.19	5	26	0	46	0	11	111	1478	993	53	11	360	33815	251	16	26	128	96	111	121	8	70	1625	792	0	0	5	22	7	0	0	110	12757	4952
C:\Data\BAS_sjro\ARD1E\XRF data\L000293.spe	586.04	8	1	0.018318	-0.005606	0.009344	0.091907	11270	1.15	6	0	0	40	0	17	69	1216	775	9	0	300	29127	274	14	9	107	0	50	17	12	35	1620	856	0	20	0	34	38	33	0	58	12708	4996
C:\Data\BAS_sjro\ARD1E\XRF data\L000294.spe	588.04	8	1	0.018317	-0.005585	0.009346	0.091907	12220	1.25	0	32	0	8	5	16	93	1396	872	26	0	344	30657	299	0	14	64	66	22	16	106	117	1917	776	0	0	19	32	0	44	51	82	13607	5248
C:\Data\BAS_sjro\ARD1E\XRF data\L000295.spe	590.04	8	1	0.018318	-0.005585	0.009348	0.091899	9680	1.19	0	27	4	22	0	33	71	1431	842	41	10	310	28432	304	0	14	65	23	65	0	0	9	1177	682	0	5	0	32	19	35	0	79	9503	3732
C:\Data\BAS_sjro\ARD1E\XRF data\L000296.spe	592.04	8	0	0.018317	-0.005585	0.00935	0.091891	8371	1.21	0	15	0	0	6	12	65	1144	612	30	0	282	24279	222	29	31	97	44	61	37	69	0	1207	521	8	22	0	36	23	10	0	32	8702	3299
C:\Data\BAS_sjro\ARD1E\XRF data\L000297.spe	594.04	8	1	0.018317	-0.005613	0.009348	0.091898	11119	1.15	12	23	0	25	4	18	82	1929	1115	51	0	513	40196	357	0	86	141	56	79	49	0	53	1374	638	6	0	0	36	0	9	4	132	9101	3773
C:\Data\BAS_sjro\ARD1E\XRF data\L000298.spe	596.1	8	1	0.018317	-0.005613	0.009347	0.091898	9382	1.18	0	18	7	29	0	11	94	1679	1055	49	0	399	33170	248	26	17	127	36	50	0	23	0	1103	371	0	0	0	0	0	29	0	78	7884	3109
C:\Data\BAS_sjro\ARD1E\XRF data\L000299.spe	598.2	8	1	0.018318	-0.005613	0.009345	0.091898	9840	1.13	5	26	17	14	4	25	85	1509	960	60	25	346	31842	230	0	27	109	15	25	64	37	10	1241	607	0	7	0	50	33	7	0	50	9166	3538
C:\Data\BAS_sjro\ARD1E\XRF data\L000300.spe	600.04	8	1	0.018317	-0.005612	0.009345	0.091898	10875	1.19	0	9	0	25	14	38	88	1802	1086	65	0	408	33985	299	13	32	108	0	4	0	60	29	1623	607	0	0	0	39	61	57	32	116	10101	3958
C:\Data\BAS_sjro\ARD1E\XRF data\L000301.spe	602.04	8	1	0.018318	-0.005586	0.009344	0.09189	9251	1.17	0	13	11	12	0	0	53	966	633	32	15	270	22622	181	8	19	107	0	104	38	49	19	1449	737	0	0	0	24	26	44	0	36	10779	4278
C:\Data\BAS_sjro\ARD1E\XRF data\L000302.spe	604.04	8	1	0.018318	-0.005562	0.009342	0.091898	9661	1.16	0	15	15	10	0	0	44	1003	668	11	0	254	24740	200	6	30	87	63	79	87	19	44	1537	834	0	0	24	39	13	0	0	95	10622	4546
C:\Data\BAS_sjro\ARD1E\XRF data\L000303.spe	606.04	8	1	0.018317	-0.005595	0.009343	0.091898	10606	1.33	0	20	16	37	0	10	54	1001	703	39	0	323	26426	291	0	39	143	90	38	0	27	82	1744	928	0	5	0	40	0	50	18	13	12425	4943
C:\Data\BAS_sjro\ARD1E\XRF data\L000304.spe	608.04	8	1	0.018317	-0.005595	0.009345	0.091907	9807	1.22	5	18	7	27	7	8	49	859	614	41	0	217	22435	224	33	38	70	0	15	77	26	0	1734	827	0	0	16	56	73	0	16	9	11959	4893
C:\Data\BAS_sjro\ARD1E\XRF data\L000305.spe	610.04	8	1	0.018317	-0.005595	0.009347	0.091918	11604	1.32	0	0	0	17	6	16	70	1250	853	19	23	357	33862	312	0	32	84	14	0	20	45	35	1923	819	0	17	0	69	42	52	45	64	12091	4877
C:\Data\BAS_sjro\ARD1E\XRF data\L000306.spe	612.04	8	1	0.018317	-0.005595	0.009349	0.091918	10650	1.29	7	28	0	36	0	0	91	1631	931	27	0	338	31537	237	0	0	98	0	84	0	36	41	1588	782	0	0	37	65	44	18	0	90	10389	4503
C:\Data\BAS_sjro\ARD1E\XRF data\L000307.spe	614.04	8	1	0.018317	-0.005616	0.009347	0.091918	11423	1.13	0	12	0	16	0	20	76	1479	973	30	0	342	32341	293	14	32	114	18	0	0	12	77	1690	790	0	0	0	13	5	46	94	0	11670	4954
C:\Data\BAS_sjro\ARD1E\XRF data\L000308.spe	616.04	7.99	1	0.018317	-0.005616	0.009346	0.091918	12208	1.21	0	42	9	37	7	27	100	1853	1153	53	0	432	34762	368	12	20	105	92	0	0	0	48	1825	948	5	0	0	38	0	41	85	0	12386	4982
C:\Data\BAS_sjro\ARD1E\XRF data\L000309.spe	618.04	7.98	1	0.018317	-0.005634	0.009347	0.091918	8917	1.16	0	12	13	14	4	17	45	1037	650	26	7	264	19958	199	0	16	67	0	74	48	49	47	1432	633	0	0	6	29	19	30	0	31	10461	4388
C:\Data\BAS_sjro\ARD1E\XRF data\L000310.spe	620.1	7.98	1	0.018318	-0.005661	0.009347	0.091911	8748	1.01	0	12	0	21	0	35	43	1013	582	38	8	228	20546	216	0	0	82	27	0	70	45	0	1456	662	0	5	15	21	0	5	0	55	10392	4441
C:\Data\BAS_sjro\ARD1E\XRF data\L000311.spe	622.04	7.98	1	0.018317	-0.005633	0.009347	0.091912	11277	1.16	11	33	11	7	11	24	114	1942	1004	34	7	368	32968	226	24	52	128	36	25	17	18	56	1707	728	0	18	0	45	0	38	0	67	11129	4705
C:\Data\BAS_sjro\ARD1E\XRF data\L000312.spe	624.04	8	1	0.018317	-0.0056	0.009349	0.091922	11440	1.19	0	19	0	23	18	30	119	1817	1180	42	0	351	33230	326	0	24	97	71	30	60	164	56	1580	779	0	0	18	51	0	9	43	111	10990	4694
C:\Data\BAS_sjro\ARD1E\XRF data\L000313.spe	626.04	7.98	1	0.018318	-0.005573	0.009349	0.091929	11880	1.14	5	14	0	20	5	15	177	1922	1067	15	11	406	33555	262	0	10	111	58	0	102	0	53	1701	985	0	12	33	53	0	0	38	0	11609	4881
C:\Data\BAS_sjro\ARD1E\XRF data\L000314.spe	628.04	7.99	1	0.018317	-0.005554	0.009351	0.091929	10681	1.29	0	47	0	34	5	38	148	2157	991	28	0	386	28974	183	0	0	108	36	0	22	31	102	1511	788	0	0	47	26	0	25	39	0	10817	4532
C:\Data\BAS_sjro\ARD1E\XRF data\L000315.spe	630.04	8	1	0.018318	-0.005554	0.009352	0.091936	11449	1.13	11	29	8	24	9	23	123	1781	1019	69	0	431	35071	342	7	44	135	74	0	59	10	92	1573	749	0	0	0	35	0	19	115	79	10479	4315
C:\Data\BAS_sjro\ARD1E\XRF data\L000316.spe	632.04	8	1	0.018318	-0.005554	0.009354	0.091944	9934	1.11	0	24	0	22	0	27	76	1402	798	68	0	345	27536	209	0	69	89	20	94	0	45	45	1431	732	0	0	0	49	6	64	0	77	9903	4277
C:\Data\BAS_sjro\ARD1E\XRF data\L000317.spe	634.04	8	1	0.018317	-0.005554	0.009354	0.091948	11301	1.23	0	30	0	36	0	18	117	1895	964	56	0	397	33036	258	0	30	128	52	103	36	83	30	1753	764	0	0	35	93	0	28	0	49	10784	4577
C:\Data\BAS_sjro\ARD1E\XRF data\L000318.spe	636.04	8	1	0.018318	-0.005554	0.009356	0.091959	10974	1.29	0	24	7	33	6	32	99	1622	905	43	14	386	31675	302	0	0	80	57	19	45	0	112	1692	899	10	27	28	20	0	25	17	31	10826	4523
C:\Data\BAS_sjro\ARD1E\XRF data\L000319.spe	638.04	8	1	0.018318	-0.005554	0.009358	0.091959	12031	1.23	6	34	0	43	0	45	125	2046	1026	61	0	395	35106	276	11	50	97	52	0	59	78	37	1817	908	0	24	0	47	0	21	14	0	11434	4955
C:\Data\BAS_sjro\ARD1E\XRF data\L000320.spe	640.04	8	1	0.018318	-0.005554	0.009359	0.091967	11166	1.17	0	32	0	31	18	32	119	1777	895	75	4	371	31483	209	19	25	123	126	61	0	70	72	1764	650	0	17	22	56	0	68	0	96	10709	4561
C:\Data\BAS_sjro\ARD1E\XRF data\L000321.spe	642.04	8	1	0.018319	-0.005526	0.009359	0.091967	12268	1.09	0	35	20	32	13	31	116	2031	1126	57	0	426	37297	363	40	33	144	64	0	50	84	86	1746	794	0	26	18	20	0	35	99	0	11577	4920
C:\Data\BAS_sjro\ARD1E\XRF data\L000322.spe	644.04	8	1	0.018318	-0.005526	0.00936	0.091967	12305	1.18	0	31	7	30	10	34	95	2122	1173	74	6	386	35939	264	36	66	113	42	29	17	33	86	1810	974	0	0	0	33	20	36	0	55	12152	5039
C:\Data\BAS_sjro\ARD1E\XRF data\L000323.spe	646.04	7.98	1	0.018318	-0.005526	0.00936	0.091963	11070	1.25	5	36	0	31	8	46	102	1953	1087	34	0	359	31941	342	5	41	126	9	44	0	22	6	1501	617	5	0	0	50	29	52	23	66	10678	4529
C:\Data\BAS_sjro\ARD1E\XRF data\L000324.spe	648.04	7.96	1	0.018318	-0.005558	0.00936	0.091963	11028	1.25	0	35	5	23	13	30	86	1956	929	35	0	330	30760	296	27	49	80	59	45	30	0	36	1713	700	0	4	0	33	0	0	6	81	11125	4445
C:\Data\BAS_sjro\ARD1E\XRF data\L000325.spe	650.04	7.97	1	0.018318	-0.005536	0.009362	0.09197	10959	1.24	5	33	7	29	0	36	69	1969	988	59	0	384	31090	225	58	9	101	0	31	15	0	19	1542	728	0	0	12	20	60	57	49	28	10666	4404
C:\Data\BAS_sjro\ARD1E\XRF data\L000326.spe	652.1	7.96	1	0.018318	-0.005569	0.00936	0.091961	10225	1.16	0	19	20	14	9	35	113	1776	849	49	0	347	27391	308	0	63	77	28	51	28	37	27	1475	681	0	15	23	51	0	9	34	36	10450	4305
C:\Data\BAS_sjro\ARD1E\XRF data\L000327.spe	654.04	7.97	1	0.018318	-0.005569	0.009359	0.091961	11212	1.24	0	38	0	23	0	33	114	1985	1080	41	18	367	31731	238	12	51	75	73	0	8	25	70	1661	817	0	0	0	49	0	6	25	102	11227	4680
C:\Data\BAS_sjro\ARD1E\XRF data\L000328.spe	656.04	7.98	1	0.018318	-0.00559	0.009359	0.091972	9269	1.19	0	48	0	31	0	41	70	1671	757	35	0	277	23504	144	5	25	92	41	20	57	98	40	1459	671	0	0	0	38	0	17	51	32	10083	4137
C:\Data\BAS_sjro\ARD1E\XRF data\L000329.spe	658.1	7.98	1	0.018319	-0.005619	0.00936	0.091972	10377	1.07	0	29	0	32	0	23	84	1403	859	29	0	399	28964	297	44	27	65	0	52	64	24	48	1478	690	0	0	0	42	31	5	0	96	10855	4532
C:\Data\BAS_sjro\ARD1E\XRF data\L000330.spe	660.04	8	1	0.018319	-0.005619	0.00936	0.091982	10925	1.06	0	20	0	32	0	19	85	1493	909	35	0	370	30263	314	30	38	95	10	19	35	20	0	1528	793	0	12	0	39	24	43	45	59	11803	4628
C:\Data\BAS_sjro\ARD1E\XRF data\L000331.spe	662.1	8	1	0.018318	-0.005619	0.009361	0.091992	12179	1.27	0	22	6	37	4	31	119	2166	1251	38	34	414	37897	248	0	20	145	42	110	0	79	12	1543	833	0	5	5	45	8	30	0	88	11703	4543
C:\Data\BAS_sjro\ARD1E\XRF data\L000332.spe	664.04	8	0	0.018319	-0.005619	0.009362	0.091998	8191	1.08	0	13	10	18	0	27	60	958	516	27	8	239	17142	78	0	0	94	21	35	34	37	55	1230	797	0	12	22	29	0	0	12	54	9897	4181
C:\Data\BAS_sjro\ARD1E\XRF data\L000333.spe	666.1	8	1	0.018318	-0.005586	0.009364	0.092007	10941	1.18	14	31	6	28	19	33	96	1467	860	51	0	315	27771	224	0	28	113	25	25	64	32	86	1679	910	0	0	14	72	18	0	0	76	12224	5110
C:\Data\BAS_sjro\ARD1E\XRF data\L000334.spe	668.04	8	1	0.018318	-0.005558	0.009366	0.092017	9441	1.23	0	6	0	17	2264	18	43	302	236	19	12	106	11733	161	0	0	263	0	101	71	60	0	1125	710	6	10	38	54	27	48	0	39	13132	4883
C:\Data\BAS_sjro\ARD1E\XRF data\L000335.spe	670.04	8	0	0.018319	-0.005514	0.009368	0.092017	7092	1.18	0	0	0	20	6222	0	5	21	0	0	0	0	92	0	0	0	429	0	25	70	47	0	63	289	0	0	4	65	30	47	0	50	10591	3266
C:\Data\BAS_sjro\ARD1E\XRF data\L000336.spe	672.1	8	0	0.018319	-0.005466	0.00937	0.092017	6365	1.11	0	0	0	0	10115	0	0	11	0	0	0	0	67	0	0	0	423	0	0	69	56	0	0	231	0	6	0	40	60	55	32	16	7821	2450
C:\Data\BAS_sjro\ARD1E\XRF data\L000337.spe	674.1	8	0	0.018318	-0.005466	0.009371	0.09201	6300	1.24	0	4	0	13	12626	11	0	38	6	0	10	0	182	0	0	0	425	0	65	45	118	5	0	121	0	6	0	40	39	21	7	72	6863	2206
C:\Data\BAS_sjro\ARD1E\XRF data\L000338.spe	676.04	8	0	0.018318	-0.005487	0.00937	0.092002	4499	1.14	0	10	0	5	6896	16	5	15	5	0	0	12	590	0	0	0	243	0	41	130	120	31	0	25	0	5	0	6	28	30	0	55	5196	1709
C:\Data\BAS_sjro\ARD1E\XRF data\L000339.spe	678.04	8	0	0.018318	-0.005487	0.00937	0.092006	4047	1.15	0	0	0	7	1753	9	9	11	0	4	7	0	112	0	0	0	216	0	38	140	145	0	0	44	6	7	0	21	10	23	8	25	6022	1969
C:\Data\BAS_sjro\ARD1E\XRF data\L000340.spe	680.04	8	0	0.018318	-0.005467	0.009368	0.091997	5857	1.37	0	0	7	6	4427	0	5	34	0	0	0	0	496	0	0	0	383	0	176	106	170	0	254	182	11	10	8	20	43	51	0	61	7807	2782
C:\Data\BAS_sjro\ARD1E\XRF data\L000341.spe	682.04	8	1	0.018317	-0.005491	0.009368	0.092007	9338	1.13	0	21	0	15	900	12	60	1147	765	44	0	275	24778	184	11	26	141	0	0	95	52	19	1309	578	0	0	18	23	35	29	63	0	9674	4229
C:\Data\BAS_sjro\ARD1E\XRF data\L000342.spe	684.04	8	1	0.018318	-0.005492	0.009368	0.092007	12519	1.23	11	43	0	41	5	17	165	2409	1512	55	0	497	42860	386	0	46	178	37	21	89	89	0	1729	763	0	0	0	58	11	40	59	79	10370	4573
C:\Data\BAS_sjro\ARD1E\XRF data\L000343.spe	686.04	8	1	0.018318	-0.005462	0.009368	0.092025	11141	1.15	0	39	0	15	0	43	111	1852	1141	64	9	502	37964	241	36	45	108	0	31	22	4	47	1589	699	0	0	8	17	7	0	0	113	9778	4165
C:\Data\BAS_sjro\ARD1E\XRF data\L000344.spe	688.04	8	1	0.018318	-0.005484	0.009366	0.092025	10545	1.11	0	40	0	22	0	26	98	1813	1111	45	0	367	30703	246	13	45	90	16	0	60	41	91	1522	663	0	0	0	24	0	9	0	85	10316	4333
C:\Data\BAS_sjro\ARD1E\XRF data\L000345.spe	690.04	8	1	0.018318	-0.005455	0.009366	0.092035	11787	1.2	0	23	16	25	7	30	165	2323	1243	61	0	516	37083	276	0	8	222	48	54	20	8	0	1634	740	0	16	6	30	0	0	5	132	10339	4369
C:\Data\BAS_sjro\ARD1E\XRF data\L000346.spe	692.04	7.99	1	0.018318	-0.005455	0.009368	0.092043	11828	1.23	0	48	0	18	9	19	165	2080	1188	35	11	498	35358	247	0	53	91	97	0	4	0	18	1669	767	15	0	6	48	0	26	9	46	10947	4623
C:\Data\BAS_sjro\ARD1E\XRF data\L000347.spe	694.04	7.97	1	0.018318	-0.005481	0.00937	0.09205	12134	1.15	0	20	0	10	0	28	126	2118	1200	0	13	446	37395	345	0	17	64	29	49	65	0	63	1652	739	7	0	5	78	12	0	0	88	11178	4681
C:\Data\BAS_sjro\ARD1E\XRF data\L000348.spe	696.04	7.95	1	0.018318	-0.005455	0.009371	0.09205	12586	1.18	0	38	0	21	4	18	152	2049	1249	33	0	453	38630	323	0	16	159	37	21	49	58	90	1635	847	0	4	0	31	19	0	36	44	11394	4948
C:\Data\BAS_sjro\ARD1E\XRF data\L000349.spe	698.04	7.93	1	0.018319	-0.005455	0.009373	0.09205	12542	1.28	10	74	9	26	18	23	194	2150	1270	23	18	486	39560	263	32	55	100	80	119	18	0	92	1510	807	0	18	0	16	0	29	0	95	11153	4906
C:\Data\BAS_sjro\ARD1E\XRF data\L000350.spe	700.04	7.93	1	0.018319	-0.005503	0.009374	0.09205	12084	1.2	0	34	0	28	0	27	151	2027	1138	50	9	446	37495	288	14	31	113	40	63	15	53	16	1543	815	0	21	27	46	19	33	0	118	11169	4677
C:\Data\BAS_sjro\ARD1E\XRF data\L000351.spe	702.04	7.93	1	0.018319	-0.005503	0.009373	0.09205	12349	1.19	0	39	6	4	0	20	164	2022	1274	48	0	443	37853	336	9	66	117	61	0	38	20	185	1608	1083	0	0	0	48	0	24	60	37	11644	4727
C:\Data\BAS_sjro\ARD1E\XRF data\L000352.spe	704.04	7.95	1	0.018319	-0.005476	0.009373	0.092072	12396	1.32	4	51	0	14	14	29	161	1912	1056	67	9	384	36081	257	23	7	127	25	133	48	42	15	1615	811	0	0	52	65	20	0	0	102	11930	4942
C:\Data\BAS_sjro\ARD1E\XRF data\L000353.spe	706.04	7.96	1	0.018318	-0.005476	0.009371	0.092065	14002	1.12	0	28	0	41	0	42	134	1347	822	85	0	318	42595	287	5	30	100	0	29	41	187	0	1250	684	0	0	61	29	18	0	37	7	14674	5020
C:\Data\BAS_sjro\ARD1E\XRF data\L000354.spe	708.04	7.99	1	0.018318	-0.005476	0.009371	0.092055	13897	1.07	12	18	7	35	14	33	109	653	383	20	18	97	25878	185	0	90	0	38	138	65	277	60	1421	623	11	0	6	36	38	70	7	62	19396	5493
C:\Data\BAS_sjro\ARD1E\XRF data\L000355.spe	710.04	7.99	1	0.018318	-0.005476	0.009371	0.092061	14071	1.1	0	30	0	5	0	18	106	808	473	46	0	153	23516	217	0	152	107	24	86	0	211	57	2200	760	0	0	0	33	14	31	46	101	19698	5749
C:\Data\BAS_sjro\ARD1E\XRF data\L000356.spe	712.04	8	1	0.018318	-0.00545	0.00937	0.092054	11262	1.13	0	53	0	29	0	22	109	768	488	63	0	202	24644	240	0	150	114	31	39	0	214	78	1295	461	0	0	0	6	41	72	23	0	13601	4068
C:\Data\BAS_sjro\ARD1E\XRF data\L000357.spe	714.04	8	1	0.018318	-0.00548	0.009371	0.092054	10312	1.26	0	8	0	29	7	38	115	587	392	30	32	128	19731	167	0	121	111	0	10	18	228	70	1267	449	10	9	28	34	0	5	0	28	13775	4073
C:\Data\BAS_sjro\ARD1E\XRF data\L000358.spe	716.04	8	1	0.018318	-0.00546	0.009371	0.092054	12372	1.1	10	27	0	12	9	25	118	769	579	53	0	195	28671	260	9	130	122	98	0	95	110	22	1395	562	6	0	17	47	0	25	19	80	14743	4453
C:\Data\BAS_sjro\ARD1E\XRF data\L000359.spe	718.04	8	1	0.018318	-0.005432	0.009371	0.092054	12514	1.17	0	21	0	21	0	17	133	752	513	65	27	277	25801	290	21	117	126	0	98	0	127	0	1586	534	0	0	32	56	53	78	0	65	15687	4741
C:\Data\BAS_sjro\ARD1E\XRF data\L000360.spe	720.04	8	1	0.018318	-0.005405	0.009373	0.092054	12430	1.12	9	22	4	31	8	31	112	706	534	42	0	183	25840	230	16	121	113	9	33	117	101	85	1394	503	0	0	34	48	0	37	15	0	15430	4358
C:\Data\BAS_sjro\ARD1E\XRF data\L000361.spe	722.04	8	1	0.018318	-0.005405	0.009374	0.092054	12743	1.11	17	29	6	34	0	22	120	727	560	29	12	231	26543	227	21	173	159	0	0	8	167	0	1583	674	0	16	18	48	86	72	0	14	16278	4902
C:\Data\BAS_sjro\ARD1E\XRF data\L000362.spe	724.04	8	1	0.018318	-0.005405	0.009376	0.092054	14637	1.19	19	19	8	35	7	34	122	767	477	18	17	529	24128	186	8	214	109	19	111	59	254	188	1759	675	6	9	0	48	0	117	70	22	21004	5904
C:\Data\BAS_sjro\ARD1E\XRF data\L000363.spe	726.04	8	1	0.018318	-0.005405	0.009376	0.092029	14454	1.14	12	26	20	30	12	19	116	696	447	65	8	177	21533	160	18	165	115	13	206	12	366	0	1787	534	12	0	5	32	47	76	0	106	20798	5673
C:\Data\BAS_sjro\ARD1E\XRF data\L000364.spe	728.04	8	1	0.018318	-0.005405	0.009374	0.092029	15277	1.24	5	21	12	0	9	19	103	656	497	49	22	242	25467	223	0	205	114	0	169	71	387	28	1526	739	0	12	29	32	6	31	0	20	21616	5818
C:\Data\BAS_sjro\ARD1E\XRF data\L000365.spe	730.04	8	1	0.018318	-0.005405	0.009373	0.092029	12901	1.12	9	18	0	22	0	22	113	758	512	30	17	234	25522	191	9	269	165	15	99	84	260	0	1964	455	0	0	0	66	0	70	5	45	15968	5096
C:\Data\BAS_sjro\ARD1E\XRF data\L000366.spe	732.04	8	1	0.018318	-0.005426	0.009373	0.092029	13160	1.18	0	34	9	17	0	40	164	1010	798	55	19	254	35988	275	28	148	156	119	48	90	0	36	2282	580	0	0	38	32	0	52	0	23	13754	5198
C:\Data\BAS_sjro\ARD1E\XRF data\L000367.spe	734.04	8	1	0.018318	-0.005456	0.009373	0.092029	12787	1.23	0	53	10	11	10	18	138	977	750	54	15	248	37277	353	0	231	165	0	0	57	78	91	1925	475	0	0	27	15	37	44	66	90	12799	4667
C:\Data\BAS_sjro\ARD1E\XRF data\L000368.spe	736.04	8	1	0.018318	-0.005456	0.009373	0.09202	12490	1.22	0	43	9	17	11	21	163	1099	753	61	0	269	38251	340	60	211	114	0	31	32	57	148	1886	512	5	0	20	44	64	26	10	54	11990	4592
C:\Data\BAS_sjro\ARD1E\XRF data\L000369.spe	738.04	8	1	0.018318	-0.005435	0.009373	0.092002	11911	1.24	10	36	0	12	0	31	170	1132	772	84	15	277	39097	411	0	235	112	118	60	64	10	94	1696	432	0	14	0	54	0	39	0	56	10854	4013
C:\Data\BAS_sjro\ARD1E\XRF data\L000370.spe	740.04	8	1	0.018318	-0.005462	0.009374	0.092002	11528	1.14	6	28	0	14	0	32	164	1078	700	35	9	283	38786	278	19	123	156	46	64	6	29	55	1583	521	8	0	22	11	0	7	0	92	10468	3947
C:\Data\BAS_sjro\ARD1E\XRF data\L000371.spe	742.04	8	1	0.018318	-0.005478	0.009374	0.092002	12140	1.18	0	18	8	6	5	19	154	1009	640	73	0	235	37274	294	0	107	105	41	60	28	80	17	2119	578	0	0	19	40	5	27	0	84	11305	4611
C:\Data\BAS_sjro\ARD1E\XRF data\L000372.spe	744.04	8	1	0.018318	-0.0055	0.009373	0.092002	12076	1.29	0	31	0	0	10	37	143	884	564	61	0	221	33618	320	12	168	87	20	29	0	71	124	2325	505	0	0	0	22	14	65	0	52	12397	4925
C:\Data\BAS_sjro\ARD1E\XRF data\L000373.spe	746.04	8	1	0.018318	-0.0055	0.009374	0.092002	12054	1.11	13	22	0	31	7	26	136	804	517	33	13	178	33445	329	9	141	94	22	132	68	0	68	2140	440	8	0	6	49	41	35	0	36	12884	5147
C:\Data\BAS_sjro\ARD1E\XRF data\L000374.spe	748.04	8	1	0.018318	-0.005522	0.009375	0.092002	13306	1.21	0	9	12	19	0	23	132	858	556	26	32	226	36548	286	36	177	114	37	101	119	72	120	2596	655	0	0	0	67	27	43	0	52	14199	5671
C:\Data\BAS_sjro\ARD1E\XRF data\L000375.spe	750.04	8	1	0.018318	-0.005548	0.009375	0.092023	11740	1.3	0	11	11	16	0	7	133	963	570	40	37	216	36115	368	28	145	124	39	0	0	56	77	2423	549	12	0	0	68	10	34	82	21	11374	4522
C:\Data\BAS_sjro\ARD1E\XRF data\L000376.spe	752.04	8	1	0.018319	-0.005548	0.009377	0.092031	9217	1.13	0	32	8	14	4	21	106	688	474	39	0	185	31263	233	7	86	67	32	27	87	4	68	1410	401	0	0	13	28	0	0	0	51	8122	3225
C:\Data\BAS_sjro\ARD1E\XRF data\L000377.spe	754.04	8	1	0.018318	-0.005527	0.009377	0.09204	10844	1.1	12	20	0	31	13	32	141	911	581	60	68	238	40157	231	63	210	53	0	104	20	11	0	1308	348	7	0	16	42	6	48	0	98	9027	3319
C:\Data\BAS_sjro\ARD1E\XRF data\L000378.spe	756.04	8	1	0.018319	-0.005527	0.009377	0.09204	9514	1.15	0	21	0	10	5	36	114	928	611	31	18	236	34246	254	33	46	69	20	0	43	75	87	1647	346	0	0	76	24	19	0	21	46	7890	3022
C:\Data\BAS_sjro\ARD1E\XRF data\L000379.spe	758.04	8	0	0.018319	-0.005548	0.009378	0.09204	7181	1.11	8	22	0	17	0	25	74	543	364	17	28	171	20995	172	5	95	59	31	0	42	28	38	1252	330	0	0	8	12	0	0	37	11	7448	2899
C:\Data\BAS_sjro\ARD1E\XRF data\L000380.spe	760.04	8	1	0.018319	-0.005567	0.009379	0.092047	9534	1.12	0	12	9	17	0	20	88	590	418	56	0	198	28799	273	19	118	48	25	71	53	0	20	1660	476	0	0	0	28	11	25	0	67	9235	3568
C:\Data\BAS_sjro\ARD1E\XRF data\L000381.spe	762.04	8	1	0.018319	-0.005542	0.009377	0.092047	11230	1.15	4	19	9	21	0	26	112	709	469	16	0	210	31283	307	10	117	94	55	61	92	38	90	1870	595	0	6	8	47	0	20	0	106	11806	4843
C:\Data\BAS_sjro\ARD1E\XRF data\L000382.spe	764.04	8	1	0.018319	-0.005542	0.009376	0.092047	12258	1.24	0	11	19	29	13	18	88	690	550	45	31	241	33611	266	9	132	89	67	72	9	24	133	2441	705	0	0	0	32	0	28	0	73	12907	5189
C:\Data\BAS_sjro\ARD1E\XRF data\L000383.spe	766.24	8	1	0.018319	-0.005542	0.009377	0.092047	13102	1.19	0	21	0	28	0	20	122	873	628	45	26	240	39458	304	47	114	97	33	65	120	82	141	2489	629	0	0	36	65	26	51	0	132	12900	5089
C:\Data\BAS_sjro\ARD1E\XRF data\L000384.spe	768.1	8	1	0.018319	-0.005572	0.009376	0.092047	11106	1.23	0	14	0	9	0	29	156	892	525	51	13	230	33126	311	46	109	82	38	102	51	60	26	2050	409	0	23	9	48	11	5	0	0	11215	4561
C:\Data\BAS_sjro\ARD1E\XRF data\L000385.spe	770.04	8	1	0.018318	-0.005572	0.009376	0.092056	10684	1.22	0	8	0	0	0	0	120	908	524	0	27	223	29836	261	5	160	70	60	0	49	0	89	1878	569	0	0	0	21	0	46	85	45	11232	4502
C:\Data\BAS_sjro\ARD1E\XRF data\L000386.spe	772.2	8	1	0.018318	-0.00554	0.009374	0.092047	12033	1.17	15	50	9	29	6	36	170	1197	686	65	29	287	39765	337	7	137	74	69	0	43	38	26	1951	539	10	13	26	32	0	43	48	114	10684	4276
C:\Data\BAS_sjro\ARD1E\XRF data\L000387.spe	774.1	8	1	0.018318	-0.005564	0.009372	0.092055	11057	1.21	0	28	0	16	0	27	138	1680	727	34	13	411	39048	287	18	129	78	36	0	0	81	142	1488	390	0	20	0	42	0	47	76	74	9223	3895
C:\Data\BAS_sjro\ARD1E\XRF data\L000388.spe	776.04	8	0	0.018319	-0.005564	0.009371	0.092047	8045	1.07	0	19	6	20	0	40	95	1045	519	72	0	239	24829	228	0	70	70	0	75	22	56	99	1448	424	0	0	23	15	38	34	0	22	7881	3157
C:\Data\BAS_sjro\ARD1E\XRF data\L000389.spe	778.04	8	1	0.018319	-0.005536	0.009373	0.092039	9252	1.18	0	22	0	9	11	29	112	1125	586	24	5	254	27604	171	21	84	68	0	36	0	55	37	1538	622	0	7	0	18	20	52	0	64	9067	3828
C:\Data\BAS_sjro\ARD1E\XRF data\L000390.spe	780.04	8	1	0.018319	-0.005536	0.009373	0.092039	9118	1.06	8	7	0	11	0	51	86	1014	414	22	8	202	23879	220	0	63	63	0	35	29	34	81	1725	485	0	23	26	52	31	57	54	0	9490	3872
C:\Data\BAS_sjro\ARD1E\XRF data\L000391.spe	782.04	8	1	0.018319	-0.005562	0.009373	0.092056	10892	1.22	23	26	9	10	10	47	101	1088	549	31	17	237	31273	288	0	124	65	0	90	28	49	64	2005	481	13	17	0	52	23	60	0	135	10887	4434
C:\Data\BAS_sjro\ARD1E\XRF data\L000392.spe	784.1	8	1	0.018319	-0.005541	0.009373	0.092056	10438	1.08	0	13	9	35	13	47	92	742	374	7	0	169	23253	265	16	142	56	24	0	46	40	106	2430	568	0	6	17	45	19	17	55	67	12389	4967
C:\Data\BAS_sjro\ARD1E\XRF data\L000393.spe	786.1	8	0	0.018319	-0.005541	0.009371	0.092049	6241	1.07	0	0	0	16	2716	41	21	129	60	10	23	23	3678	44	0	35	18	25	0	0	0	16	1252	490	0	0	0	16	0	54	0	0	9443	3822
C:\Data\BAS_sjro\ARD1E\XRF data\L000394.spe	788.1	7.96	0	0.018318	-0.005565	0.009371	0.092059	4257	1.01	0	5	4	0	1224	54	0	6	0	0	0	0	343	0	0	7	0	0	48	17	33	10	770	364	0	0	10	31	15	10	0	0	6821	2961
C:\Data\BAS_sjro\ARD1E\XRF data\L000395.spe	790.2	8	0	0.018318	-0.005537	0.00937	0.092054	3608	0.87	0	0	0	17	474	64	0	7	0	0	0	0	87	0	0	0	14	14	0	0	18	0	381	289	0	0	0	24	0	12	16	0	6296	2814
C:\Data\BAS_sjro\ARD1E\XRF data\L000396.spe	792.04	8	0	0.018319	-0.005537	0.00937	0.092044	4364	1.09	0	0	0	0	5552	39	11	29	0	10	7	6	652	0	0	0	0	0	4	0	0	0	371	287	4	0	0	14	0	7	0	0	5942	2889
C:\Data\BAS_sjro\ARD1E\XRF data\L000397.spe	794.1	8	0	0.018318	-0.005537	0.009369	0.092044	5140	1.2	0	15	14	0	6729	29	14	174	100	0	10	25	3436	0	7	0	27	0	0	0	0	0	369	222	0	0	26	13	5	0	28	35	5854	2843
C:\Data\BAS_sjro\ARD1E\XRF data\L000398.spe	796.04	8	0	0.018319	-0.005487	0.009367	0.092044	4572	1.08	0	5	0	6	4847	55	11	112	63	7	7	22	2190	0	0	0	0	0	10	14	48	0	216	276	0	9	8	0	0	18	0	0	6114	2872
C:\Data\BAS_sjro\ARD1E\XRF data\L000399.spe	798.1	8	0	0.018319	-0.005487	0.009368	0.092044	5119	1.09	9	10	0	11	7440	29	20	63	18	8	6	9	911	15	14	0	0	0	0	13	37	0	350	196	0	7	30	23	12	9	94	9	6431	3209
C:\Data\BAS_sjro\ARD1E\XRF data\L000400.spe	800.2	8	0	0.018319	-0.005433	0.00937	0.092044	5298	1.2	0	24	0	18	7974	26	24	87	31	5	8	0	1354	0	6	21	12	0	25	58	52	44	281	274	0	0	0	40	38	21	34	0	6516	3246
C:\Data\BAS_sjro\ARD1E\XRF data\L000401.spe	802.1	8	0	0.018319	-0.005414	0.00937	0.092044	5948	1.25	0	6	6	16	8001	22	21	91	57	11	10	15	1861	10	0	0	0	46	55	83	75	88	247	288	4	11	18	27	0	9	26	0	7581	3627
C:\Data\BAS_sjro\ARD1E\XRF data\L000402.spe	804.1	8	0	0.018319	-0.005331	0.00937	0.092044	7027	1.27	0	10	0	0	14383	30	27	104	67	0	22	25	2598	12	0	0	0	0	0	35	82	0	277	188	13	6	0	16	0	14	76	0	7196	3581
C:\Data\BAS_sjro\ARD1E\XRF data\L000403.spe	806.1	8	0	0.018319	-0.005331	0.009372	0.092044	6475	1.13	0	13	22	41	11960	21	0	39	41	9	0	9	2573	37	0	0	0	0	15	0	115	0	263	213	0	0	0	39	5	23	49	64	7053	3274
C:\Data\BAS_sjro\ARD1E\XRF data\L000404.spe	808.24	8	0	0.01832	-0.00536	0.009373	0.092044	5471	1	0	6	9	18	1778	33	47	258	136	8	12	74	10323	54	21	59	15	0	18	0	28	0	490	225	6	5	0	22	5	21	13	0	6204	2757
C:\Data\BAS_sjro\ARD1E\XRF data\L000405.spe	810.04	7.98	0	0.018319	-0.00536	0.009375	0.092044	7627	1.14	0	25	9	20	30	52	63	559	321	39	21	106	19926	153	0	100	34	29	0	61	92	50	1193	395	10	0	0	11	6	0	33	0	7775	3434
C:\Data\BAS_sjro\ARD1E\XRF data\L000406.spe	812.04	8	1	0.018319	-0.00536	0.009376	0.092036	9053	1.11	0	16	6	20	753	38	92	644	467	56	12	231	26105	187	0	110	123	53	70	48	15	26	1286	324	5	0	25	0	0	24	26	61	8624	3521
C:\Data\BAS_sjro\ARD1E\XRF data\L000407.spe	814.04	8	1	0.018319	-0.00536	0.009378	0.092036	10560	1.2	0	29	5	16	18	43	161	917	544	29	15	211	34308	263	10	123	101	28	0	0	0	92	1808	393	0	0	0	31	0	52	48	28	9544	3648
C:\Data\BAS_sjro\ARD1E\XRF data\L000408.spe	816.04	8	1	0.018319	-0.00536	0.00938	0.092028	11894	1.13	12	62	5	11	14	32	171	1057	653	62	4	319	39472	344	12	80	52	0	0	16	69	94	1975	451	7	0	68	34	15	22	33	0	10773	4201
C:\Data\BAS_sjro\ARD1E\XRF data\L000409.spe	818.04	8	1	0.018319	-0.00536	0.009378	0.092034	10892	1.12	0	44	8	5	0	38	132	984	557	72	0	253	34843	330	8	115	87	49	0	52	56	136	1870	452	0	0	0	19	0	25	87	54	10233	4092
C:\Data\BAS_sjro\ARD1E\XRF data\L000410.spe	820.04	8	1	0.018319	-0.005375	0.009378	0.092034	11285	1.14	0	29	20	15	0	22	112	922	516	52	0	239	36822	337	5	144	117	43	71	29	46	83	2087	460	6	0	0	39	0	36	0	134	10213	3947
C:\Data\BAS_sjro\ARD1E\XRF data\L000411.spe	822.04	8	1	0.018319	-0.005375	0.009377	0.092034	12980	1.17	0	41	0	0	10	26	167	1175	694	51	19	308	43761	443	0	211	73	146	158	6	55	118	2657	555	0	27	0	0	0	21	0	166	11382	4385
C:\Data\BAS_sjro\ARD1E\XRF data\L000412.spe	824.04	8	1	0.018319	-0.005375	0.009375	0.092034	12711	1.21	0	50	0	19	7	22	162	1173	617	70	6	291	43182	394	0	107	88	0	30	21	10	84	2227	560	0	26	50	19	70	4	4	85	11303	4368