Date:	8/21/2008		Time:	1:35 PM		Version no:	0.00		Project name:	55		Sample name:	222		Section name:	section		Position	0.000000	mm	E0	0.000000	keV	E1	1.000000	keV/channel	sample surface	2.000000	cm	Tube anode:	Mo		Tube voltage:	30	kV	Tube current:	50	mA	gain	20		std. database			resultfile	result		matrix element	11		sample thickness	1.000000		air passage	0.560000	cm	comments	not in position		peaking_time	3.000000	m-sec	trigger_threshold	1229.166667	V	mca_bin_width	22.090000	no:	number_mca_channels	1024.000000	no:	gap_time	0.400000	m-sec	trigger_peaking_time	0.150000	m-sec	GAINDAC	9455		HIGHGAIN	1		TAURC	0		RCTAU	53		RCTAUFRAC	32768		livetime	9.872955	seconds	runtime	10.000502	seconds	input_count_rate	17.152109	cps	output_count_rate	14.144589	cps	triggers	169342	seconds	events_in_run	141453	seconds	channel	content		1.000	0.000
2.000	0.000
3.000	0.000
4.000	0.000
5.000	0.000
6.000	0.000
7.000	0.000
8.000	0.000
9.000	0.000
10.000	0.000
11.000	0.000
12.000	0.000
13.000	0.000
14.000	0.000
15.000	0.000
16.000	0.000
17.000	0.000
18.000	0.000
19.000	0.000
20.000	0.000
21.000	0.000
22.000	0.000
23.000	0.000
24.000	0.000
25.000	0.000
26.000	0.000
27.000	0.000
28.000	0.000
29.000	0.000
30.000	0.000
31.000	205.000
32.000	214.000
33.000	290.000
34.000	367.000
35.000	433.000
36.000	518.000
37.000	638.000
38.000	748.000
39.000	879.000
40.000	938.000
41.000	1045.000
42.000	1270.000
43.000	1304.000
44.000	1455.000
45.000	1657.000
46.000	1772.000
47.000	1925.000
48.000	2117.000
49.000	2189.000
50.000	2188.000
51.000	2288.000
52.000	2261.000
53.000	2308.000
54.000	2357.000
55.000	2392.000
56.000	2459.000
57.000	2377.000
58.000	2397.000
59.000	2383.000
60.000	2367.000
61.000	2354.000
62.000	2422.000
63.000	2421.000
64.000	2383.000
65.000	2179.000
66.000	2320.000
67.000	2278.000
68.000	2271.000
69.000	2198.000
70.000	2180.000
71.000	2162.000
72.000	2049.000
73.000	2105.000
74.000	2058.000
75.000	2004.000
76.000	2049.000
77.000	2097.000
78.000	1996.000
79.000	2016.000
80.000	2054.000
81.000	2028.000
82.000	2015.000
83.000	1980.000
84.000	2018.000
85.000	1921.000
86.000	1884.000
87.000	1829.000
88.000	1851.000
89.000	1682.000
90.000	1762.000
91.000	1802.000
92.000	1974.000
93.000	2260.000
94.000	2527.000
95.000	2748.000
96.000	2747.000
97.000	2719.000
98.000	2602.000
99.000	2338.000
100.000	2205.000
101.000	1967.000
102.000	1914.000
103.000	2063.000
104.000	2240.000
105.000	2365.000
106.000	2551.000
107.000	2599.000
108.000	2658.000
109.000	2469.000
110.000	2396.000
111.000	2265.000
112.000	2074.000
113.000	1857.000
114.000	1799.000
115.000	1610.000
116.000	1670.000
117.000	1633.000
118.000	1628.000
119.000	1555.000
120.000	1659.000
121.000	1730.000
122.000	1911.000
123.000	2097.000
124.000	2323.000
125.000	2548.000
126.000	2700.000
127.000	2784.000
128.000	2651.000
129.000	2461.000
130.000	2239.000
131.000	2038.000
132.000	1923.000
133.000	1839.000
134.000	1863.000
135.000	1811.000
136.000	1905.000
137.000	2238.000
138.000	3044.000
139.000	4366.000
140.000	6393.000
141.000	9442.000
142.000	13230.000
143.000	16897.000
144.000	18787.000
145.000	18230.000
146.000	15428.000
147.000	11767.000
148.000	8050.000
149.000	5461.000
150.000	3598.000
151.000	2926.000
152.000	2822.000
153.000	2746.000
154.000	3011.000
155.000	2960.000
156.000	2911.000
157.000	2634.000
158.000	2279.000
159.000	2168.000
160.000	2088.000
161.000	2129.000
162.000	2264.000
163.000	2256.000
164.000	2090.000
165.000	1811.000
166.000	1579.000
167.000	1346.000
168.000	1172.000
169.000	1124.000
170.000	1055.000
171.000	1051.000
172.000	1122.000
173.000	1215.000
174.000	1280.000
175.000	1446.000
176.000	1628.000
177.000	1980.000
178.000	2752.000
179.000	3602.000
180.000	4496.000
181.000	5124.000
182.000	5494.000
183.000	5329.000
184.000	4571.000
185.000	3769.000
186.000	2879.000
187.000	2023.000
188.000	1648.000
189.000	1360.000
190.000	1372.000
191.000	1449.000
192.000	1701.000
193.000	2216.000
194.000	3343.000
195.000	5387.000
196.000	9236.000
197.000	16124.000
198.000	26753.000
199.000	41174.000
200.000	58656.000
201.000	75399.000
202.000	85979.000
203.000	88275.000
204.000	81275.000
205.000	65563.000
206.000	48065.000
207.000	31596.000
208.000	18865.000
209.000	10477.000
210.000	5631.000
211.000	3443.000
212.000	2577.000
213.000	2546.000
214.000	3204.000
215.000	4530.000
216.000	6564.000
217.000	9169.000
218.000	11978.000
219.000	14209.000
220.000	15486.000
221.000	15248.000
222.000	13491.000
223.000	10888.000
224.000	8251.000
225.000	5607.000
226.000	3610.000
227.000	2410.000
228.000	1725.000
229.000	1281.000
230.000	1074.000
231.000	1019.000
232.000	1042.000
233.000	977.000
234.000	1013.000
235.000	1037.000
236.000	1090.000
237.000	1148.000
238.000	1458.000
239.000	1923.000
240.000	3097.000
241.000	4892.000
242.000	7621.000
243.000	11809.000
244.000	16954.000
245.000	22585.000
246.000	27354.000
247.000	29996.000
248.000	29664.000
249.000	27084.000
250.000	22452.000
251.000	17549.000
252.000	13264.000
253.000	10012.000
254.000	7801.000
255.000	6563.000
256.000	5677.000
257.000	4778.000
258.000	3931.000
259.000	3233.000
260.000	2702.000
261.000	2323.000
262.000	2031.000
263.000	2164.000
264.000	2447.000
265.000	3111.000
266.000	3875.000
267.000	4882.000
268.000	5784.000
269.000	6859.000
270.000	7556.000
271.000	7641.000
272.000	7141.000
273.000	6364.000
274.000	5061.000
275.000	4120.000
276.000	3113.000
277.000	2452.000
278.000	2007.000
279.000	1800.000
280.000	1705.000
281.000	1601.000
282.000	1696.000
283.000	1714.000
284.000	1699.000
285.000	1882.000
286.000	2019.000
287.000	2133.000
288.000	2288.000
289.000	2408.000
290.000	2412.000
291.000	2638.000
292.000	2666.000
293.000	2827.000
294.000	2838.000
295.000	2825.000
296.000	2869.000
297.000	2843.000
298.000	2882.000
299.000	2746.000
300.000	2692.000
301.000	2535.000
302.000	2438.000
303.000	2334.000
304.000	2265.000
305.000	2317.000
306.000	2204.000
307.000	2267.000
308.000	2349.000
309.000	2241.000
310.000	2267.000
311.000	2333.000
312.000	2471.000
313.000	2628.000
314.000	3046.000
315.000	3625.000
316.000	4780.000
317.000	6395.000
318.000	9070.000
319.000	11946.000
320.000	15713.000
321.000	19231.000
322.000	21788.000
323.000	22531.000
324.000	21836.000
325.000	19578.000
326.000	16941.000
327.000	13519.000
328.000	10108.000
329.000	7830.000
330.000	6062.000
331.000	5095.000
332.000	4598.000
333.000	4700.000
334.000	4813.000
335.000	5213.000
336.000	5879.000
337.000	6976.000
338.000	9000.000
339.000	12766.000
340.000	20349.000
341.000	34898.000
342.000	62097.000
343.000	110503.000
344.000	187693.000
345.000	302313.000
346.000	453561.000
347.000	631705.000
348.000	813736.000
349.000	968092.000
350.000	1062615.000
351.000	1073478.000
352.000	1000980.000
353.000	860710.000
354.000	681080.000
355.000	500665.000
356.000	339524.000
357.000	214740.000
358.000	126515.000
359.000	71695.000
360.000	39235.000
361.000	22048.000
362.000	13109.000
363.000	9263.000
364.000	7394.000
365.000	6698.000
366.000	6499.000
367.000	6403.000
368.000	6637.000
369.000	6707.000
370.000	6930.000
371.000	7237.000
372.000	7687.000
373.000	8544.000
374.000	9390.000
375.000	10917.000
376.000	13444.000
377.000	17683.000
378.000	23874.000
379.000	34836.000
380.000	49992.000
381.000	71201.000
382.000	97082.000
383.000	125805.000
384.000	153790.000
385.000	175556.000
386.000	187935.000
387.000	184826.000
388.000	170803.000
389.000	148235.000
390.000	117799.000
391.000	88191.000
392.000	62024.000
393.000	41814.000
394.000	27212.000
395.000	17067.000
396.000	11425.000
397.000	7985.000
398.000	6452.000
399.000	5854.000
400.000	5473.000
401.000	5211.000
402.000	5349.000
403.000	5416.000
404.000	5612.000
405.000	5578.000
406.000	5670.000
407.000	5909.000
408.000	6068.000
409.000	6083.000
410.000	6126.000
411.000	6135.000
412.000	6196.000
413.000	6108.000
414.000	5800.000
415.000	6016.000
416.000	6160.000
417.000	6109.000
418.000	6177.000
419.000	6215.000
420.000	6410.000
421.000	6265.000
422.000	6406.000
423.000	6676.000
424.000	6556.000
425.000	6581.000
426.000	6852.000
427.000	6974.000
428.000	6977.000
429.000	7225.000
430.000	7399.000
431.000	7929.000
432.000	8432.000
433.000	9223.000
434.000	10366.000
435.000	12090.000
436.000	14041.000
437.000	15874.000
438.000	17665.000
439.000	19193.000
440.000	19817.000
441.000	19595.000
442.000	19067.000
443.000	17613.000
444.000	16169.000
445.000	14692.000
446.000	13242.000
447.000	11945.000
448.000	11070.000
449.000	10627.000
450.000	10225.000
451.000	10182.000
452.000	10231.000
453.000	10287.000
454.000	10505.000
455.000	10808.000
456.000	10943.000
457.000	11240.000
458.000	11426.000
459.000	11732.000
460.000	12071.000
461.000	12034.000
462.000	11949.000
463.000	12089.000
464.000	12695.000
465.000	13261.000
466.000	14551.000
467.000	16256.000
468.000	18301.000
469.000	20400.000
470.000	22546.000
471.000	24360.000
472.000	25113.000
473.000	25374.000
474.000	24284.000
475.000	22915.000
476.000	21297.000
477.000	19171.000
478.000	17358.000
479.000	16055.000
480.000	15130.000
481.000	14314.000
482.000	14181.000
483.000	14235.000
484.000	14786.000
485.000	14855.000
486.000	14969.000
487.000	15263.000
488.000	15348.000
489.000	15348.000
490.000	14991.000
491.000	15141.000
492.000	14758.000
493.000	14817.000
494.000	14505.000
495.000	14533.000
496.000	14713.000
497.000	14644.000
498.000	14727.000
499.000	15279.000
500.000	15365.000
501.000	15726.000
502.000	16151.000
503.000	16524.000
504.000	16495.000
505.000	17049.000
506.000	17464.000
507.000	17724.000
508.000	17466.000
509.000	17565.000
510.000	17599.000
511.000	17799.000
512.000	17481.000
513.000	18074.000
514.000	18034.000
515.000	18107.000
516.000	18434.000
517.000	19023.000
518.000	19275.000
519.000	19908.000
520.000	20476.000
521.000	21027.000
522.000	21252.000
523.000	21498.000
524.000	22003.000
525.000	22534.000
526.000	22442.000
527.000	21836.000
528.000	21771.000
529.000	21953.000
530.000	21507.000
531.000	21274.000
532.000	21086.000
533.000	20936.000
534.000	20634.000
535.000	21025.000
536.000	20938.000
537.000	20722.000
538.000	20917.000
539.000	21172.000
540.000	21361.000
541.000	21320.000
542.000	21407.000
543.000	21490.000
544.000	21840.000
545.000	21761.000
546.000	22049.000
547.000	22238.000
548.000	22559.000
549.000	22508.000
550.000	22169.000
551.000	22493.000
552.000	22772.000
553.000	22464.000
554.000	22449.000
555.000	22823.000
556.000	23254.000
557.000	23301.000
558.000	23240.000
559.000	23395.000
560.000	23710.000
561.000	23796.000
562.000	23974.000
563.000	24347.000
564.000	24341.000
565.000	24256.000
566.000	24532.000
567.000	24594.000
568.000	25080.000
569.000	24991.000
570.000	25544.000
571.000	25900.000
572.000	26006.000
573.000	26436.000
574.000	27141.000
575.000	27265.000
576.000	27395.000
577.000	27351.000
578.000	27462.000
579.000	27714.000
580.000	27748.000
581.000	27566.000
582.000	27624.000
583.000	27881.000
584.000	27852.000
585.000	27674.000
586.000	28177.000
587.000	28005.000
588.000	28332.000
589.000	28586.000
590.000	28614.000
591.000	28780.000
592.000	28900.000
593.000	29411.000
594.000	29494.000
595.000	29473.000
596.000	29892.000
597.000	29995.000
598.000	30459.000
599.000	30298.000
600.000	30786.000
601.000	30751.000
602.000	31461.000
603.000	31301.000
604.000	31482.000
605.000	31404.000
606.000	32117.000
607.000	32391.000
608.000	32559.000
609.000	32787.000
610.000	33449.000
611.000	33985.000
612.000	34000.000
613.000	34045.000
614.000	34397.000
615.000	34176.000
616.000	34629.000
617.000	34283.000
618.000	34239.000
619.000	34549.000
620.000	34509.000
621.000	34730.000
622.000	34683.000
623.000	34797.000
624.000	34988.000
625.000	35060.000
626.000	35258.000
627.000	35423.000
628.000	35660.000
629.000	35813.000
630.000	35738.000
631.000	35938.000
632.000	36446.000
633.000	36705.000
634.000	36947.000
635.000	36914.000
636.000	36947.000
637.000	37238.000
638.000	37796.000
639.000	37501.000
640.000	37900.000
641.000	38209.000
642.000	38837.000
643.000	39218.000
644.000	39961.000
645.000	40104.000
646.000	41490.000
647.000	42375.000
648.000	43185.000
649.000	44335.000
650.000	44349.000
651.000	45073.000
652.000	44945.000
653.000	45298.000
654.000	44652.000
655.000	43798.000
656.000	42984.000
657.000	42659.000
658.000	42506.000
659.000	41665.000
660.000	41368.000
661.000	41348.000
662.000	41412.000
663.000	40919.000
664.000	41525.000
665.000	41553.000
666.000	41434.000
667.000	41900.000
668.000	41837.000
669.000	41517.000
670.000	42052.000
671.000	42450.000
672.000	42585.000
673.000	42515.000
674.000	42521.000
675.000	43353.000
676.000	43486.000
677.000	43651.000
678.000	43518.000
679.000	43775.000
680.000	43947.000
681.000	44268.000
682.000	44334.000
683.000	44574.000
684.000	44693.000
685.000	44969.000
686.000	45172.000
687.000	45440.000
688.000	45734.000
689.000	45943.000
690.000	45741.000
691.000	45876.000
692.000	46206.000
693.000	46557.000
694.000	46922.000
695.000	47019.000
696.000	47508.000
697.000	47346.000
698.000	47752.000
699.000	48080.000
700.000	47699.000
701.000	48206.000
702.000	47916.000
703.000	47886.000
704.000	48626.000
705.000	48009.000
706.000	47929.000
707.000	48520.000
708.000	48127.000
709.000	48998.000
710.000	48802.000
711.000	48948.000
712.000	48972.000
713.000	49435.000
714.000	48904.000
715.000	49355.000
716.000	49565.000
717.000	49836.000
718.000	49953.000
719.000	49800.000
720.000	50870.000
721.000	50362.000
722.000	51075.000
723.000	51587.000
724.000	51986.000
725.000	52770.000
726.000	52737.000
727.000	53477.000
728.000	53977.000
729.000	53349.000
730.000	54269.000
731.000	53993.000
732.000	53958.000
733.000	53843.000
734.000	54456.000
735.000	53848.000
736.000	53459.000
737.000	53950.000
738.000	53415.000
739.000	53241.000
740.000	53146.000
741.000	53212.000
742.000	53276.000
743.000	53511.000
744.000	53026.000
745.000	53218.000
746.000	53288.000
747.000	53916.000
748.000	53685.000
749.000	53891.000
750.000	53943.000
751.000	54360.000
752.000	54490.000
753.000	54253.000
754.000	54884.000
755.000	54747.000
756.000	55076.000
757.000	55605.000
758.000	56386.000
759.000	57138.000
760.000	59469.000
761.000	60645.000
762.000	64048.000
763.000	69155.000
764.000	75410.000
765.000	82757.000
766.000	91732.000
767.000	101961.000
768.000	112698.000
769.000	124462.000
770.000	134933.000
771.000	142257.000
772.000	148734.000
773.000	150083.000
774.000	149411.000
775.000	144783.000
776.000	136560.000
777.000	126599.000
778.000	115098.000
779.000	105033.000
780.000	92940.000
781.000	83862.000
782.000	75827.000
783.000	70385.000
784.000	65296.000
785.000	61622.000
786.000	59554.000
787.000	58293.000
788.000	57227.000
789.000	57098.000
790.000	56941.000
791.000	56388.000
792.000	56477.000
793.000	57037.000
794.000	56973.000
795.000	57090.000
796.000	56668.000
797.000	57080.000
798.000	56668.000
799.000	57159.000
800.000	57190.000
801.000	57653.000
802.000	57404.000
803.000	57698.000
804.000	57924.000
805.000	58072.000
806.000	58676.000
807.000	58626.000
808.000	58848.000
809.000	59397.000
810.000	59793.000
811.000	60470.000
812.000	60875.000
813.000	60892.000
814.000	61902.000
815.000	62535.000
816.000	62963.000
817.000	62657.000
818.000	62583.000
819.000	62628.000
820.000	62233.000
821.000	61883.000
822.000	61531.000
823.000	61732.000
824.000	61414.000
825.000	60546.000
826.000	60520.000
827.000	60668.000
828.000	60830.000
829.000	60222.000
830.000	60864.000
831.000	60863.000
832.000	60949.000
833.000	60911.000
834.000	61243.000
835.000	61828.000
836.000	61866.000
837.000	62152.000
838.000	62484.000
839.000	62526.000
840.000	63059.000
841.000	62987.000
842.000	63064.000
843.000	63729.000
844.000	64417.000
845.000	64577.000
846.000	64938.000
847.000	65548.000
848.000	65983.000
849.000	67182.000
850.000	68105.000
851.000	69075.000
852.000	70641.000
853.000	72106.000
854.000	74153.000
855.000	76009.000
856.000	78552.000
857.000	81259.000
858.000	84949.000
859.000	87878.000
860.000	90672.000
861.000	93580.000
862.000	95875.000
863.000	98050.000
864.000	99498.000
865.000	100127.000
866.000	100399.000
867.000	99439.000
868.000	98731.000
869.000	98055.000
870.000	96606.000
871.000	95335.000
872.000	95609.000
873.000	96345.000
874.000	96586.000
875.000	98255.000
876.000	100771.000
877.000	104412.000
878.000	107227.000
879.000	111185.000
880.000	115602.000
881.000	120690.000
882.000	127432.000
883.000	133452.000
884.000	140894.000
885.000	147827.000
886.000	156284.000
887.000	165375.000
888.000	175104.000
889.000	183421.000
890.000	194130.000
891.000	203681.000
892.000	214508.000
893.000	222995.000
894.000	232812.000
895.000	241948.000
896.000	248631.000
897.000	254940.000
898.000	259695.000
899.000	264773.000
900.000	268228.000
901.000	268794.000
902.000	269104.000
903.000	267520.000
904.000	265384.000
905.000	260925.000
906.000	254548.000
907.000	248723.000
908.000	240923.000
909.000	232984.000
910.000	224673.000
911.000	215744.000
912.000	204712.000
913.000	195467.000
914.000	185695.000
915.000	175613.000
916.000	166230.000
917.000	157667.000
918.000	148603.000
919.000	139359.000
920.000	132298.000
921.000	124647.000
922.000	118027.000
923.000	111791.000
924.000	106266.000
925.000	101196.000
926.000	96864.000
927.000	92330.000
928.000	89219.000
929.000	85267.000
930.000	82170.000
931.000	80144.000
932.000	77459.000
933.000	75711.000
934.000	74285.000
935.000	72905.000
936.000	72832.000
937.000	73027.000
938.000	73879.000
939.000	75732.000
940.000	78502.000
941.000	83556.000
942.000	89117.000
943.000	97171.000
944.000	106795.000
945.000	117790.000
946.000	130140.000
947.000	143263.000
948.000	156482.000
949.000	169331.000
950.000	180856.000
951.000	190657.000
952.000	197330.000
953.000	200748.000
954.000	200405.000
955.000	195027.000
956.000	187061.000
957.000	175934.000
958.000	162504.000
959.000	147572.000
960.000	131805.000
961.000	117052.000
962.000	102898.000
963.000	90713.000
964.000	81153.000
965.000	73566.000
966.000	68005.000
967.000	62884.000
968.000	60099.000
969.000	57857.000
970.000	56294.000
971.000	55738.000
972.000	55577.000
973.000	55192.000
974.000	55205.000
975.000	54797.000
976.000	54890.000
977.000	55114.000
978.000	55954.000
979.000	56083.000
980.000	56692.000
981.000	56852.000
982.000	57321.000
983.000	57919.000
984.000	59066.000
985.000	59896.000
986.000	60879.000
987.000	61910.000
988.000	62727.000
989.000	63825.000
990.000	65319.000
991.000	66893.000
992.000	68737.000
993.000	69409.000
994.000	70988.000
995.000	72592.000
996.000	73852.000
997.000	75786.000
998.000	76734.000
999.000	78107.000
1000.000	79283.000
1001.000	79876.000
1002.000	80177.000
1003.000	81300.000
1004.000	81199.000
1005.000	81704.000
1006.000	80988.000
1007.000	81339.000
1008.000	80237.000
1009.000	80327.000
1010.000	79512.000
1011.000	78180.000
1012.000	76827.000
1013.000	75775.000
1014.000	74140.000
1015.000	71865.000
1016.000	70780.000
1017.000	68318.000
1018.000	66816.000
1019.000	65038.000
1020.000	63380.000
1021.000	61601.000
1022.000	59180.000
1023.000	56981.000
1024.000	55124.000
