Date:	21/02/2008		Time:	01:34		Version no:	0.00		Project name:	55		Sample name:	222		Section name:	section		Position	0.000000	mm	E0	0.000000	keV	E1	1.000000	keV/channel	sample surface	2.000000	cm	Tube anode:	Mo		Tube voltage:	30	kV	Tube current:	50	mA	gain	20		std. database	Duranglass-Mo		resultfile	result		matrix element	11		sample thickness	1.000000		air passage	0.560000	cm	comments	not in position		peaking_time	1.000000	m-sec	trigger_threshold	1008.300781	V	mca_bin_width	29.000000	no:	number_mca_channels	1024.000000	no:	gap_time	0.150000	m-sec	trigger_peaking_time	0.200000	m-sec	GAINDAC	12334		HIGHGAIN	1		TAURC	0		RCTAU	63		RCTAUFRAC	0		livetime	9.990380	seconds	runtime	10.000502	seconds	input_count_rate	1.659597	cps	output_count_rate	1.644617	cps	triggers	16580	seconds	events_in_run	16447	seconds	channel	content		1.000	0.000
2.000	0.000
3.000	0.000
4.000	0.000
5.000	0.000
6.000	0.000
7.000	0.000
8.000	0.000
9.000	0.000
10.000	0.000
11.000	0.000
12.000	0.000
13.000	0.000
14.000	0.000
15.000	0.000
16.000	0.000
17.000	0.000
18.000	0.000
19.000	0.000
20.000	0.000
21.000	0.000
22.000	0.000
23.000	0.000
24.000	0.000
25.000	0.000
26.000	0.000
27.000	0.000
28.000	0.000
29.000	0.000
30.000	0.000
31.000	4052.000
32.000	5738.000
33.000	7879.000
34.000	10612.000
35.000	13781.000
36.000	17495.000
37.000	21300.000
38.000	25523.000
39.000	30060.000
40.000	33391.000
41.000	37068.000
42.000	40362.000
43.000	42430.000
44.000	44383.000
45.000	46146.000
46.000	47138.000
47.000	48041.000
48.000	48190.000
49.000	48451.000
50.000	48228.000
51.000	48537.000
52.000	48292.000
53.000	48006.000
54.000	47505.000
55.000	46505.000
56.000	46465.000
57.000	45645.000
58.000	44730.000
59.000	44448.000
60.000	43343.000
61.000	42677.000
62.000	41974.000
63.000	41230.000
64.000	40611.000
65.000	39778.000
66.000	39194.000
67.000	38333.000
68.000	37578.000
69.000	37016.000
70.000	36144.000
71.000	35764.000
72.000	35020.000
73.000	34171.000
74.000	33763.000
75.000	33071.000
76.000	32467.000
77.000	32396.000
78.000	31718.000
79.000	31473.000
80.000	30664.000
81.000	30628.000
82.000	30510.000
83.000	29927.000
84.000	29970.000
85.000	29820.000
86.000	29121.000
87.000	28677.000
88.000	28402.000
89.000	27676.000
90.000	27591.000
91.000	27254.000
92.000	27560.000
93.000	27247.000
94.000	27815.000
95.000	28595.000
96.000	29622.000
97.000	30056.000
98.000	30498.000
99.000	30352.000
100.000	29500.000
101.000	28114.000
102.000	27339.000
103.000	26558.000
104.000	26312.000
105.000	25868.000
106.000	26200.000
107.000	26779.000
108.000	26894.000
109.000	27269.000
110.000	27303.000
111.000	26581.000
112.000	25710.000
113.000	24776.000
114.000	23693.000
115.000	23174.000
116.000	22175.000
117.000	21410.000
118.000	21064.000
119.000	20745.000
120.000	20532.000
121.000	20676.000
122.000	20897.000
123.000	20742.000
124.000	21798.000
125.000	22599.000
126.000	23435.000
127.000	24613.000
128.000	25747.000
129.000	25937.000
130.000	25935.000
131.000	25600.000
132.000	25069.000
133.000	23831.000
134.000	22540.000
135.000	21907.000
136.000	21112.000
137.000	20103.000
138.000	19471.000
139.000	19169.000
140.000	18666.000
141.000	18046.000
142.000	17887.000
143.000	17498.000
144.000	17304.000
145.000	17338.000
146.000	17009.000
147.000	17166.000
148.000	16811.000
149.000	16641.000
150.000	17181.000
151.000	17244.000
152.000	17417.000
153.000	17351.000
154.000	17574.000
155.000	17594.000
156.000	17732.000
157.000	17981.000
158.000	18138.000
159.000	18869.000
160.000	20032.000
161.000	21566.000
162.000	24475.000
163.000	27228.000
164.000	30585.000
165.000	32973.000
166.000	34615.000
167.000	34616.000
168.000	32769.000
169.000	30116.000
170.000	26823.000
171.000	23724.000
172.000	21445.000
173.000	19515.000
174.000	18517.000
175.000	18185.000
176.000	18685.000
177.000	19701.000
178.000	21673.000
179.000	24082.000
180.000	27948.000
181.000	32679.000
182.000	39115.000
183.000	45690.000
184.000	53058.000
185.000	58916.000
186.000	62487.000
187.000	62018.000
188.000	58633.000
189.000	52215.000
190.000	44605.000
191.000	36927.000
192.000	30628.000
193.000	26456.000
194.000	24001.000
195.000	24006.000
196.000	25963.000
197.000	30365.000
198.000	38616.000
199.000	53088.000
200.000	76332.000
201.000	110743.000
202.000	160165.000
203.000	223389.000
204.000	296057.000
205.000	369033.000
206.000	429264.000
207.000	466258.000
208.000	467383.000
209.000	434436.000
210.000	373983.000
211.000	298930.000
212.000	221129.000
213.000	154085.000
214.000	101722.000
215.000	66107.000
216.000	44896.000
217.000	34624.000
218.000	31939.000
219.000	34675.000
220.000	41495.000
221.000	51343.000
222.000	62555.000
223.000	74607.000
224.000	84102.000
225.000	89879.000
226.000	90974.000
227.000	85752.000
228.000	76707.000
229.000	64808.000
230.000	52273.000
231.000	40846.000
232.000	31874.000
233.000	25438.000
234.000	21257.000
235.000	18756.000
236.000	17316.000
237.000	16834.000
238.000	16560.000
239.000	17056.000
240.000	17904.000
241.000	18738.000
242.000	20542.000
243.000	23826.000
244.000	29109.000
245.000	37631.000
246.000	51077.000
247.000	70614.000
248.000	96929.000
249.000	129169.000
250.000	163441.000
251.000	196521.000
252.000	221587.000
253.000	236004.000
254.000	234335.000
255.000	219796.000
256.000	195194.000
257.000	165172.000
258.000	134812.000
259.000	108242.000
260.000	87764.000
261.000	72024.000
262.000	60565.000
263.000	52240.000
264.000	45715.000
265.000	39677.000
266.000	35032.000
267.000	32019.000
268.000	30662.000
269.000	30654.000
270.000	33138.000
271.000	36884.000
272.000	42531.000
273.000	48927.000
274.000	56245.000
275.000	62989.000
276.000	68043.000
277.000	69236.000
278.000	68731.000
279.000	64862.000
280.000	58497.000
281.000	51032.000
282.000	43861.000
283.000	37641.000
284.000	32692.000
285.000	29271.000
286.000	26635.000
287.000	25604.000
288.000	25096.000
289.000	25130.000
290.000	25740.000
291.000	26190.000
292.000	27396.000
293.000	27961.000
294.000	28772.000
295.000	29925.000
296.000	30646.000
297.000	31876.000
298.000	33174.000
299.000	33582.000
300.000	34244.000
301.000	35078.000
302.000	35460.000
303.000	35604.000
304.000	35784.000
305.000	35427.000
306.000	35541.000
307.000	34858.000
308.000	33906.000
309.000	33384.000
310.000	33275.000
311.000	33045.000
312.000	32907.000
313.000	32900.000
314.000	33473.000
315.000	33286.000
316.000	33898.000
317.000	34497.000
318.000	35391.000
319.000	37276.000
320.000	39268.000
321.000	41778.000
322.000	46110.000
323.000	53458.000
324.000	61648.000
325.000	73652.000
326.000	87569.000
327.000	103600.000
328.000	118513.000
329.000	131886.000
330.000	141454.000
331.000	145665.000
332.000	142971.000
333.000	134367.000
334.000	122847.000
335.000	110490.000
336.000	97182.000
337.000	87300.000
338.000	80264.000
339.000	76062.000
340.000	76171.000
341.000	78076.000
342.000	84093.000
343.000	92269.000
344.000	107649.000
345.000	132010.000
346.000	174882.000
347.000	246664.000
348.000	371202.000
349.000	575847.000
350.000	902199.000
351.000	1389819.000
352.000	2075554.000
353.000	2976178.000
354.000	4067158.000
355.000	5280549.000
356.000	6488685.000
357.000	7531121.000
358.000	8244809.000
359.000	8513822.000
360.000	8272909.000
361.000	7575927.000
362.000	6532467.000
363.000	5301732.000
364.000	4053133.000
365.000	2921112.000
366.000	1990270.000
367.000	1283993.000
368.000	790215.000
369.000	470017.000
370.000	274877.000
371.000	165396.000
372.000	106548.000
373.000	77570.000
374.000	64391.000
375.000	58778.000
376.000	57648.000
377.000	58178.000
378.000	60348.000
379.000	63736.000
380.000	67403.000
381.000	74211.000
382.000	83721.000
383.000	97768.000
384.000	119540.000
385.000	152038.000
386.000	200926.000
387.000	272339.000
388.000	370773.000
389.000	502004.000
390.000	662201.000
391.000	845499.000
392.000	1042748.000
393.000	1221188.000
394.000	1368513.000
395.000	1451417.000
396.000	1458525.000
397.000	1394872.000
398.000	1262016.000
399.000	1077819.000
400.000	874699.000
401.000	673306.000
402.000	493788.000
403.000	346110.000
404.000	234162.000
405.000	155804.000
406.000	103613.000
407.000	72584.000
408.000	54575.000
409.000	44538.000
410.000	39577.000
411.000	37263.000
412.000	36966.000
413.000	37233.000
414.000	37948.000
415.000	38969.000
416.000	39637.000
417.000	40410.000
418.000	41274.000
419.000	41577.000
420.000	41326.000
421.000	41584.000
422.000	41392.000
423.000	40678.000
424.000	40804.000
425.000	40283.000
426.000	40492.000
427.000	40275.000
428.000	40122.000
429.000	40461.000
430.000	40773.000
431.000	41161.000
432.000	41610.000
433.000	42269.000
434.000	42629.000
435.000	43319.000
436.000	43810.000
437.000	44952.000
438.000	45109.000
439.000	46403.000
440.000	47833.000
441.000	49615.000
442.000	51861.000
443.000	54455.000
444.000	57624.000
445.000	61691.000
446.000	66240.000
447.000	71084.000
448.000	75952.000
449.000	79622.000
450.000	82984.000
451.000	84493.000
452.000	85362.000
453.000	84513.000
454.000	82887.000
455.000	80510.000
456.000	78700.000
457.000	75546.000
458.000	74066.000
459.000	72391.000
460.000	71700.000
461.000	71968.000
462.000	72571.000
463.000	74313.000
464.000	75902.000
465.000	78790.000
466.000	81119.000
467.000	84324.000
468.000	87138.000
469.000	89027.000
470.000	90590.000
471.000	90419.000
472.000	90122.000
473.000	88484.000
474.000	86623.000
475.000	85302.000
476.000	84160.000
477.000	84088.000
478.000	85713.000
479.000	87761.000
480.000	90346.000
481.000	93957.000
482.000	96349.000
483.000	98868.000
484.000	99648.000
485.000	100108.000
486.000	98754.000
487.000	95481.000
488.000	93104.000
489.000	89964.000
490.000	87644.000
491.000	85470.000
492.000	84273.000
493.000	83483.000
494.000	83514.000
495.000	83453.000
496.000	84452.000
497.000	84894.000
498.000	85827.000
499.000	86986.000
500.000	88102.000
501.000	88581.000
502.000	89243.000
503.000	89526.000
504.000	89679.000
505.000	90219.000
506.000	91054.000
507.000	91738.000
508.000	92591.000
509.000	94080.000
510.000	96036.000
511.000	97508.000
512.000	100633.000
513.000	102519.000
514.000	104628.000
515.000	107043.000
516.000	109628.000
517.000	111908.000
518.000	113868.000
519.000	115742.000
520.000	116396.000
521.000	116651.000
522.000	117008.000
523.000	117836.000
524.000	118005.000
525.000	119052.000
526.000	119122.000
527.000	119812.000
528.000	120962.000
529.000	122345.000
530.000	123173.000
531.000	124217.000
532.000	127187.000
533.000	128486.000
534.000	131180.000
535.000	133137.000
536.000	135369.000
537.000	137401.000
538.000	140205.000
539.000	140324.000
540.000	142295.000
541.000	143100.000
542.000	142740.000
543.000	142044.000
544.000	140826.000
545.000	139427.000
546.000	137969.000
547.000	136892.000
548.000	135295.000
549.000	134366.000
550.000	134320.000
551.000	134730.000
552.000	133818.000
553.000	134799.000
554.000	135639.000
555.000	136601.000
556.000	137894.000
557.000	138906.000
558.000	138677.000
559.000	139599.000
560.000	138962.000
561.000	138868.000
562.000	138386.000
563.000	138214.000
564.000	138062.000
565.000	137565.000
566.000	137520.000
567.000	138602.000
568.000	138755.000
569.000	139259.000
570.000	139329.000
571.000	140492.000
572.000	140610.000
573.000	142916.000
574.000	142830.000
575.000	144084.000
576.000	144928.000
577.000	145578.000
578.000	146669.000
579.000	147296.000
580.000	148233.000
581.000	149677.000
582.000	150708.000
583.000	151105.000
584.000	152692.000
585.000	155373.000
586.000	156583.000
587.000	158787.000
588.000	160262.000
589.000	160925.000
590.000	163110.000
591.000	164273.000
592.000	164967.000
593.000	166602.000
594.000	166935.000
595.000	167941.000
596.000	168623.000
597.000	169472.000
598.000	170616.000
599.000	171909.000
600.000	173184.000
601.000	174482.000
602.000	176580.000
603.000	178850.000
604.000	180419.000
605.000	182515.000
606.000	182795.000
607.000	185447.000
608.000	185977.000
609.000	186530.000
610.000	187798.000
611.000	187861.000
612.000	189212.000
613.000	189112.000
614.000	189316.000
615.000	189429.000
616.000	189717.000
617.000	190120.000
618.000	190353.000
619.000	190431.000
620.000	191371.000
621.000	191854.000
622.000	191982.000
623.000	194039.000
624.000	194754.000
625.000	195765.000
626.000	196318.000
627.000	197586.000
628.000	198970.000
629.000	200962.000
630.000	200726.000
631.000	201696.000
632.000	203220.000
633.000	202891.000
634.000	203583.000
635.000	203619.000
636.000	204451.000
637.000	204848.000
638.000	203556.000
639.000	203801.000
640.000	204252.000
641.000	204321.000
642.000	204641.000
643.000	203475.000
644.000	203896.000
645.000	205052.000
646.000	204809.000
647.000	205444.000
648.000	205442.000
649.000	207353.000
650.000	207012.000
651.000	207475.000
652.000	208820.000
653.000	208714.000
654.000	210516.000
655.000	211638.000
656.000	211418.000
657.000	213542.000
658.000	215576.000
659.000	216491.000
660.000	218213.000
661.000	218913.000
662.000	221964.000
663.000	223735.000
664.000	224971.000
665.000	226003.000
666.000	227469.000
667.000	226287.000
668.000	226685.000
669.000	225783.000
670.000	225165.000
671.000	223400.000
672.000	221413.000
673.000	221042.000
674.000	219851.000
675.000	218802.000
676.000	218947.000
677.000	218853.000
678.000	218346.000
679.000	219228.000
680.000	219649.000
681.000	220679.000
682.000	222147.000
683.000	222853.000
684.000	224813.000
685.000	225232.000
686.000	226401.000
687.000	227213.000
688.000	228737.000
689.000	230595.000
690.000	230835.000
691.000	232514.000
692.000	234382.000
693.000	234465.000
694.000	236904.000
695.000	238850.000
696.000	239831.000
697.000	241100.000
698.000	242958.000
699.000	243869.000
700.000	244463.000
701.000	246817.000
702.000	248426.000
703.000	248800.000
704.000	251042.000
705.000	252762.000
706.000	254101.000
707.000	254660.000
708.000	256039.000
709.000	257443.000
710.000	259089.000
711.000	259214.000
712.000	259427.000
713.000	260883.000
714.000	262554.000
715.000	263998.000
716.000	263753.000
717.000	265607.000
718.000	266415.000
719.000	266883.000
720.000	268931.000
721.000	269897.000
722.000	270591.000
723.000	271642.000
724.000	273743.000
725.000	273281.000
726.000	275473.000
727.000	276894.000
728.000	276884.000
729.000	276510.000
730.000	278441.000
731.000	277916.000
732.000	277778.000
733.000	278088.000
734.000	279075.000
735.000	279218.000
736.000	279238.000
737.000	280156.000
738.000	281225.000
739.000	283022.000
740.000	284376.000
741.000	286670.000
742.000	289113.000
743.000	291577.000
744.000	294739.000
745.000	296679.000
746.000	299520.000
747.000	300228.000
748.000	302208.000
749.000	302625.000
750.000	303249.000
751.000	302745.000
752.000	301145.000
753.000	300258.000
754.000	297483.000
755.000	295009.000
756.000	294104.000
757.000	292306.000
758.000	291869.000
759.000	291212.000
760.000	290691.000
761.000	288536.000
762.000	290027.000
763.000	290022.000
764.000	289957.000
765.000	290296.000
766.000	290159.000
767.000	290405.000
768.000	291190.000
769.000	292085.000
770.000	292018.000
771.000	293301.000
772.000	293242.000
773.000	294429.000
774.000	297188.000
775.000	299879.000
776.000	303613.000
777.000	308216.000
778.000	316048.000
779.000	326040.000
780.000	339763.000
781.000	357677.000
782.000	380523.000
783.000	408945.000
784.000	441647.000
785.000	477181.000
786.000	519841.000
787.000	559366.000
788.000	598991.000
789.000	631359.000
790.000	658094.000
791.000	673462.000
792.000	677344.000
793.000	670110.000
794.000	651757.000
795.000	624344.000
796.000	587043.000
797.000	546511.000
798.000	507455.000
799.000	466887.000
800.000	431187.000
801.000	399905.000
802.000	374863.000
803.000	355579.000
804.000	340585.000
805.000	330068.000
806.000	322615.000
807.000	317772.000
808.000	315010.000
809.000	313516.000
810.000	312950.000
811.000	313214.000
812.000	314031.000
813.000	314152.000
814.000	314457.000
815.000	315227.000
816.000	315847.000
817.000	315695.000
818.000	319070.000
819.000	319584.000
820.000	320158.000
821.000	322287.000
822.000	323861.000
823.000	325383.000
824.000	327560.000
825.000	329316.000
826.000	331824.000
827.000	335385.000
828.000	338685.000
829.000	342630.000
830.000	346614.000
831.000	350218.000
832.000	355095.000
833.000	358833.000
834.000	362257.000
835.000	363788.000
836.000	366856.000
837.000	367055.000
838.000	366168.000
839.000	365942.000
840.000	364567.000
841.000	362092.000
842.000	360894.000
843.000	359602.000
844.000	357552.000
845.000	357562.000
846.000	356194.000
847.000	355572.000
848.000	355921.000
849.000	355560.000
850.000	357053.000
851.000	357706.000
852.000	358422.000
853.000	360943.000
854.000	361476.000
855.000	362399.000
856.000	365391.000
857.000	366110.000
858.000	368213.000
859.000	371012.000
860.000	372563.000
861.000	374493.000
862.000	377475.000
863.000	378782.000
864.000	381017.000
865.000	384219.000
866.000	388792.000
867.000	392794.000
868.000	397216.000
869.000	403014.000
870.000	409199.000
871.000	418230.000
872.000	426013.000
873.000	437724.000
874.000	448730.000
875.000	461383.000
876.000	478767.000
877.000	492258.000
878.000	508683.000
879.000	523828.000
880.000	538906.000
881.000	552771.000
882.000	566939.000
883.000	577045.000
884.000	585111.000
885.000	589902.000
886.000	591781.000
887.000	592710.000
888.000	590286.000
889.000	586950.000
890.000	585561.000
891.000	584142.000
892.000	585326.000
893.000	586963.000
894.000	594286.000
895.000	603183.000
896.000	617969.000
897.000	633491.000
898.000	652830.000
899.000	675605.000
900.000	702705.000
901.000	734880.000
902.000	767769.000
903.000	804502.000
904.000	844251.000
905.000	886775.000
906.000	932285.000
907.000	981777.000
908.000	1031444.000
909.000	1083135.000
910.000	1136853.000
911.000	1191536.000
912.000	1243401.000
913.000	1295013.000
914.000	1345292.000
915.000	1389868.000
916.000	1434082.000
917.000	1471275.000
918.000	1504548.000
919.000	1531246.000
920.000	1550014.000
921.000	1561370.000
922.000	1564631.000
923.000	1562431.000
924.000	1552340.000
925.000	1539430.000
926.000	1511228.000
927.000	1485413.000
928.000	1447281.000
929.000	1409715.000
930.000	1365105.000
931.000	1316373.000
932.000	1265731.000
933.000	1216068.000
934.000	1162885.000
935.000	1109477.000
936.000	1056109.000
937.000	1005516.000
938.000	955238.000
939.000	906481.000
940.000	860698.000
941.000	817728.000
942.000	776256.000
943.000	738139.000
944.000	703032.000
945.000	669797.000
946.000	639751.000
947.000	612790.000
948.000	588478.000
949.000	565435.000
950.000	546810.000
951.000	528281.000
952.000	511363.000
953.000	497455.000
954.000	485464.000
955.000	475908.000
956.000	469592.000
957.000	465559.000
958.000	463258.000
959.000	466940.000
960.000	472984.000
961.000	485274.000
962.000	505511.000
963.000	529727.000
964.000	564789.000
965.000	608149.000
966.000	660935.000
967.000	721795.000
968.000	789781.000
969.000	864407.000
970.000	941365.000
971.000	1016050.000
972.000	1089105.000
973.000	1155727.000
974.000	1207368.000
975.000	1242676.000
976.000	1261439.000
977.000	1258185.000
978.000	1237847.000
979.000	1193079.000
980.000	1132881.000
981.000	1059928.000
982.000	974685.000
983.000	884535.000
984.000	800177.000
985.000	717040.000
986.000	641259.000
987.000	577828.000
988.000	523333.000
989.000	477898.000
990.000	443670.000
991.000	419168.000
992.000	398977.000
993.000	386165.000
994.000	376246.000
995.000	370536.000
996.000	366740.000
997.000	364805.000
998.000	365057.000
999.000	365339.000
1000.000	368599.000
1001.000	368544.000
1002.000	371687.000
1003.000	376467.000
1004.000	378304.000
1005.000	384095.000
1006.000	387522.000
1007.000	393608.000
1008.000	398786.000
1009.000	405208.000
1010.000	411808.000
1011.000	418907.000
1012.000	426521.000
1013.000	434601.000
1014.000	443202.000
1015.000	451525.000
1016.000	461040.000
1017.000	469504.000
1018.000	478221.000
1019.000	485152.000
1020.000	494402.000
1021.000	502143.000
1022.000	509288.000
1023.000	515316.000
1024.000	519987.000
