Date:	21/02/2008		Time:	13:05		Version no:	0.00		Project name:	55		Sample name:	222		Section name:	section		Position	0.000000	mm	E0	0.000000	keV	E1	1.000000	keV/channel	sample surface	2.000000	cm	Tube anode:	Mo		Tube voltage:	30	kV	Tube current:	50	mA	gain	20		std. database	Duranglass-Mo		resultfile	result		matrix element	11		sample thickness	1.000000		air passage	0.560000	cm	comments	not in position		peaking_time	1.000000	m-sec	trigger_threshold	1008.300781	V	mca_bin_width	29.000000	no:	number_mca_channels	1024.000000	no:	gap_time	0.150000	m-sec	trigger_peaking_time	0.200000	m-sec	GAINDAC	12334		HIGHGAIN	1		TAURC	0		RCTAU	63		RCTAUFRAC	0		livetime	9.956243	seconds	runtime	10.000502	seconds	input_count_rate	5.886256	cps	output_count_rate	5.531823	cps	triggers	58605	seconds	events_in_run	55321	seconds	channel	content		1.000	0.000
2.000	0.000
3.000	0.000
4.000	0.000
5.000	0.000
6.000	0.000
7.000	0.000
8.000	0.000
9.000	0.000
10.000	0.000
11.000	0.000
12.000	0.000
13.000	0.000
14.000	0.000
15.000	0.000
16.000	0.000
17.000	0.000
18.000	0.000
19.000	0.000
20.000	0.000
21.000	0.000
22.000	0.000
23.000	0.000
24.000	0.000
25.000	0.000
26.000	0.000
27.000	0.000
28.000	0.000
29.000	0.000
30.000	0.000
31.000	933.000
32.000	1254.000
33.000	1794.000
34.000	2460.000
35.000	3209.000
36.000	4031.000
37.000	4909.000
38.000	5968.000
39.000	6829.000
40.000	7902.000
41.000	8462.000
42.000	9149.000
43.000	9881.000
44.000	10191.000
45.000	10415.000
46.000	10656.000
47.000	10937.000
48.000	10894.000
49.000	11099.000
50.000	11058.000
51.000	11099.000
52.000	10881.000
53.000	10835.000
54.000	10829.000
55.000	10858.000
56.000	10526.000
57.000	10238.000
58.000	10175.000
59.000	9961.000
60.000	9965.000
61.000	9744.000
62.000	9690.000
63.000	9356.000
64.000	9358.000
65.000	9044.000
66.000	8878.000
67.000	8926.000
68.000	8558.000
69.000	8445.000
70.000	8220.000
71.000	8094.000
72.000	8007.000
73.000	7988.000
74.000	7618.000
75.000	7606.000
76.000	7357.000
77.000	7407.000
78.000	7172.000
79.000	7038.000
80.000	7129.000
81.000	7001.000
82.000	6907.000
83.000	6998.000
84.000	6797.000
85.000	6697.000
86.000	6529.000
87.000	6525.000
88.000	6459.000
89.000	6475.000
90.000	6144.000
91.000	6232.000
92.000	6093.000
93.000	6300.000
94.000	6287.000
95.000	6495.000
96.000	6532.000
97.000	6720.000
98.000	6597.000
99.000	6750.000
100.000	6497.000
101.000	6445.000
102.000	6129.000
103.000	6036.000
104.000	5835.000
105.000	5806.000
106.000	5780.000
107.000	5996.000
108.000	6003.000
109.000	6138.000
110.000	5957.000
111.000	5881.000
112.000	5710.000
113.000	5495.000
114.000	5326.000
115.000	5179.000
116.000	5090.000
117.000	4910.000
118.000	4810.000
119.000	4734.000
120.000	4802.000
121.000	4718.000
122.000	4628.000
123.000	4826.000
124.000	4878.000
125.000	5055.000
126.000	5374.000
127.000	5533.000
128.000	5682.000
129.000	5797.000
130.000	5781.000
131.000	5800.000
132.000	5597.000
133.000	5402.000
134.000	5115.000
135.000	4974.000
136.000	4901.000
137.000	4605.000
138.000	4511.000
139.000	4403.000
140.000	4315.000
141.000	4094.000
142.000	4040.000
143.000	3985.000
144.000	4004.000
145.000	3925.000
146.000	3870.000
147.000	3921.000
148.000	3965.000
149.000	3767.000
150.000	3958.000
151.000	3965.000
152.000	4019.000
153.000	4125.000
154.000	4047.000
155.000	4008.000
156.000	4043.000
157.000	4142.000
158.000	4203.000
159.000	4190.000
160.000	4450.000
161.000	4795.000
162.000	5487.000
163.000	6244.000
164.000	7005.000
165.000	7570.000
166.000	7855.000
167.000	8000.000
168.000	7400.000
169.000	6847.000
170.000	6216.000
171.000	5467.000
172.000	4794.000
173.000	4374.000
174.000	4204.000
175.000	4282.000
176.000	4380.000
177.000	4762.000
178.000	5409.000
179.000	6100.000
180.000	7549.000
181.000	9238.000
182.000	11168.000
183.000	13906.000
184.000	16403.000
185.000	18082.000
186.000	19659.000
187.000	19690.000
188.000	18164.000
189.000	16177.000
190.000	13440.000
191.000	10831.000
192.000	8414.000
193.000	6884.000
194.000	6005.000
195.000	5682.000
196.000	6052.000
197.000	6821.000
198.000	8568.000
199.000	11560.000
200.000	15949.000
201.000	22534.000
202.000	31597.000
203.000	42806.000
204.000	55880.000
205.000	68715.000
206.000	79643.000
207.000	85723.000
208.000	85709.000
209.000	79537.000
210.000	68851.000
211.000	55134.000
212.000	40962.000
213.000	29070.000
214.000	19312.000
215.000	13152.000
216.000	9167.000
217.000	7377.000
218.000	6824.000
219.000	7293.000
220.000	8366.000
221.000	10224.000
222.000	12272.000
223.000	14533.000
224.000	16447.000
225.000	17550.000
226.000	17542.000
227.000	16615.000
228.000	15081.000
229.000	12757.000
230.000	10587.000
231.000	8664.000
232.000	6926.000
233.000	5579.000
234.000	4675.000
235.000	4386.000
236.000	4059.000
237.000	3928.000
238.000	3950.000
239.000	4030.000
240.000	4131.000
241.000	4387.000
242.000	4708.000
243.000	5456.000
244.000	6708.000
245.000	8587.000
246.000	11619.000
247.000	15760.000
248.000	21286.000
249.000	27847.000
250.000	35687.000
251.000	42206.000
252.000	47854.000
253.000	50383.000
254.000	50718.000
255.000	47432.000
256.000	42675.000
257.000	36178.000
258.000	29921.000
259.000	24771.000
260.000	20226.000
261.000	17031.000
262.000	14727.000
263.000	12934.000
264.000	11208.000
265.000	9941.000
266.000	8668.000
267.000	7869.000
268.000	7495.000
269.000	7576.000
270.000	8193.000
271.000	8849.000
272.000	10110.000
273.000	11490.000
274.000	13278.000
275.000	14558.000
276.000	15389.000
277.000	16050.000
278.000	15725.000
279.000	15107.000
280.000	13548.000
281.000	12137.000
282.000	10230.000
283.000	8926.000
284.000	7871.000
285.000	6995.000
286.000	6511.000
287.000	6330.000
288.000	6172.000
289.000	6234.000
290.000	6351.000
291.000	6429.000
292.000	6952.000
293.000	6898.000
294.000	7156.000
295.000	7452.000
296.000	7704.000
297.000	7873.000
298.000	7991.000
299.000	8289.000
300.000	8381.000
301.000	8383.000
302.000	8694.000
303.000	8744.000
304.000	8842.000
305.000	8813.000
306.000	8584.000
307.000	8690.000
308.000	8351.000
309.000	8324.000
310.000	8184.000
311.000	8192.000
312.000	8252.000
313.000	8215.000
314.000	8290.000
315.000	8342.000
316.000	8583.000
317.000	8644.000
318.000	8944.000
319.000	9013.000
320.000	9645.000
321.000	10303.000
322.000	11342.000
323.000	12595.000
324.000	14592.000
325.000	17314.000
326.000	20132.000
327.000	23614.000
328.000	26660.000
329.000	29409.000
330.000	31504.000
331.000	32214.000
332.000	31974.000
333.000	29881.000
334.000	27989.000
335.000	24968.000
336.000	22522.000
337.000	20639.000
338.000	18941.000
339.000	18376.000
340.000	18678.000
341.000	19266.000
342.000	20879.000
343.000	23312.000
344.000	27275.000
345.000	33529.000
346.000	44703.000
347.000	63432.000
348.000	96075.000
349.000	149935.000
350.000	233938.000
351.000	360088.000
352.000	537782.000
353.000	770456.000
354.000	1052335.000
355.000	1362439.000
356.000	1671973.000
357.000	1937014.000
358.000	2122733.000
359.000	2191351.000
360.000	2131193.000
361.000	1951911.000
362.000	1685500.000
363.000	1368768.000
364.000	1048123.000
365.000	756382.000
366.000	516488.000
367.000	333292.000
368.000	204989.000
369.000	121348.000
370.000	70943.000
371.000	42632.000
372.000	27313.000
373.000	19428.000
374.000	16371.000
375.000	14875.000
376.000	14423.000
377.000	14533.000
378.000	14920.000
379.000	15954.000
380.000	17045.000
381.000	18866.000
382.000	21164.000
383.000	24925.000
384.000	30633.000
385.000	39186.000
386.000	52008.000
387.000	70660.000
388.000	96026.000
389.000	129652.000
390.000	171223.000
391.000	218549.000
392.000	269178.000
393.000	315664.000
394.000	353130.000
395.000	373725.000
396.000	377311.000
397.000	361281.000
398.000	325668.000
399.000	278581.000
400.000	225609.000
401.000	173877.000
402.000	128543.000
403.000	89538.000
404.000	60778.000
405.000	40366.000
406.000	26968.000
407.000	18239.000
408.000	13671.000
409.000	11063.000
410.000	9782.000
411.000	8976.000
412.000	8849.000
413.000	9018.000
414.000	9010.000
415.000	9206.000
416.000	9392.000
417.000	9675.000
418.000	9719.000
419.000	9963.000
420.000	9844.000
421.000	10021.000
422.000	9912.000
423.000	10150.000
424.000	9986.000
425.000	9993.000
426.000	9859.000
427.000	10067.000
428.000	10084.000
429.000	10069.000
430.000	10013.000
431.000	10173.000
432.000	10045.000
433.000	10195.000
434.000	10272.000
435.000	10457.000
436.000	10573.000
437.000	10635.000
438.000	10764.000
439.000	11118.000
440.000	11465.000
441.000	12097.000
442.000	12476.000
443.000	13202.000
444.000	13877.000
445.000	14726.000
446.000	15949.000
447.000	17127.000
448.000	18152.000
449.000	19009.000
450.000	20185.000
451.000	20597.000
452.000	20582.000
453.000	20565.000
454.000	20068.000
455.000	19624.000
456.000	18986.000
457.000	18320.000
458.000	17973.000
459.000	17616.000
460.000	17400.000
461.000	17552.000
462.000	17827.000
463.000	18087.000
464.000	18442.000
465.000	18947.000
466.000	19832.000
467.000	20331.000
468.000	21116.000
469.000	21641.000
470.000	21861.000
471.000	22245.000
472.000	21824.000
473.000	21601.000
474.000	20947.000
475.000	20921.000
476.000	20547.000
477.000	20767.000
478.000	20965.000
479.000	21752.000
480.000	22722.000
481.000	23665.000
482.000	24182.000
483.000	24690.000
484.000	25313.000
485.000	25172.000
486.000	24724.000
487.000	23659.000
488.000	23106.000
489.000	22060.000
490.000	21469.000
491.000	21017.000
492.000	20502.000
493.000	20136.000
494.000	19974.000
495.000	19954.000
496.000	20199.000
497.000	20707.000
498.000	20688.000
499.000	20620.000
500.000	21209.000
501.000	21121.000
502.000	21166.000
503.000	21643.000
504.000	21363.000
505.000	21386.000
506.000	21929.000
507.000	21848.000
508.000	22096.000
509.000	22566.000
510.000	22829.000
511.000	23694.000
512.000	23921.000
513.000	24614.000
514.000	25036.000
515.000	25753.000
516.000	26278.000
517.000	27268.000
518.000	27325.000
519.000	28017.000
520.000	28072.000
521.000	28311.000
522.000	27996.000
523.000	28365.000
524.000	28301.000
525.000	28185.000
526.000	28630.000
527.000	28527.000
528.000	28778.000
529.000	29367.000
530.000	29724.000
531.000	30201.000
532.000	30523.000
533.000	31105.000
534.000	31642.000
535.000	31815.000
536.000	32963.000
537.000	33013.000
538.000	33509.000
539.000	33978.000
540.000	34141.000
541.000	34212.000
542.000	34099.000
543.000	33984.000
544.000	33329.000
545.000	33462.000
546.000	32953.000
547.000	32553.000
548.000	31974.000
549.000	31977.000
550.000	31524.000
551.000	31505.000
552.000	31885.000
553.000	31804.000
554.000	32283.000
555.000	32520.000
556.000	32331.000
557.000	32694.000
558.000	32851.000
559.000	32642.000
560.000	32978.000
561.000	32630.000
562.000	32718.000
563.000	32324.000
564.000	32436.000
565.000	32356.000
566.000	32838.000
567.000	32206.000
568.000	32159.000
569.000	32753.000
570.000	32780.000
571.000	32926.000
572.000	33186.000
573.000	33308.000
574.000	33767.000
575.000	33875.000
576.000	34293.000
577.000	34408.000
578.000	34363.000
579.000	34684.000
580.000	35084.000
581.000	35085.000
582.000	35343.000
583.000	35907.000
584.000	35922.000
585.000	36372.000
586.000	36845.000
587.000	37294.000
588.000	37582.000
589.000	38039.000
590.000	38112.000
591.000	38287.000
592.000	38903.000
593.000	38886.000
594.000	38985.000
595.000	39022.000
596.000	39231.000
597.000	38853.000
598.000	39564.000
599.000	39465.000
600.000	39180.000
601.000	39629.000
602.000	40115.000
603.000	40361.000
604.000	40630.000
605.000	40728.000
606.000	40856.000
607.000	41064.000
608.000	41574.000
609.000	41883.000
610.000	42021.000
611.000	42452.000
612.000	42862.000
613.000	42942.000
614.000	43004.000
615.000	43256.000
616.000	43320.000
617.000	43822.000
618.000	43989.000
619.000	43689.000
620.000	44751.000
621.000	44426.000
622.000	44821.000
623.000	44934.000
624.000	44923.000
625.000	45024.000
626.000	45386.000
627.000	46090.000
628.000	46229.000
629.000	47033.000
630.000	46925.000
631.000	46957.000
632.000	46690.000
633.000	47122.000
634.000	47357.000
635.000	47159.000
636.000	47437.000
637.000	47519.000
638.000	47412.000
639.000	47422.000
640.000	46959.000
641.000	47075.000
642.000	47415.000
643.000	47479.000
644.000	47329.000
645.000	47364.000
646.000	47887.000
647.000	47237.000
648.000	47624.000
649.000	47519.000
650.000	48176.000
651.000	48290.000
652.000	48311.000
653.000	48274.000
654.000	48255.000
655.000	48624.000
656.000	48813.000
657.000	49079.000
658.000	49314.000
659.000	49288.000
660.000	49599.000
661.000	49292.000
662.000	49689.000
663.000	49794.000
664.000	49908.000
665.000	50125.000
666.000	50117.000
667.000	49945.000
668.000	50169.000
669.000	49723.000
670.000	49846.000
671.000	49514.000
672.000	49813.000
673.000	49833.000
674.000	49596.000
675.000	49049.000
676.000	49455.000
677.000	49758.000
678.000	49733.000
679.000	50012.000
680.000	50090.000
681.000	50513.000
682.000	50629.000
683.000	50877.000
684.000	50813.000
685.000	50806.000
686.000	51482.000
687.000	52009.000
688.000	52315.000
689.000	52300.000
690.000	52609.000
691.000	52595.000
692.000	53193.000
693.000	53446.000
694.000	53787.000
695.000	54294.000
696.000	54487.000
697.000	54965.000
698.000	55731.000
699.000	55358.000
700.000	55944.000
701.000	56296.000
702.000	56474.000
703.000	56767.000
704.000	56471.000
705.000	57683.000
706.000	57534.000
707.000	58003.000
708.000	58073.000
709.000	58361.000
710.000	58490.000
711.000	59078.000
712.000	59236.000
713.000	59072.000
714.000	59508.000
715.000	60152.000
716.000	59949.000
717.000	59818.000
718.000	60393.000
719.000	60495.000
720.000	60455.000
721.000	60911.000
722.000	60379.000
723.000	60827.000
724.000	60465.000
725.000	60546.000
726.000	61085.000
727.000	61224.000
728.000	60635.000
729.000	61373.000
730.000	61394.000
731.000	61560.000
732.000	61597.000
733.000	61873.000
734.000	61828.000
735.000	61860.000
736.000	62363.000
737.000	63143.000
738.000	63048.000
739.000	63527.000
740.000	64391.000
741.000	65066.000
742.000	66136.000
743.000	66792.000
744.000	68261.000
745.000	68757.000
746.000	69237.000
747.000	70078.000
748.000	70671.000
749.000	70603.000
750.000	71110.000
751.000	70634.000
752.000	71143.000
753.000	69912.000
754.000	69425.000
755.000	68290.000
756.000	67643.000
757.000	67258.000
758.000	66626.000
759.000	66118.000
760.000	66033.000
761.000	65879.000
762.000	65615.000
763.000	66011.000
764.000	65450.000
765.000	65536.000
766.000	66087.000
767.000	65817.000
768.000	65509.000
769.000	65828.000
770.000	66567.000
771.000	66213.000
772.000	66166.000
773.000	66511.000
774.000	66926.000
775.000	67773.000
776.000	68372.000
777.000	69340.000
778.000	71004.000
779.000	73775.000
780.000	76254.000
781.000	79840.000
782.000	84561.000
783.000	90479.000
784.000	97215.000
785.000	104530.000
786.000	113480.000
787.000	120726.000
788.000	130018.000
789.000	136629.000
790.000	141532.000
791.000	145385.000
792.000	146900.000
793.000	145031.000
794.000	141131.000
795.000	134733.000
796.000	127613.000
797.000	120106.000
798.000	110913.000
799.000	102915.000
800.000	95685.000
801.000	88306.000
802.000	83496.000
803.000	79216.000
804.000	76293.000
805.000	73823.000
806.000	72246.000
807.000	71848.000
808.000	70814.000
809.000	70203.000
810.000	70556.000
811.000	70856.000
812.000	70485.000
813.000	70619.000
814.000	71220.000
815.000	71212.000
816.000	70764.000
817.000	71398.000
818.000	71963.000
819.000	71705.000
820.000	72696.000
821.000	72223.000
822.000	72653.000
823.000	72982.000
824.000	73460.000
825.000	74052.000
826.000	74517.000
827.000	75172.000
828.000	75978.000
829.000	76278.000
830.000	77364.000
831.000	78485.000
832.000	79909.000
833.000	80227.000
834.000	81394.000
835.000	81549.000
836.000	81962.000
837.000	82327.000
838.000	82297.000
839.000	82021.000
840.000	82260.000
841.000	81413.000
842.000	81442.000
843.000	80913.000
844.000	80589.000
845.000	80223.000
846.000	79518.000
847.000	79537.000
848.000	79524.000
849.000	79112.000
850.000	79762.000
851.000	80020.000
852.000	80161.000
853.000	80973.000
854.000	81152.000
855.000	80827.000
856.000	81496.000
857.000	82010.000
858.000	82428.000
859.000	82736.000
860.000	83470.000
861.000	83477.000
862.000	84236.000
863.000	84782.000
864.000	85117.000
865.000	85748.000
866.000	86862.000
867.000	88299.000
868.000	89113.000
869.000	89936.000
870.000	91575.000
871.000	93971.000
872.000	95194.000
873.000	97372.000
874.000	100359.000
875.000	103630.000
876.000	106986.000
877.000	109884.000
878.000	113371.000
879.000	116693.000
880.000	120054.000
881.000	123439.000
882.000	126084.000
883.000	128097.000
884.000	129389.000
885.000	130519.000
886.000	131122.000
887.000	130618.000
888.000	130386.000
889.000	130514.000
890.000	129592.000
891.000	128916.000
892.000	128995.000
893.000	130317.000
894.000	131702.000
895.000	132650.000
896.000	135802.000
897.000	139764.000
898.000	143400.000
899.000	148195.000
900.000	153788.000
901.000	161357.000
902.000	167705.000
903.000	175101.000
904.000	184391.000
905.000	192737.000
906.000	203806.000
907.000	212816.000
908.000	223293.000
909.000	235562.000
910.000	248318.000
911.000	258848.000
912.000	271541.000
913.000	282381.000
914.000	293645.000
915.000	303076.000
916.000	313683.000
917.000	322716.000
918.000	329170.000
919.000	335413.000
920.000	339592.000
921.000	344343.000
922.000	344955.000
923.000	344452.000
924.000	344108.000
925.000	341606.000
926.000	336234.000
927.000	330035.000
928.000	323098.000
929.000	314501.000
930.000	305573.000
931.000	296250.000
932.000	283613.000
933.000	273563.000
934.000	262414.000
935.000	250373.000
936.000	239031.000
937.000	227670.000
938.000	215443.000
939.000	204979.000
940.000	195062.000
941.000	185525.000
942.000	176486.000
943.000	167893.000
944.000	159849.000
945.000	152270.000
946.000	145488.000
947.000	139485.000
948.000	133553.000
949.000	129038.000
950.000	123573.000
951.000	119483.000
952.000	116704.000
953.000	112753.000
954.000	110293.000
955.000	108544.000
956.000	106205.000
957.000	105435.000
958.000	104550.000
959.000	105011.000
960.000	106605.000
961.000	108636.000
962.000	113090.000
963.000	119046.000
964.000	127595.000
965.000	136955.000
966.000	148957.000
967.000	162671.000
968.000	178382.000
969.000	196296.000
970.000	214206.000
971.000	231537.000
972.000	249196.000
973.000	264309.000
974.000	276650.000
975.000	286267.000
976.000	290062.000
977.000	290830.000
978.000	285283.000
979.000	274981.000
980.000	260999.000
981.000	243987.000
982.000	224402.000
983.000	204442.000
984.000	184249.000
985.000	164788.000
986.000	146904.000
987.000	131504.000
988.000	119626.000
989.000	109050.000
990.000	99911.000
991.000	94304.000
992.000	89955.000
993.000	86639.000
994.000	83941.000
995.000	83151.000
996.000	82136.000
997.000	81014.000
998.000	81850.000
999.000	81329.000
1000.000	81650.000
1001.000	82026.000
1002.000	83043.000
1003.000	83498.000
1004.000	84081.000
1005.000	84876.000
1006.000	86309.000
1007.000	87368.000
1008.000	88746.000
1009.000	89729.000
1010.000	90684.000
1011.000	92812.000
1012.000	94877.000
1013.000	96064.000
1014.000	98377.000
1015.000	100226.000
1016.000	102336.000
1017.000	103004.000
1018.000	105320.000
1019.000	106917.000
1020.000	108596.000
1021.000	110681.000
1022.000	112634.000
1023.000	113192.000
1024.000	114458.000
