Date:	8/20/2008		Time:	2:44 PM		Version no:	0.00		Project name:	55		Sample name:	222		Section name:	section		Position	0.000000	mm	E0	0.000000	keV	E1	1.000000	keV/channel	sample surface	2.000000	cm	Tube anode:	Mo		Tube voltage:	30	kV	Tube current:	50	mA	gain	20		std. database			resultfile	result		matrix element	11		sample thickness	1.000000		air passage	0.560000	cm	comments	not in position		peaking_time	3.000000	m-sec	trigger_threshold	1229.166667	V	mca_bin_width	22.090000	no:	number_mca_channels	1024.000000	no:	gap_time	0.400000	m-sec	trigger_peaking_time	0.150000	m-sec	GAINDAC	9455		HIGHGAIN	1		TAURC	0		RCTAU	53		RCTAUFRAC	32768		livetime	9.835682	seconds	runtime	10.000503	seconds	input_count_rate	16.321592	cps	output_count_rate	13.407325	cps	triggers	160534	seconds	events_in_run	134080	seconds	channel	content		1.000	0.000
2.000	0.000
3.000	0.000
4.000	0.000
5.000	0.000
6.000	0.000
7.000	0.000
8.000	0.000
9.000	0.000
10.000	0.000
11.000	0.000
12.000	0.000
13.000	0.000
14.000	0.000
15.000	0.000
16.000	0.000
17.000	0.000
18.000	0.000
19.000	0.000
20.000	0.000
21.000	0.000
22.000	0.000
23.000	0.000
24.000	0.000
25.000	0.000
26.000	0.000
27.000	0.000
28.000	0.000
29.000	0.000
30.000	0.000
31.000	232.000
32.000	294.000
33.000	426.000
34.000	509.000
35.000	528.000
36.000	665.000
37.000	799.000
38.000	938.000
39.000	1145.000
40.000	1301.000
41.000	1404.000
42.000	1540.000
43.000	1687.000
44.000	1912.000
45.000	2041.000
46.000	2035.000
47.000	2245.000
48.000	2428.000
49.000	2704.000
50.000	2628.000
51.000	2745.000
52.000	2812.000
53.000	2947.000
54.000	2936.000
55.000	3015.000
56.000	3000.000
57.000	3016.000
58.000	3028.000
59.000	3133.000
60.000	2977.000
61.000	3069.000
62.000	3050.000
63.000	3034.000
64.000	2922.000
65.000	3050.000
66.000	2873.000
67.000	2896.000
68.000	2961.000
69.000	2909.000
70.000	2881.000
71.000	2719.000
72.000	2725.000
73.000	2671.000
74.000	2632.000
75.000	2619.000
76.000	2522.000
77.000	2559.000
78.000	2559.000
79.000	2566.000
80.000	2607.000
81.000	2519.000
82.000	2443.000
83.000	2567.000
84.000	2552.000
85.000	2480.000
86.000	2513.000
87.000	2314.000
88.000	2384.000
89.000	2302.000
90.000	2299.000
91.000	2379.000
92.000	2479.000
93.000	2697.000
94.000	3001.000
95.000	3289.000
96.000	3308.000
97.000	3226.000
98.000	3072.000
99.000	2854.000
100.000	2669.000
101.000	2593.000
102.000	2511.000
103.000	2704.000
104.000	2770.000
105.000	2965.000
106.000	3365.000
107.000	3392.000
108.000	3371.000
109.000	3294.000
110.000	3205.000
111.000	2920.000
112.000	2559.000
113.000	2437.000
114.000	2215.000
115.000	2224.000
116.000	2078.000
117.000	2077.000
118.000	2043.000
119.000	2077.000
120.000	2189.000
121.000	2277.000
122.000	2391.000
123.000	2665.000
124.000	2962.000
125.000	3347.000
126.000	3543.000
127.000	3528.000
128.000	3382.000
129.000	3229.000
130.000	2780.000
131.000	2561.000
132.000	2395.000
133.000	2249.000
134.000	2117.000
135.000	2031.000
136.000	1915.000
137.000	1951.000
138.000	1821.000
139.000	1737.000
140.000	1574.000
141.000	1582.000
142.000	1597.000
143.000	1634.000
144.000	1563.000
145.000	1600.000
146.000	1546.000
147.000	1596.000
148.000	1653.000
149.000	1613.000
150.000	1598.000
151.000	1690.000
152.000	1718.000
153.000	1676.000
154.000	1631.000
155.000	1606.000
156.000	1658.000
157.000	1811.000
158.000	2046.000
159.000	2499.000
160.000	2970.000
161.000	3649.000
162.000	3938.000
163.000	3923.000
164.000	3680.000
165.000	3177.000
166.000	2521.000
167.000	2027.000
168.000	1753.000
169.000	1482.000
170.000	1382.000
171.000	1410.000
172.000	1475.000
173.000	1572.000
174.000	1662.000
175.000	1954.000
176.000	2104.000
177.000	2570.000
178.000	3161.000
179.000	3952.000
180.000	4837.000
181.000	5617.000
182.000	5941.000
183.000	5644.000
184.000	4966.000
185.000	3903.000
186.000	3053.000
187.000	2272.000
188.000	1944.000
189.000	1697.000
190.000	1646.000
191.000	1873.000
192.000	2256.000
193.000	2935.000
194.000	4238.000
195.000	6895.000
196.000	11749.000
197.000	20416.000
198.000	34865.000
199.000	53848.000
200.000	77115.000
201.000	98937.000
202.000	113587.000
203.000	116728.000
204.000	106315.000
205.000	87441.000
206.000	63004.000
207.000	41722.000
208.000	24903.000
209.000	13815.000
210.000	7496.000
211.000	4373.000
212.000	3325.000
213.000	3299.000
214.000	4146.000
215.000	5917.000
216.000	8515.000
217.000	11723.000
218.000	15604.000
219.000	18178.000
220.000	19969.000
221.000	19701.000
222.000	17655.000
223.000	14115.000
224.000	10539.000
225.000	7109.000
226.000	4707.000
227.000	2984.000
228.000	2146.000
229.000	1603.000
230.000	1332.000
231.000	1276.000
232.000	1252.000
233.000	1254.000
234.000	1220.000
235.000	1313.000
236.000	1340.000
237.000	1597.000
238.000	1976.000
239.000	2669.000
240.000	4144.000
241.000	6663.000
242.000	10649.000
243.000	16540.000
244.000	24071.000
245.000	31225.000
246.000	38157.000
247.000	41777.000
248.000	41671.000
249.000	37760.000
250.000	31056.000
251.000	23783.000
252.000	17512.000
253.000	12600.000
254.000	9463.000
255.000	7600.000
256.000	6343.000
257.000	5384.000
258.000	4403.000
259.000	3660.000
260.000	3008.000
261.000	2656.000
262.000	2563.000
263.000	2582.000
264.000	3097.000
265.000	3851.000
266.000	4872.000
267.000	6019.000
268.000	7566.000
269.000	8634.000
270.000	9664.000
271.000	9802.000
272.000	9216.000
273.000	7948.000
274.000	6552.000
275.000	5158.000
276.000	3868.000
277.000	3049.000
278.000	2518.000
279.000	2337.000
280.000	2051.000
281.000	2022.000
282.000	2052.000
283.000	2067.000
284.000	2178.000
285.000	2292.000
286.000	2388.000
287.000	2546.000
288.000	2677.000
289.000	2706.000
290.000	2870.000
291.000	2989.000
292.000	3097.000
293.000	3211.000
294.000	3388.000
295.000	3404.000
296.000	3515.000
297.000	3533.000
298.000	3420.000
299.000	3225.000
300.000	3131.000
301.000	3118.000
302.000	2933.000
303.000	2802.000
304.000	2723.000
305.000	2767.000
306.000	2742.000
307.000	2678.000
308.000	2778.000
309.000	2678.000
310.000	2663.000
311.000	2858.000
312.000	2873.000
313.000	3176.000
314.000	3407.000
315.000	4128.000
316.000	5234.000
317.000	6692.000
318.000	9223.000
319.000	12063.000
320.000	15302.000
321.000	18279.000
322.000	20810.000
323.000	21561.000
324.000	21171.000
325.000	19454.000
326.000	16344.000
327.000	13358.000
328.000	10367.000
329.000	8288.000
330.000	6654.000
331.000	5680.000
332.000	5346.000
333.000	5239.000
334.000	5420.000
335.000	6019.000
336.000	6598.000
337.000	7602.000
338.000	9719.000
339.000	13353.000
340.000	21008.000
341.000	35860.000
342.000	63172.000
343.000	111141.000
344.000	189146.000
345.000	304052.000
346.000	456094.000
347.000	635091.000
348.000	818024.000
349.000	975967.000
350.000	1069732.000
351.000	1083561.000
352.000	1009275.000
353.000	866901.000
354.000	687999.000
355.000	505382.000
356.000	343672.000
357.000	217085.000
358.000	129086.000
359.000	73001.000
360.000	40483.000
361.000	22817.000
362.000	14133.000
363.000	9924.000
364.000	8267.000
365.000	7403.000
366.000	7262.000
367.000	7092.000
368.000	7507.000
369.000	7617.000
370.000	7872.000
371.000	8257.000
372.000	8690.000
373.000	9496.000
374.000	10408.000
375.000	11699.000
376.000	14121.000
377.000	18275.000
378.000	24792.000
379.000	35149.000
380.000	50512.000
381.000	70645.000
382.000	96827.000
383.000	125008.000
384.000	153180.000
385.000	174660.000
386.000	185531.000
387.000	184588.000
388.000	171680.000
389.000	147639.000
390.000	117888.000
391.000	88772.000
392.000	62940.000
393.000	42553.000
394.000	27831.000
395.000	18611.000
396.000	12703.000
397.000	9477.000
398.000	7646.000
399.000	6883.000
400.000	6431.000
401.000	6427.000
402.000	6468.000
403.000	6652.000
404.000	6924.000
405.000	6942.000
406.000	7098.000
407.000	7226.000
408.000	7271.000
409.000	7509.000
410.000	7470.000
411.000	7536.000
412.000	7483.000
413.000	7534.000
414.000	7282.000
415.000	7349.000
416.000	7342.000
417.000	7446.000
418.000	7559.000
419.000	7433.000
420.000	7488.000
421.000	7681.000
422.000	7896.000
423.000	7921.000
424.000	8013.000
425.000	8083.000
426.000	8142.000
427.000	8287.000
428.000	8491.000
429.000	8806.000
430.000	8830.000
431.000	9227.000
432.000	10027.000
433.000	11156.000
434.000	12552.000
435.000	14247.000
436.000	16467.000
437.000	18530.000
438.000	20236.000
439.000	21955.000
440.000	22522.000
441.000	22832.000
442.000	21882.000
443.000	20499.000
444.000	18689.000
445.000	16610.000
446.000	15235.000
447.000	13891.000
448.000	12947.000
449.000	12561.000
450.000	11896.000
451.000	11911.000
452.000	11953.000
453.000	12135.000
454.000	12345.000
455.000	12742.000
456.000	13058.000
457.000	13167.000
458.000	13184.000
459.000	13865.000
460.000	13750.000
461.000	13643.000
462.000	14139.000
463.000	14306.000
464.000	15102.000
465.000	15771.000
466.000	16837.000
467.000	18670.000
468.000	20872.000
469.000	23352.000
470.000	25898.000
471.000	27216.000
472.000	28494.000
473.000	28607.000
474.000	27781.000
475.000	26597.000
476.000	24311.000
477.000	21966.000
478.000	20130.000
479.000	18523.000
480.000	17593.000
481.000	16828.000
482.000	16617.000
483.000	16702.000
484.000	16964.000
485.000	17326.000
486.000	17589.000
487.000	17954.000
488.000	18043.000
489.000	18365.000
490.000	17936.000
491.000	17619.000
492.000	17591.000
493.000	17269.000
494.000	17271.000
495.000	17304.000
496.000	17165.000
497.000	17262.000
498.000	17675.000
499.000	17968.000
500.000	18089.000
501.000	18406.000
502.000	18988.000
503.000	19352.000
504.000	19652.000
505.000	19845.000
506.000	20234.000
507.000	20208.000
508.000	20578.000
509.000	20762.000
510.000	20575.000
511.000	20467.000
512.000	21103.000
513.000	20961.000
514.000	21278.000
515.000	21684.000
516.000	21852.000
517.000	22079.000
518.000	22909.000
519.000	23414.000
520.000	23702.000
521.000	24298.000
522.000	24808.000
523.000	25471.000
524.000	25962.000
525.000	26148.000
526.000	25799.000
527.000	25835.000
528.000	25340.000
529.000	25490.000
530.000	25297.000
531.000	24810.000
532.000	24981.000
533.000	24835.000
534.000	24241.000
535.000	24671.000
536.000	24910.000
537.000	24702.000
538.000	24986.000
539.000	25111.000
540.000	24914.000
541.000	25054.000
542.000	25407.000
543.000	25693.000
544.000	26088.000
545.000	26026.000
546.000	25994.000
547.000	26094.000
548.000	26324.000
549.000	26282.000
550.000	26476.000
551.000	26766.000
552.000	27057.000
553.000	27043.000
554.000	26873.000
555.000	27109.000
556.000	27229.000
557.000	27401.000
558.000	27653.000
559.000	27942.000
560.000	28043.000
561.000	28586.000
562.000	28524.000
563.000	29059.000
564.000	28962.000
565.000	29016.000
566.000	29469.000
567.000	29290.000
568.000	29582.000
569.000	29969.000
570.000	30506.000
571.000	30404.000
572.000	31122.000
573.000	31519.000
574.000	31741.000
575.000	31909.000
576.000	32200.000
577.000	32515.000
578.000	32566.000
579.000	32600.000
580.000	32353.000
581.000	32859.000
582.000	32646.000
583.000	33095.000
584.000	33363.000
585.000	33406.000
586.000	33523.000
587.000	33675.000
588.000	33793.000
589.000	34208.000
590.000	34700.000
591.000	34966.000
592.000	34682.000
593.000	34817.000
594.000	35391.000
595.000	35507.000
596.000	36122.000
597.000	36316.000
598.000	36058.000
599.000	36101.000
600.000	36373.000
601.000	36775.000
602.000	37479.000
603.000	37325.000
604.000	37715.000
605.000	37994.000
606.000	38125.000
607.000	38357.000
608.000	38939.000
609.000	39920.000
610.000	40089.000
611.000	40304.000
612.000	40627.000
613.000	40743.000
614.000	41189.000
615.000	41128.000
616.000	41468.000
617.000	41879.000
618.000	41825.000
619.000	41356.000
620.000	41830.000
621.000	41652.000
622.000	41905.000
623.000	41811.000
624.000	41782.000
625.000	42271.000
626.000	42596.000
627.000	42581.000
628.000	42838.000
629.000	43142.000
630.000	43117.000
631.000	43646.000
632.000	43665.000
633.000	43727.000
634.000	44127.000
635.000	44323.000
636.000	44642.000
637.000	44425.000
638.000	44703.000
639.000	45153.000
640.000	45442.000
641.000	45936.000
642.000	46037.000
643.000	46742.000
644.000	48013.000
645.000	48446.000
646.000	49767.000
647.000	50817.000
648.000	51314.000
649.000	52286.000
650.000	52605.000
651.000	53302.000
652.000	53711.000
653.000	53370.000
654.000	52746.000
655.000	52314.000
656.000	51078.000
657.000	50633.000
658.000	50821.000
659.000	50108.000
660.000	49506.000
661.000	50186.000
662.000	49580.000
663.000	49868.000
664.000	50176.000
665.000	50357.000
666.000	50238.000
667.000	50610.000
668.000	50537.000
669.000	50985.000
670.000	50957.000
671.000	51567.000
672.000	51817.000
673.000	51911.000
674.000	52231.000
675.000	52158.000
676.000	52381.000
677.000	52602.000
678.000	52898.000
679.000	53554.000
680.000	53639.000
681.000	53979.000
682.000	53950.000
683.000	54359.000
684.000	54312.000
685.000	54908.000
686.000	55062.000
687.000	54954.000
688.000	55635.000
689.000	55652.000
690.000	56078.000
691.000	56208.000
692.000	56630.000
693.000	56619.000
694.000	56619.000
695.000	57677.000
696.000	57060.000
697.000	57396.000
698.000	57594.000
699.000	57768.000
700.000	58250.000
701.000	58198.000
702.000	58039.000
703.000	58569.000
704.000	58762.000
705.000	58617.000
706.000	58310.000
707.000	58746.000
708.000	58852.000
709.000	59487.000
710.000	59435.000
711.000	59382.000
712.000	59573.000
713.000	60166.000
714.000	60520.000
715.000	60407.000
716.000	60249.000
717.000	60440.000
718.000	60798.000
719.000	61472.000
720.000	61457.000
721.000	62004.000
722.000	62580.000
723.000	63071.000
724.000	63246.000
725.000	63332.000
726.000	64164.000
727.000	65236.000
728.000	64694.000
729.000	65162.000
730.000	65554.000
731.000	65775.000
732.000	64834.000
733.000	65310.000
734.000	65650.000
735.000	65334.000
736.000	65322.000
737.000	65477.000
738.000	65136.000
739.000	64844.000
740.000	65202.000
741.000	64622.000
742.000	64678.000
743.000	64967.000
744.000	64916.000
745.000	65426.000
746.000	65104.000
747.000	65799.000
748.000	65976.000
749.000	66017.000
750.000	65771.000
751.000	66670.000
752.000	66292.000
753.000	66847.000
754.000	66858.000
755.000	67162.000
756.000	67338.000
757.000	68210.000
758.000	69167.000
759.000	69727.000
760.000	71986.000
761.000	74508.000
762.000	78663.000
763.000	83363.000
764.000	90252.000
765.000	98739.000
766.000	109196.000
767.000	121018.000
768.000	133585.000
769.000	146504.000
770.000	158142.000
771.000	168149.000
772.000	175243.000
773.000	177501.000
774.000	176439.000
775.000	170679.000
776.000	161458.000
777.000	150736.000
778.000	137383.000
779.000	123641.000
780.000	112297.000
781.000	101536.000
782.000	92356.000
783.000	84898.000
784.000	79530.000
785.000	75932.000
786.000	73266.000
787.000	71620.000
788.000	70728.000
789.000	70149.000
790.000	70056.000
791.000	69818.000
792.000	69919.000
793.000	70488.000
794.000	69850.000
795.000	70325.000
796.000	70155.000
797.000	70301.000
798.000	70601.000
799.000	70606.000
800.000	69858.000
801.000	70907.000
802.000	71665.000
803.000	71032.000
804.000	71564.000
805.000	71627.000
806.000	72106.000
807.000	72243.000
808.000	72687.000
809.000	73628.000
810.000	74326.000
811.000	74195.000
812.000	75081.000
813.000	75024.000
814.000	75891.000
815.000	76405.000
816.000	76443.000
817.000	77561.000
818.000	76674.000
819.000	76539.000
820.000	76382.000
821.000	76252.000
822.000	76348.000
823.000	76014.000
824.000	75469.000
825.000	75783.000
826.000	75108.000
827.000	75298.000
828.000	75149.000
829.000	75103.000
830.000	75614.000
831.000	75797.000
832.000	75844.000
833.000	76231.000
834.000	76446.000
835.000	76446.000
836.000	76819.000
837.000	78193.000
838.000	77590.000
839.000	77878.000
840.000	78348.000
841.000	79377.000
842.000	78721.000
843.000	79092.000
844.000	79853.000
845.000	80912.000
846.000	81150.000
847.000	81716.000
848.000	82421.000
849.000	83347.000
850.000	84404.000
851.000	85777.000
852.000	87196.000
853.000	89636.000
854.000	91600.000
855.000	93701.000
856.000	97619.000
857.000	100205.000
858.000	104082.000
859.000	108276.000
860.000	111617.000
861.000	115441.000
862.000	118044.000
863.000	120469.000
864.000	121913.000
865.000	123320.000
866.000	123367.000
867.000	123504.000
868.000	122961.000
869.000	121958.000
870.000	120763.000
871.000	119471.000
872.000	119822.000
873.000	120606.000
874.000	122083.000
875.000	124013.000
876.000	127991.000
877.000	132755.000
878.000	137238.000
879.000	142884.000
880.000	149821.000
881.000	156185.000
882.000	164342.000
883.000	172647.000
884.000	182253.000
885.000	192611.000
886.000	202716.000
887.000	214552.000
888.000	226650.000
889.000	238797.000
890.000	251358.000
891.000	263930.000
892.000	276287.000
893.000	289262.000
894.000	299157.000
895.000	309341.000
896.000	317058.000
897.000	324404.000
898.000	332126.000
899.000	334928.000
900.000	338006.000
901.000	338816.000
902.000	336900.000
903.000	334186.000
904.000	330405.000
905.000	322908.000
906.000	316327.000
907.000	307633.000
908.000	297080.000
909.000	286699.000
910.000	275489.000
911.000	262768.000
912.000	251023.000
913.000	237516.000
914.000	224884.000
915.000	213753.000
916.000	202547.000
917.000	191843.000
918.000	179645.000
919.000	170418.000
920.000	162194.000
921.000	153975.000
922.000	145784.000
923.000	138116.000
924.000	131578.000
925.000	125457.000
926.000	119860.000
927.000	114776.000
928.000	110495.000
929.000	106403.000
930.000	102734.000
931.000	100260.000
932.000	97070.000
933.000	95189.000
934.000	93214.000
935.000	92374.000
936.000	91280.000
937.000	90783.000
938.000	91944.000
939.000	94002.000
940.000	97547.000
941.000	103186.000
942.000	110291.000
943.000	119385.000
944.000	130770.000
945.000	144035.000
946.000	159010.000
947.000	174495.000
948.000	190378.000
949.000	205917.000
950.000	220298.000
951.000	231246.000
952.000	239081.000
953.000	243331.000
954.000	242113.000
955.000	236778.000
956.000	226769.000
957.000	213482.000
958.000	197403.000
959.000	179052.000
960.000	161232.000
961.000	141733.000
962.000	126234.000
963.000	112188.000
964.000	100215.000
965.000	91053.000
966.000	84290.000
967.000	78945.000
968.000	75016.000
969.000	72853.000
970.000	71315.000
971.000	69851.000
972.000	69346.000
973.000	69727.000
974.000	68967.000
975.000	69021.000
976.000	69881.000
977.000	70077.000
978.000	70200.000
979.000	70871.000
980.000	71122.000
981.000	72542.000
982.000	73065.000
983.000	73927.000
984.000	75138.000
985.000	76215.000
986.000	77281.000
987.000	78473.000
988.000	79750.000
989.000	81769.000
990.000	83287.000
991.000	85603.000
992.000	87413.000
993.000	89002.000
994.000	91337.000
995.000	92736.000
996.000	94462.000
997.000	96294.000
998.000	97500.000
999.000	99131.000
1000.000	99579.000
1001.000	102027.000
1002.000	102063.000
1003.000	102945.000
1004.000	103123.000
1005.000	102634.000
1006.000	102104.000
1007.000	101937.000
1008.000	101407.000
1009.000	100416.000
1010.000	99700.000
1011.000	97563.000
1012.000	95748.000
1013.000	93983.000
1014.000	92102.000
1015.000	89394.000
1016.000	87034.000
1017.000	84881.000
1018.000	82874.000
1019.000	80452.000
1020.000	77386.000
1021.000	75116.000
1022.000	72834.000
1023.000	70058.000
1024.000	68240.000
