Date:	4/26/2013		Time:	9:47 PM		Version no:	0.00		Project name:	55		Sample name:	222		Section name:	section		Position	0.000000	mm	E0	0.000000	keV	E1	1.000000	keV/channel	sample surface	2.000000	cm	Tube anode:	Cr		Tube voltage:	30	kV	Tube current:	30	mA	gain	20		std. database			resultfile	result		matrix element	11		sample thickness	1.000000		air passage	0.560000	cm	comments	not in position		peaking_time	3.000000	m-sec	trigger_threshold	1229.166667	V	mca_bin_width	22.090000	no:	number_mca_channels	1024.000000	no:	gap_time	0.400000	m-sec	trigger_peaking_time	0.150000	m-sec	GAINDAC	9455		HIGHGAIN	1		TAURC	0		RCTAU	53		RCTAUFRAC	32768		livetime	9.936674	seconds	runtime	10.000502	seconds	input_count_rate	12518.977174	cps	output_count_rate	10707.862894	cps	triggers	124397	seconds	events_in_run	107084	seconds	channel	content		1	0
2	0
3	0
4	0
5	0
6	0
7	0
8	0
9	0
10	0
11	0
12	0
13	0
14	0
15	0
16	0
17	0
18	0
19	0
20	0
21	0
22	0
23	0
24	0
25	0
26	0
27	0
28	0
29	0
30	0
31	1080
32	1135
33	1245
34	1405
35	1415
36	1670
37	1779
38	2045
39	2187
40	2415
41	2619
42	2722
43	2996
44	3142
45	3290
46	3432
47	3696
48	3785
49	3825
50	4069
51	4190
52	4277
53	4282
54	4384
55	4483
56	4412
57	4571
58	4580
59	4650
60	4756
61	4665
62	4849
63	4889
64	5035
65	5052
66	5223
67	5214
68	5197
69	5051
70	5048
71	5138
72	5094
73	5467
74	5990
75	6826
76	7851
77	9474
78	11517
79	13023
80	14924
81	15506
82	16422
83	16394
84	16192
85	16299
86	17459
87	20793
88	27509
89	37689
90	52173
91	70491
92	90294
93	106890
94	118343
95	120624
96	115059
97	101939
98	85142
99	68800
100	55281
101	45599
102	40059
103	38297
104	37688
105	37391
106	36762
107	34383
108	31636
109	27214
110	22755
111	18778
112	15649
113	13682
114	12645
115	12657
116	13600
117	16372
118	21236
119	28308
120	38526
121	51300
122	64968
123	78244
124	87853
125	94272
126	92792
127	85999
128	74555
129	61076
130	48082
131	37839
132	28901
133	23366
134	19352
135	16797
136	14615
137	13192
138	11739
139	10873
140	10499
141	10475
142	10455
143	10587
144	11147
145	11525
146	12350
147	13062
148	13923
149	14595
150	15268
151	15890
152	16871
153	18925
154	22120
155	27513
156	34895
157	42852
158	51479
159	58841
160	62641
161	63539
162	60021
163	53869
164	46461
165	38766
166	31866
167	28111
168	26744
169	29326
170	36308
171	49902
172	72955
173	106189
174	153919
175	212479
176	279735
177	350173
178	408236
179	445870
180	455859
181	435439
182	390062
183	327365
184	261773
185	202070
186	155555
187	126444
188	116968
189	132615
190	178217
191	263115
192	404889
193	617864
194	917945
195	1300676
196	1748368
197	2216906
198	2633316
199	2928407
200	3052283
201	2967261
202	2702312
203	2299501
204	1831456
205	1370458
206	968606
207	655439
208	437840
209	301136
210	235978
211	221321
212	244201
213	291889
214	352313
215	413533
216	463149
217	489710
218	489841
219	460282
220	406287
221	338641
222	265705
223	199724
224	143267
225	100066
226	69837
227	49760
228	37750
229	30830
230	27913
231	27640
232	31464
233	39180
234	54992
235	82598
236	125749
237	191533
238	283350
239	400614
240	533336
241	673421
242	798628
243	890916
244	933211
245	918182
246	846722
247	735461
248	601694
249	466630
250	344607
251	244012
252	169031
253	117320
254	83614
255	64148
256	53190
257	50484
258	52121
259	58573
260	70129
261	86021
262	106928
263	128715
264	153270
265	172767
266	187923
267	194669
268	191685
269	180965
270	163383
271	143595
272	124041
273	108224
274	98529
275	94938
276	99202
277	111737
278	131747
279	161061
280	200877
281	252559
282	318148
283	405341
284	518370
285	659955
286	836628
287	1051148
288	1292530
289	1545661
290	1778197
291	1964550
292	2069771
293	2073789
294	1971818
295	1777265
296	1518613
297	1228822
298	943176
299	693829
300	492430
301	338169
302	234393
303	167041
304	127752
305	108477
306	100686
307	101851
308	108364
309	118763
310	133246
311	151777
312	174078
313	200757
314	231742
315	270053
316	311847
317	354216
318	393769
319	427470
320	446694
321	449745
322	435114
323	402174
324	352896
325	297136
326	239331
327	185637
328	138341
329	102385
330	76157
331	61032
332	56126
333	61924
334	83453
335	127035
336	202817
337	322911
338	504676
339	760647
340	1092085
341	1493656
342	1938701
343	2383007
344	2776480
345	3055440
346	3184882
347	3140455
348	2921414
349	2577386
350	2158157
351	1713290
352	1289389
353	928022
354	640120
355	425719
356	277782
357	180741
358	119546
359	84148
360	63488
361	51959
362	44726
363	41005
364	38111
365	37237
366	36935
367	37278
368	39852
369	44542
370	52374
371	65579
372	84739
373	114029
374	154190
375	206704
376	267176
377	337624
378	406946
379	471836
380	521277
381	550211
382	549300
383	523213
384	474572
385	408376
386	336533
387	264933
388	200187
389	145635
390	102571
391	72636
392	51237
393	37880
394	29357
395	24469
396	21973
397	20451
398	19670
399	19451
400	18817
401	18479
402	18345
403	18127
404	17732
405	17362
406	16847
407	16585
408	16264
409	16133
410	16094
411	15827
412	15917
413	16031
414	16071
415	15848
416	16128
417	16088
418	16145
419	16060
420	16087
421	15988
422	16111
423	16484
424	16942
425	17606
426	18083
427	18892
428	19905
429	21748
430	23318
431	25100
432	26503
433	28012
434	28988
435	29385
436	29549
437	29025
438	28306
439	27289
440	26033
441	25070
442	24090
443	23409
444	22803
445	22494
446	22122
447	22028
448	22224
449	22447
450	22538
451	22573
452	22518
453	22911
454	23253
455	23280
456	23707
457	24144
458	24429
459	25273
460	26585
461	27616
462	29183
463	30578
464	32095
465	33287
466	34201
467	34399
468	33880
469	33573
470	32416
471	31123
472	30244
473	29331
474	28573
475	28087
476	27907
477	28086
478	28495
479	28406
480	28681
481	28989
482	29671
483	30093
484	29949
485	30449
486	31127
487	31231
488	31571
489	31723
490	32019
491	32808
492	32937
493	33572
494	33828
495	34210
496	34754
497	34786
498	35282
499	35603
500	35446
501	35890
502	35778
503	35809
504	35173
505	35740
506	35409
507	35566
508	36019
509	36287
510	36220
511	36750
512	37027
513	37482
514	38139
515	38767
516	39241
517	39990
518	39935
519	40477
520	40160
521	40826
522	41337
523	40608
524	41079
525	40663
526	40600
527	40225
528	40133
529	40309
530	40143
531	40722
532	40989
533	41661
534	41553
535	42277
536	42508
537	42973
538	43811
539	44093
540	44984
541	45122
542	45855
543	45674
544	46536
545	46639
546	46854
547	46665
548	46520
549	46827
550	46278
551	46134
552	45943
553	45871
554	45856
555	45722
556	46026
557	46534
558	46511
559	47000
560	46923
561	47495
562	47417
563	48108
564	48603
565	48930
566	49420
567	49932
568	49931
569	50228
570	50249
571	50241
572	50713
573	50803
574	51099
575	50974
576	50927
577	51960
578	51936
579	52275
580	53153
581	52756
582	53512
583	53408
584	53853
585	54807
586	54989
587	55207
588	55065
589	55713
590	55482
591	55491
592	55648
593	56344
594	56192
595	56175
596	56151
597	56418
598	55922
599	56382
600	57042
601	57405
602	57427
603	57472
604	57799
605	57793
606	58395
607	58965
608	59074
609	59146
610	59372
611	59408
612	59977
613	59774
614	60378
615	60987
616	60728
617	61393
618	61514
619	61898
620	62245
621	62655
622	62859
623	62969
624	63842
625	63701
626	64538
627	65286
628	65046
629	65560
630	66435
631	66864
632	67652
633	68283
634	68737
635	69448
636	69903
637	70507
638	71622
639	71055
640	72283
641	71678
642	72052
643	71317
644	71479
645	70824
646	70831
647	70611
648	70173
649	69702
650	69413
651	69492
652	69358
653	69295
654	69026
655	68949
656	69312
657	69327
658	69365
659	70458
660	70161
661	70459
662	70705
663	70500
664	71427
665	71084
666	71406
667	71937
668	71875
669	72357
670	72429
671	72473
672	73027
673	73041
674	73180
675	73610
676	74160
677	74266
678	74454
679	74773
680	74980
681	75425
682	75514
683	75768
684	76112
685	77071
686	77091
687	77282
688	77898
689	77941
690	78622
691	79005
692	79043
693	78907
694	78972
695	79225
696	78321
697	78515
698	78656
699	77796
700	78469
701	78528
702	78571
703	78383
704	79215
705	79275
706	79207
707	79369
708	79604
709	79824
710	80021
711	80662
712	80779
713	81563
714	82045
715	83319
716	83837
717	84552
718	84939
719	85669
720	86344
721	86818
722	86833
723	86600
724	86491
725	86298
726	86475
727	85647
728	85220
729	85446
730	84409
731	83744
732	83760
733	82957
734	82913
735	82985
736	83099
737	82931
738	83196
739	83139
740	83192
741	83345
742	83896
743	83508
744	84155
745	84120
746	84628
747	84809
748	85552
749	86756
750	87937
751	90604
752	92856
753	96620
754	100768
755	106517
756	112251
757	119874
758	126810
759	133109
760	140186
761	146500
762	149852
763	151539
764	151308
765	147789
766	144546
767	138878
768	132133
769	125158
770	117968
771	110981
772	104249
773	99924
774	95680
775	92529
776	90378
777	88148
778	86935
779	86038
780	85305
781	85063
782	84381
783	84278
784	84125
785	83373
786	84473
787	84163
788	84023
789	83386
790	84069
791	84018
792	83737
793	83912
794	84033
795	84427
796	84760
797	85124
798	85110
799	85619
800	85505
801	86383
802	86843
803	85994
804	86990
805	87542
806	87302
807	86540
808	87087
809	86450
810	86885
811	85368
812	85576
813	85535
814	84893
815	85009
816	84005
817	84187
818	84020
819	83656
820	83211
821	83990
822	83468
823	83288
824	83301
825	83619
826	83562
827	83343
828	83245
829	83053
830	83136
831	83139
832	83318
833	83496
834	83500
835	83590
836	83714
837	84198
838	84566
839	86225
840	86640
841	88172
842	89253
843	91124
844	92991
845	95049
846	96959
847	99353
848	101283
849	102881
850	104186
851	104624
852	104554
853	104849
854	103650
855	103344
856	100849
857	98376
858	95986
859	94338
860	91887
861	90021
862	88172
863	87530
864	86004
865	84858
866	83824
867	83349
868	83502
869	82444
870	82045
871	81860
872	81582
873	81686
874	81372
875	81193
876	80567
877	80341
878	80054
879	80048
880	79480
881	79975
882	79840
883	79899
884	79160
885	79667
886	78869
887	78533
888	79253
889	78675
890	78578
891	78511
892	78412
893	79094
894	78733
895	78348
896	78855
897	79120
898	78660
899	78243
900	78018
901	78159
902	78055
903	78048
904	78018
905	78062
906	77267
907	77340
908	76850
909	77110
910	76967
911	76681
912	76631
913	76549
914	76221
915	76856
916	76022
917	76221
918	76259
919	75744
920	75856
921	75480
922	75595
923	75764
924	75946
925	75532
926	76110
927	76506
928	76950
929	76979
930	77726
931	78771
932	80196
933	81211
934	82569
935	83894
936	85100
937	87188
938	87702
939	89123
940	90008
941	89167
942	89705
943	89646
944	87601
945	87268
946	86171
947	84638
948	83220
949	82081
950	80260
951	78842
952	77771
953	76588
954	75531
955	74852
956	74432
957	73245
958	73127
959	72672
960	72237
961	71895
962	71168
963	71150
964	70560
965	70097
966	69944
967	69795
968	70059
969	70060
970	69541
971	69138
972	68953
973	68842
974	68208
975	68731
976	68466
977	68034
978	67808
979	67840
980	67652
981	67668
982	66922
983	67049
984	66346
985	66478
986	66236
987	66293
988	66079
989	66140
990	65713
991	65922
992	65799
993	65735
994	65235
995	64897
996	65179
997	64444
998	64555
999	64707
1000	64456
1001	64319
1002	63679
1003	63626
1004	63974
1005	64028
1006	62904
1007	63299
1008	63361
1009	62507
1010	62728
1011	62483
1012	62942
1013	61962
1014	62070
1015	61838
1016	61920
1017	61585
1018	61135
1019	61048
1020	60957
1021	61115
1022	60761
1023	60354
1024	60352
