C:\Data\ITRAX\ARD_Aug 2013_Mo-tube_Reanalysed_USE\ARD1B\XRF data     07/08/2013  re-evaluated data																																																							
peakarea																																																							
filename	position (mm)	sample surface	validity	revalidity	E-gain	E-offset	F-slope	F-offset	kcps	MSE	Mg	Al	Si	P	S	Cl	Ar	K	Ca	Sc	Ti	V	Cr	Mn	Fe	Co	Ni	Cu	Zn	Ga	As	Se	Br	Rb	Sr	Y	Zr	Sn	Cs	Ba	Ta	W	Ir	Pt	Au	Hg	Pb	Th	U	D1	S1	S2	S3	Mo inc	Mo coh
C:\Data\ITRAX\ARD_Aug 2013_Mo-tube_Reanalysed_USE\ARD1B\XRF data\L000000.spe	0.04	8	1	1	0.018305	-0.003173	0.009954	0.093737	13144.14063	1.5	7	15	22	0	23	0	50	86	1969	0	794	36	0	353	25135	322	0	199	226	32	0	28	158	86	2260	110	678	0	0	0	0	6	22	61	16	50	77	27	45	29	40	16	0	14060	4486
C:\Data\ITRAX\ARD_Aug 2013_Mo-tube_Reanalysed_USE\ARD1B\XRF data\L000001.spe	2.04	7.73	1	1	0.018305	-0.003173	0.009947	0.093737	11333.73047	1.41	0	0	12	5	20	9	70	21	821	0	271	7	10	103	9998	90	0	110	145	0	0	30	189	20	2078	0	941	0	0	30	8	6	18	45	58	0	75	0	13	36	32	33	3.03E+14	15623	4730
C:\Data\ITRAX\ARD_Aug 2013_Mo-tube_Reanalysed_USE\ARD1B\XRF data\L000002.spe	4.04	7.76	1	1	0.018305	-0.003173	0.009938	0.093737	10971.34961	1.27	0	6	25	4	13	0	36	34	722	0	296	0	0	152	9174	73	0	76	119	13	89	6	50	36	2265	4	966	0	0	0	0	37	12	36	8	30	0	17	0	0	45	5	0	15261	4763
C:\Data\ITRAX\ARD_Aug 2013_Mo-tube_Reanalysed_USE\ARD1B\XRF data\L000003.spe	6.04	7.75	0	1	0.018306	-0.003173	0.009931	0.093737	8164.08984	1.15	28	25	15	26	27	9	85	6	223	0	69	18	6	43	3285	70	0	27	44	0	0	0	79	47	1907	23	706	0	5	0	7	10	22	42	26	0	7	0	0	0	0	21	0	12074	3939
C:\Data\ITRAX\ARD_Aug 2013_Mo-tube_Reanalysed_USE\ARD1B\XRF data\L000004.spe	8.04	7.67	1	1	0.018306	-0.003173	0.009933	0.093737	13523.12012	1.47	0	0	28	0	15	0	42	84	1590	0	663	22	14	307	20335	227	0	127	166	104	7	122	108	132	2506	0	906	0	0	0	0	25	7	46	43	52	86	64	43	0	47	0	0	16133	4978
C:\Data\ITRAX\ARD_Aug 2013_Mo-tube_Reanalysed_USE\ARD1B\XRF data\L000005.spe	10.04	7.64	1	1	0.018306	-0.003173	0.009933	0.093737	12901.65234	1.55	0	0	4	0	5	0	36	86	1570	0	639	8	18	265	19196	158	0	94	190	10	86	74	76	59	2488	40	841	0	0	0	0	9	23	55	48	40	0	0	0	70	64	0	0	15358	5065
C:\Data\ITRAX\ARD_Aug 2013_Mo-tube_Reanalysed_USE\ARD1B\XRF data\L000006.spe	12.04	7.69	1	1	0.018306	-0.003173	0.009933	0.093737	13996.7959	1.64	25	20	42	5	10	0	33	93	2072	19	898	50	10	365	26380	136	5	146	237	0	7	15	120	25	2638	0	811	0	0	0	0	30	51	89	77	66	31	0	44	191	181	0	4.45E+14	15084	5027
C:\Data\ITRAX\ARD_Aug 2013_Mo-tube_Reanalysed_USE\ARD1B\XRF data\L000007.spe	14.04	7.78	1	1	0.018305	-0.003173	0.009933	0.093737	13015.5459	1.35	8	6	28	19	17	6	59	69	1451	0	651	32	10	272	18485	171	0	128	183	34	75	11	206	67	2566	62	1051	0	0	9	0	27	0	57	31	0	35	0	0	111	90	8	0	15364	5246
C:\Data\ITRAX\ARD_Aug 2013_Mo-tube_Reanalysed_USE\ARD1B\XRF data\L000008.spe	16.04	7.83	0	1	0.018306	-0.003173	0.009933	0.093737	10137.89063	1.46	13	5	8	10	29	0	91	17	124	0	70	7	7	33	2895	73	0	47	92	0	84	0	100	12	2173	14	903	0	8	0	0	15	34	65	77	13	0	0	0	64	0	12	0	15580	5041
C:\Data\ITRAX\ARD_Aug 2013_Mo-tube_Reanalysed_USE\ARD1B\XRF data\L000009.spe	18.04	7.86	0	1	0.018306	-0.003173	0.009933	0.093737	8265.48438	1.2	4	10	0	7	15	0	94	0	9	0	0	0	0	0	178	40	0	0	32	0	27	20	18	30	1800	106	809	0	0	0	0	0	23	37	20	22	0	0	0	25	0	6	5.18E+14	13749	4196
C:\Data\ITRAX\ARD_Aug 2013_Mo-tube_Reanalysed_USE\ARD1B\XRF data\L000010.spe	20.04	7.86	0	1	0.018306	-0.003173	0.009933	0.093737	7960.69922	1.14	9	8	0	8	0	0	55	7	44	0	29	0	0	16	1346	11	0	47	53	0	0	16	58	69	1608	0	645	0	0	0	0	26	41	37	9	32	50	0	0	57	4	7	1.03E+15	12626	3956
C:\Data\ITRAX\ARD_Aug 2013_Mo-tube_Reanalysed_USE\ARD1B\XRF data\L000011.spe	22.04	7.86	0	1	0.018306	-0.003173	0.009933	0.093737	8888.4541	1.45	0	0	0	0	0	0	72	16	198	7	86	5	0	50	3061	28	0	33	63	47	58	110	119	9	2028	115	724	0	7	12	5	0	0	0	36	15	0	0	0	40	35	0	6.88E+13	13813	4097
C:\Data\ITRAX\ARD_Aug 2013_Mo-tube_Reanalysed_USE\ARD1B\XRF data\L000012.spe	24.04	7.86	1	1	0.018306	-0.003173	0.009933	0.093737	11290.63184	1.17	15	0	17	26	18	5	37	8	725	0	269	0	0	145	9252	109	0	145	124	0	84	0	145	92	2451	34	848	0	0	0	0	0	22	17	63	58	0	34	11	107	31	0	4.59E+14	16155	4776
C:\Data\ITRAX\ARD_Aug 2013_Mo-tube_Reanalysed_USE\ARD1B\XRF data\L000013.spe	26.04	7.86	1	1	0.018306	-0.003173	0.009933	0.093737	12695.56055	1.41	11	0	36	33	32	6	68	81	1266	0	417	33	0	259	15013	214	0	258	235	80	22	0	109	37	2556	0	920	0	0	0	0	21	0	102	68	57	84	0	25	95	24	0	1.25E+13	16223	4824
C:\Data\ITRAX\ARD_Aug 2013_Mo-tube_Reanalysed_USE\ARD1B\XRF data\L000014.spe	28.04	7.89	1	1	0.018306	-0.003173	0.009933	0.093737	12659.56445	1.4	0	7	30	17	19	8	79	64	1167	0	465	20	6	244	14087	184	0	199	182	20	0	32	108	88	2734	71	931	0	0	0	0	30	38	73	29	0	71	0	0	30	40	7	1.05E+12	16249	5229
C:\Data\ITRAX\ARD_Aug 2013_Mo-tube_Reanalysed_USE\ARD1B\XRF data\L000015.spe	30.04	7.89	1	1	0.018306	-0.003173	0.009933	0.093737	11504.72266	1.49	0	0	0	0	0	0	59	17	483	0	189	15	7	114	7561	99	0	141	129	25	0	66	138	91	2779	97	876	5	0	6	0	11	0	32	60	41	85	35	60	10	15	0	0	16503	5210
C:\Data\ITRAX\ARD_Aug 2013_Mo-tube_Reanalysed_USE\ARD1B\XRF data\L000016.spe	32.04	7.89	1	1	0.018306	-0.003173	0.009933	0.093737	11695.71289	1.39	0	0	0	0	0	6	83	21	590	0	260	0	0	130	9287	165	0	84	98	62	42	20	100	31	2606	62	784	0	0	0	0	0	0	35	25	6	10	104	55	0	0	11	1.10E+15	16397	5136
C:\Data\ITRAX\ARD_Aug 2013_Mo-tube_Reanalysed_USE\ARD1B\XRF data\L000017.spe	34.04	7.88	1	1	0.018306	-0.003173	0.009933	0.093737	10724.76074	1.33	0	8	0	4	12	0	96	14	402	5	165	0	20	102	6533	68	0	86	86	25	0	14	134	32	2722	171	876	5	0	16	0	0	10	48	52	0	93	19	0	43	36	8	0	15845	4688
C:\Data\ITRAX\ARD_Aug 2013_Mo-tube_Reanalysed_USE\ARD1B\XRF data\L000018.spe	36.04	7.87	0	1	0.018306	-0.003173	0.009933	0.093737	8861.25586	1.43	0	0	0	0	18	0	78	0	195	0	79	0	12	45	2972	55	0	41	65	60	51	16	43	48	2252	31	783	0	0	0	0	13	0	25	9	0	4	0	0	0	7	6	3.92E+14	13397	4007
C:\Data\ITRAX\ARD_Aug 2013_Mo-tube_Reanalysed_USE\ARD1B\XRF data\L000019.spe	38.04	7.87	1	1	0.018306	-0.003173	0.009933	0.093737	12621.86621	1.32	0	0	24	0	21	4	52	42	1196	0	392	39	10	231	12325	230	11	195	184	4	26	69	201	68	3016	0	818	12	0	0	0	33	21	64	66	5	47	0	0	92	0	0	0	16841	5064
C:\Data\ITRAX\ARD_Aug 2013_Mo-tube_Reanalysed_USE\ARD1B\XRF data\L000020.spe	40.04	7.88	1	1	0.018306	-0.003173	0.009933	0.093737	15552.91992	1.44	14	9	57	31	23	0	50	92	1891	19	624	12	17	327	18831	170	0	240	341	23	0	102	276	38	3906	14	1039	0	0	6	0	11	14	26	54	0	54	0	10	85	57	0	2.48E+14	19641	5534
C:\Data\ITRAX\ARD_Aug 2013_Mo-tube_Reanalysed_USE\ARD1B\XRF data\L000021.spe	42.04	7.92	1	1	0.018306	-0.003173	0.009933	0.093737	13289.33301	1.36	24	22	10	0	39	5	80	33	837	0	237	6	6	144	8486	45	0	199	257	13	59	89	207	0	3849	76	978	0	0	8	0	7	0	34	10	11	0	0	0	48	44	17	0	19202	5666
C:\Data\ITRAX\ARD_Aug 2013_Mo-tube_Reanalysed_USE\ARD1B\XRF data\L000022.spe	44.04	7.93	1	1	0.018306	-0.003173	0.009933	0.093737	11558.91797	1.44	0	0	0	0	29	5	58	0	81	0	19	9	7	32	1530	61	17	107	227	54	95	87	251	0	3680	84	1123	0	0	0	0	0	0	32	30	32	0	0	0	124	0	0	7.95E+13	18832	5127
C:\Data\ITRAX\ARD_Aug 2013_Mo-tube_Reanalysed_USE\ARD1B\XRF data\L000023.spe	46.04	7.93	1	1	0.018306	-0.003173	0.009933	0.093737	12710.25977	1.28	6	9	0	20	24	0	60	39	734	0	226	12	23	144	7347	91	8	272	376	16	207	70	205	0	3782	37	901	0	0	0	13	12	39	58	84	53	0	0	0	23	23	0	1.52E+14	18661	4867
C:\Data\ITRAX\ARD_Aug 2013_Mo-tube_Reanalysed_USE\ARD1B\XRF data\L000024.spe	48.04	7.93	1	1	0.018306	-0.003173	0.009933	0.093737	14948.75	1.32	5	20	45	16	34	0	44	61	1468	0	323	0	0	245	10674	171	0	461	533	16	0	20	376	87	4859	0	964	0	0	0	0	7	0	57	36	67	20	22	0	0	0	21	0	20407	5465
C:\Data\ITRAX\ARD_Aug 2013_Mo-tube_Reanalysed_USE\ARD1B\XRF data\L000025.spe	50.04	7.93	1	1	0.018306	-0.003173	0.009933	0.093737	15688.11328	1.46	0	0	0	25	42	10	44	43	1812	0	261	24	8	308	10735	139	0	521	709	0	0	63	466	0	5396	25	934	0	0	5	0	16	50	93	49	15	47	38	97	21	43	0	0	22204	5659
C:\Data\ITRAX\ARD_Aug 2013_Mo-tube_Reanalysed_USE\ARD1B\XRF data\L000026.spe	52.04	7.95	1	1	0.018306	-0.003173	0.009933	0.093737	16070.19336	1.61	0	8	10	26	62	9	67	59	1492	11	215	4	14	265	13299	232	0	534	587	38	75	192	422	16	5407	18	1084	0	0	0	0	0	40	39	110	79	0	24	0	20	0	0	1.07E+15	22657	5865
C:\Data\ITRAX\ARD_Aug 2013_Mo-tube_Reanalysed_USE\ARD1B\XRF data\L000027.spe	54.04	7.95	1	1	0.018306	-0.003173	0.009933	0.093737	15901.2002	1.44	10	0	22	0	48	0	51	48	1707	0	251	9	28	327	10927	89	0	580	671	16	0	52	483	29	5600	0	1083	0	0	0	0	25	47	60	31	43	96	20	0	0	78	0	2.56E+14	22385	5761
C:\Data\ITRAX\ARD_Aug 2013_Mo-tube_Reanalysed_USE\ARD1B\XRF data\L000028.spe	56.04	7.84	1	1	0.018306	-0.003173	0.009933	0.093737	14095.49316	1.31	0	16	24	6	31	15	55	43	1283	0	145	0	30	216	5764	43	0	450	708	0	0	124	453	78	5265	0	849	0	0	7	0	44	55	82	87	33	124	0	0	0	53	0	0	20736	5411
C:\Data\ITRAX\ARD_Aug 2013_Mo-tube_Reanalysed_USE\ARD1B\XRF data\L000029.spe	58.04	7.88	1	1	0.018306	-0.003173	0.009933	0.093737	14311.58008	1.73	0	0	27	19	45	8	66	40	1553	0	189	19	0	252	8904	172	0	499	734	38	0	119	268	32	5011	0	943	7	6	0	0	0	0	69	90	28	78	0	0	0	0	0	0	20335	5229
C:\Data\ITRAX\ARD_Aug 2013_Mo-tube_Reanalysed_USE\ARD1B\XRF data\L000030.spe	60.04	7.9	1	1	0.018306	-0.003173	0.009933	0.093737	12153.78906	1.54	0	0	0	17	29	0	78	25	866	0	110	0	0	145	5305	95	0	346	417	0	72	36	314	65	4202	0	790	0	7	10	11	4	50	55	52	25	35	75	0	0	0	0	2.22E+14	17991	4699
C:\Data\ITRAX\ARD_Aug 2013_Mo-tube_Reanalysed_USE\ARD1B\XRF data\L000031.spe	62.04	7.9	1	1	0.018306	-0.003173	0.009933	0.093737	12724.26172	1.33	11	0	6	0	22	0	65	39	1208	0	117	25	0	166	7558	105	0	347	461	0	98	109	276	55	4442	35	761	0	0	0	0	19	25	39	65	57	0	26	0	0	15	31	9.37E+14	18390	5010
C:\Data\ITRAX\ARD_Aug 2013_Mo-tube_Reanalysed_USE\ARD1B\XRF data\L000032.spe	64.04	7.9	1	1	0.018306	-0.003173	0.009933	0.093737	14671.46191	1.48	0	0	0	0	34	0	66	49	1690	0	183	14	11	352	10431	115	0	528	539	0	50	80	425	54	4983	0	797	8	0	0	6	56	0	22	30	22	0	0	27	53	0	9	7.33E+14	20756	5271
C:\Data\ITRAX\ARD_Aug 2013_Mo-tube_Reanalysed_USE\ARD1B\XRF data\L000033.spe	66.04	7.9	1	1	0.018306	-0.003173	0.009933	0.093737	15566.31934	1.45	8	22	0	27	40	13	96	50	1785	0	163	6	7	345	10873	124	0	535	753	0	56	145	430	57	5068	0	852	18	0	0	6	0	55	79	98	90	12	97	0	0	45	12	0	22254	6050
C:\Data\ITRAX\ARD_Aug 2013_Mo-tube_Reanalysed_USE\ARD1B\XRF data\L000034.spe	68.04	7.91	1	1	0.018306	-0.003173	0.009933	0.093737	15926.00098	1.4	0	10	7	35	39	15	61	44	1405	11	118	0	15	230	9837	165	0	440	569	0	0	179	541	112	5249	55	864	0	0	0	0	0	58	39	54	64	151	61	60	36	19	5	1.37E+15	23818	5681
C:\Data\ITRAX\ARD_Aug 2013_Mo-tube_Reanalysed_USE\ARD1B\XRF data\L000035.spe	70.04	7.93	1	1	0.018306	-0.003173	0.009933	0.093737	14948.24902	1.35	11	0	9	13	6	0	63	4	936	0	118	0	12	183	7478	122	0	334	458	15	48	148	350	39	4676	0	869	8	0	0	28	0	16	34	60	33	26	0	0	0	16	0	0	22407	5792
C:\Data\ITRAX\ARD_Aug 2013_Mo-tube_Reanalysed_USE\ARD1B\XRF data\L000036.spe	72.04	7.92	1	1	0.018306	-0.003173	0.009933	0.093737	15188.83691	1.47	0	6	6	23	48	0	72	37	1384	5	174	20	7	221	9315	154	15	537	622	0	0	121	398	0	5130	0	939	0	0	0	0	15	74	103	92	24	84	0	58	0	7	0	0	21682	5506
C:\Data\ITRAX\ARD_Aug 2013_Mo-tube_Reanalysed_USE\ARD1B\XRF data\L000037.spe	74.04	7.87	1	1	0.018306	-0.003173	0.009933	0.093737	14890.95313	1.7	0	0	29	25	30	9	87	42	1686	0	193	0	0	239	9029	128	0	489	644	0	46	84	401	150	4757	17	774	0	0	7	0	0	40	100	75	31	19	0	0	0	52	0	0	21908	5724
C:\Data\ITRAX\ARD_Aug 2013_Mo-tube_Reanalysed_USE\ARD1B\XRF data\L000038.spe	76.04	7.86	1	1	0.018306	-0.003173	0.009933	0.093737	13353.22754	1.33	23	12	0	18	24	10	69	42	798	0	192	22	0	142	7712	96	0	289	303	0	64	88	296	28	3583	42	943	6	0	0	41	0	24	48	48	32	0	0	0	51	29	0	5.85E+13	19746	5231
C:\Data\ITRAX\ARD_Aug 2013_Mo-tube_Reanalysed_USE\ARD1B\XRF data\L000039.spe	78.04	7.89	1	1	0.018306	-0.003173	0.009933	0.093737	12607.86719	1.3	0	0	0	14	35	0	80	24	426	0	97	9	0	66	4368	89	0	225	262	16	86	99	271	40	4048	0	845	0	0	0	0	0	0	10	27	23	20	0	0	0	0	14	0	19391	5197
C:\Data\ITRAX\ARD_Aug 2013_Mo-tube_Reanalysed_USE\ARD1B\XRF data\L000040.spe	80.04	7.93	1	1	0.018306	-0.003173	0.009933	0.093737	13101.84082	1.43	0	0	0	0	27	11	69	22	573	0	75	17	13	127	5457	84	0	258	349	14	0	48	379	0	4267	43	885	0	6	0	0	29	26	77	61	0	112	23	0	14	7	18	6.61E+14	20148	5472
C:\Data\ITRAX\ARD_Aug 2013_Mo-tube_Reanalysed_USE\ARD1B\XRF data\L000041.spe	82.04	7.93	1	1	0.018306	-0.003173	0.009933	0.093737	13384.42773	1.53	0	0	0	17	0	0	67	26	612	14	102	10	23	117	6792	83	12	298	321	38	0	81	419	30	4592	0	887	0	0	0	0	0	0	39	30	0	34	0	29	0	0	0	4.11E+14	20128	5185
C:\Data\ITRAX\ARD_Aug 2013_Mo-tube_Reanalysed_USE\ARD1B\XRF data\L000042.spe	84.04	7.93	1	1	0.018306	-0.003173	0.009933	0.093737	11352.42871	1.31	6	14	29	36	34	5	63	12	681	0	65	0	0	113	4808	87	16	250	309	0	98	52	251	158	3786	6	798	0	0	13	0	12	41	42	50	8	0	0	0	92	0	0	1.79E+15	17296	4580
C:\Data\ITRAX\ARD_Aug 2013_Mo-tube_Reanalysed_USE\ARD1B\XRF data\L000043.spe	86.04	7.93	1	1	0.018306	-0.003173	0.009933	0.093737	14221.58594	1.31	7	0	10	8	45	0	41	20	1306	0	161	15	10	240	8073	128	0	420	705	37	97	205	332	0	4672	72	1043	0	0	0	0	0	0	7	59	15	0	0	105	160	0	0	6.94E+14	20869	5621
C:\Data\ITRAX\ARD_Aug 2013_Mo-tube_Reanalysed_USE\ARD1B\XRF data\L000044.spe	88.04	7.93	1	1	0.018306	-0.003173	0.009933	0.093737	15949.89941	1.36	0	0	0	0	37	0	55	38	2247	5	286	21	0	367	12512	179	0	641	822	20	78	123	428	76	5474	0	958	0	0	0	0	0	42	49	78	27	0	32	0	61	20	15	0	22072	5677
C:\Data\ITRAX\ARD_Aug 2013_Mo-tube_Reanalysed_USE\ARD1B\XRF data\L000045.spe	90.04	7.97	1	1	0.018306	-0.003173	0.009933	0.093737	15720.61035	1.45	8	19	11	18	41	10	71	48	2212	0	302	16	0	378	15977	112	0	578	728	0	75	109	357	31	4949	60	949	20	0	0	0	14	27	63	88	63	18	0	83	123	86	5	2.74E+14	20811	5741
C:\Data\ITRAX\ARD_Aug 2013_Mo-tube_Reanalysed_USE\ARD1B\XRF data\L000046.spe	92.04	7.99	1	1	0.018306	-0.003173	0.009933	0.093737	15631.5127	1.3	18	7	14	15	47	0	54	69	2436	0	274	20	0	366	14567	183	12	654	768	47	124	120	472	0	5349	0	972	0	0	0	0	56	28	99	85	72	0	0	0	82	43	0	0	20908	5552
C:\Data\ITRAX\ARD_Aug 2013_Mo-tube_Reanalysed_USE\ARD1B\XRF data\L000047.spe	94.04	8	1	1	0.018306	-0.003173	0.009933	0.093737	15026.94629	1.55	0	0	16	26	52	8	74	60	2919	0	309	29	0	446	16538	182	0	686	824	0	66	79	446	29	4953	43	828	5	0	0	20	8	43	116	85	19	0	35	8	45	49	0	0	18891	5031
C:\Data\ITRAX\ARD_Aug 2013_Mo-tube_Reanalysed_USE\ARD1B\XRF data\L000048.spe	96.04	8	1	1	0.018306	-0.003173	0.009933	0.093737	13950.79785	1.4	0	0	26	18	50	8	52	46	1706	11	186	0	23	285	11894	98	9	561	656	0	92	95	398	0	4980	0	899	0	0	0	0	12	0	97	35	0	0	22	0	101	32	18	2.73E+14	18911	5165
C:\Data\ITRAX\ARD_Aug 2013_Mo-tube_Reanalysed_USE\ARD1B\XRF data\L000049.spe	98.04	8	1	1	0.018306	-0.003173	0.009933	0.093737	15879.80273	1.72	0	10	28	33	67	23	40	60	2956	0	278	20	21	446	17658	207	0	733	910	36	30	163	467	0	5526	0	841	12	0	0	0	0	0	66	102	27	77	37	0	80	78	0	0	19848	5318
C:\Data\ITRAX\ARD_Aug 2013_Mo-tube_Reanalysed_USE\ARD1B\XRF data\L000050.spe	100.04	8	1	1	0.018306	-0.003173	0.009933	0.093737	15225.43457	1.63	0	0	18	0	48	16	58	67	2405	0	249	36	6	387	13617	36	0	642	812	28	0	110	480	0	5604	80	869	7	0	0	0	0	0	78	30	22	80	76	0	37	108	9	0	20248	5285
C:\Data\ITRAX\ARD_Aug 2013_Mo-tube_Reanalysed_USE\ARD1B\XRF data\L000051.spe	102.04	8	1	1	0.018306	-0.003173	0.009933	0.093737	16946.14844	1.6	18	14	30	30	58	0	43	63	3146	0	364	20	31	511	17244	222	0	809	989	0	68	50	469	160	6194	0	883	14	0	0	0	0	7	119	61	111	75	138	0	0	16	0	6.36E+14	21810	5610
C:\Data\ITRAX\ARD_Aug 2013_Mo-tube_Reanalysed_USE\ARD1B\XRF data\L000052.spe	104.04	8	1	1	0.018306	-0.003173	0.009933	0.093737	17064.74219	1.54	8	8	21	31	47	5	66	71	3434	0	333	29	17	552	17342	127	0	849	1086	0	0	141	524	87	6601	19	1022	0	0	0	0	0	57	41	75	0	40	41	0	77	90	0	0	21687	5833
C:\Data\ITRAX\ARD_Aug 2013_Mo-tube_Reanalysed_USE\ARD1B\XRF data\L000053.spe	106.04	8	1	1	0.018306	-0.003173	0.009933	0.093737	17025.24609	1.41	0	0	17	29	41	0	47	65	3461	0	320	17	24	479	16672	153	0	836	1085	0	207	110	655	89	6579	88	1033	0	0	0	0	11	13	135	103	22	12	42	108	0	44	16	0	21754	5746
C:\Data\ITRAX\ARD_Aug 2013_Mo-tube_Reanalysed_USE\ARD1B\XRF data\L000054.spe	108.04	8	1	1	0.018306	-0.003173	0.009933	0.093737	16892.85352	1.45	6	10	25	27	55	0	41	52	3208	0	318	15	28	578	17597	160	0	912	1078	114	139	226	524	0	5960	0	879	0	0	0	0	49	17	88	97	60	0	0	0	78	78	0	0	21372	5643
C:\Data\ITRAX\ARD_Aug 2013_Mo-tube_Reanalysed_USE\ARD1B\XRF data\L000055.spe	110.04	8	1	1	0.018306	-0.003173	0.009933	0.093737	15645.81445	1.42	0	0	18	15	38	0	28	57	2865	0	259	28	11	522	14617	105	0	762	872	15	80	134	436	100	5081	24	962	0	0	0	0	0	6	77	54	68	0	0	22	144	93	0	1.10E+15	20523	5519
C:\Data\ITRAX\ARD_Aug 2013_Mo-tube_Reanalysed_USE\ARD1B\XRF data\L000056.spe	112.04	8	1	1	0.018306	-0.003173	0.009933	0.093737	15893.20313	1.37	0	17	12	18	44	0	64	66	2416	0	281	0	22	428	15428	202	0	697	837	0	9	152	456	0	4908	72	988	6	0	0	16	5	51	42	67	63	67	6	0	52	45	7	5.64E+14	20791	5403
C:\Data\ITRAX\ARD_Aug 2013_Mo-tube_Reanalysed_USE\ARD1B\XRF data\L000057.spe	114.04	8	1	1	0.018306	-0.003173	0.009933	0.093737	14618.26563	1.24	5	12	30	27	43	0	60	42	1843	0	216	25	12	344	12944	133	0	569	651	0	0	0	337	94	4217	68	1016	0	0	0	0	59	29	91	63	96	116	0	44	0	43	12	3.46E+14	19789	5255
C:\Data\ITRAX\ARD_Aug 2013_Mo-tube_Reanalysed_USE\ARD1B\XRF data\L000058.spe	116.04	8	1	1	0.018306	-0.003173	0.009933	0.093737	15535.91797	1.49	0	0	31	24	44	9	48	43	1782	0	306	14	9	287	14009	245	0	472	515	0	0	38	361	18	4751	0	937	5	0	0	0	0	30	94	114	32	119	0	7	0	9	0	0	21104	5614
C:\Data\ITRAX\ARD_Aug 2013_Mo-tube_Reanalysed_USE\ARD1B\XRF data\L000059.spe	118.04	7.99	1	1	0.018306	-0.003173	0.009933	0.093737	15527.12012	1.47	0	0	0	0	44	0	57	33	1577	0	248	0	22	267	13522	75	0	397	472	44	79	118	368	175	4197	0	989	9	0	19	0	36	0	85	39	35	13	55	57	0	101	0	1.58E+15	21452	5687
C:\Data\ITRAX\ARD_Aug 2013_Mo-tube_Reanalysed_USE\ARD1B\XRF data\L000060.spe	120.04	7.97	1	1	0.018306	-0.003173	0.009933	0.093737	14399.37793	1.43	32	0	15	28	24	6	74	13	884	0	150	0	12	161	6980	68	0	326	378	63	90	56	268	66	4267	0	892	5	8	0	0	26	12	84	46	70	0	0	0	61	13	9	1.64E+14	21639	5773
C:\Data\ITRAX\ARD_Aug 2013_Mo-tube_Reanalysed_USE\ARD1B\XRF data\L000061.spe	122.04	7.96	1	1	0.018306	-0.003173	0.009933	0.093737	13119.74023	1.3	31	0	20	27	29	0	63	0	464	0	58	11	0	85	3715	86	0	178	254	5	0	68	182	105	3927	0	988	0	0	0	15	0	20	30	43	94	33	0	0	40	0	0	1.00E+15	21018	5714
C:\Data\ITRAX\ARD_Aug 2013_Mo-tube_Reanalysed_USE\ARD1B\XRF data\L000062.spe	124.04	7.91	1	1	0.018306	-0.003173	0.009933	0.093737	13286.93066	1.51	0	0	0	0	37	8	89	0	314	0	54	5	19	57	2625	67	0	168	211	0	109	64	249	30	4154	47	990	0	0	6	8	8	46	14	71	13	0	66	4	0	9	0	1.14E+15	21614	5508
C:\Data\ITRAX\ARD_Aug 2013_Mo-tube_Reanalysed_USE\ARD1B\XRF data\L000063.spe	126.04	7.89	1	1	0.018306	-0.003173	0.009933	0.093737	12923.75195	1.26	15	28	5	12	35	6	88	12	496	0	109	6	10	96	4252	101	0	232	320	0	97	85	220	33	4014	9	803	0	0	0	41	47	69	57	22	22	0	12	0	0	0	0	1.02E+14	19981	5237
C:\Data\ITRAX\ARD_Aug 2013_Mo-tube_Reanalysed_USE\ARD1B\XRF data\L000064.spe	128.04	7.86	1	1	0.018306	-0.003173	0.009933	0.093737	12748.66016	1.43	0	17	0	0	28	7	66	11	276	0	67	0	5	43	3828	88	0	236	292	43	39	53	360	0	4389	0	939	0	0	0	0	37	7	37	6	19	32	0	0	0	5	0	3.14E+15	19814	5415
C:\Data\ITRAX\ARD_Aug 2013_Mo-tube_Reanalysed_USE\ARD1B\XRF data\L000065.spe	130.04	7.84	1	1	0.018306	-0.003173	0.009933	0.093737	10681.2627	1.34	0	0	8	25	20	6	77	0	58	0	0	0	8	25	1297	23	0	94	152	0	80	125	221	0	3686	122	635	0	0	15	27	9	30	30	26	27	0	0	0	54	13	0	5.90E+14	16988	4857
C:\Data\ITRAX\ARD_Aug 2013_Mo-tube_Reanalysed_USE\ARD1B\XRF data\L000066.spe	132.04	7.84	1	1	0.018306	-0.003173	0.009933	0.093737	11621.11523	1.36	0	14	0	8	27	10	63	0	270	6	17	0	4	46	2467	73	17	161	276	0	27	52	245	13	3853	0	808	0	0	9	0	17	65	91	71	31	26	70	0	0	0	0	1.54E+14	18837	4937
C:\Data\ITRAX\ARD_Aug 2013_Mo-tube_Reanalysed_USE\ARD1B\XRF data\L000067.spe	134.04	7.84	1	1	0.018306	-0.003173	0.009933	0.093737	12816.55469	1.55	12	0	11	29	32	5	51	12	584	0	80	8	7	77	4881	67	0	204	302	0	0	105	267	19	4294	51	805	0	9	0	0	0	10	65	40	41	20	91	0	0	6	0	0	19377	5184
C:\Data\ITRAX\ARD_Aug 2013_Mo-tube_Reanalysed_USE\ARD1B\XRF data\L000068.spe	136.04	7.84	1	1	0.018306	-0.003173	0.009933	0.093737	13160.33887	1.29	0	11	14	8	28	4	82	0	977	0	95	19	17	137	6361	123	0	333	499	0	0	79	311	14	4923	0	920	9	5	0	0	17	30	75	51	62	23	0	53	21	0	4	0	19705	5144
C:\Data\ITRAX\ARD_Aug 2013_Mo-tube_Reanalysed_USE\ARD1B\XRF data\L000069.spe	138.04	7.85	1	1	0.018306	-0.003173	0.009933	0.093737	12001.19824	1.78	0	0	0	16	0	0	57	10	295	6	38	8	0	65	3250	49	0	180	286	0	0	80	290	118	4559	26	819	0	0	8	0	37	83	87	38	80	114	102	41	0	0	0	0	19092	4969
C:\Data\ITRAX\ARD_Aug 2013_Mo-tube_Reanalysed_USE\ARD1B\XRF data\L000070.spe	140.04	7.87	1	1	0.018306	-0.003173	0.009933	0.093737	12476.77246	1.62	0	0	0	0	0	10	59	0	308	10	19	12	14	67	2410	32	0	172	261	9	22	86	244	79	4488	0	1079	0	7	0	11	0	0	44	13	52	32	36	0	64	10	0	0	20362	5569
C:\Data\ITRAX\ARD_Aug 2013_Mo-tube_Reanalysed_USE\ARD1B\XRF data\L000071.spe	142.04	7.87	1	1	0.018306	-0.003173	0.009933	0.093737	12262.9834	1.26	5	15	0	11	18	13	93	10	69	0	11	0	8	30	949	21	0	128	166	22	0	67	324	87	4709	0	975	0	0	0	0	0	0	32	24	13	0	22	38	42	0	4	0	20053	5341
C:\Data\ITRAX\ARD_Aug 2013_Mo-tube_Reanalysed_USE\ARD1B\XRF data\L000072.spe	144.04	7.86	1	1	0.018306	-0.003173	0.009933	0.093737	10678.36426	1.24	11	31	20	25	36	20	87	18	154	0	20	6	7	35	1173	33	0	99	183	0	53	50	162	27	3810	31	918	0	0	0	0	9	0	61	28	34	0	55	0	0	0	24	8.28E+14	17435	4705
C:\Data\ITRAX\ARD_Aug 2013_Mo-tube_Reanalysed_USE\ARD1B\XRF data\L000073.spe	146.04	7.86	1	1	0.018306	-0.003173	0.009933	0.093737	11673.91309	1.26	17	10	21	15	10	5	68	0	236	0	28	8	0	30	1737	78	18	162	251	0	176	35	220	36	4103	0	897	0	0	8	0	11	14	25	14	16	0	15	0	0	0	0	2.13E+14	18777	5106
C:\Data\ITRAX\ARD_Aug 2013_Mo-tube_Reanalysed_USE\ARD1B\XRF data\L000074.spe	148.04	7.88	1	1	0.018306	-0.003173	0.009933	0.093737	11522.01953	1.66	7	4	6	14	24	13	73	10	166	7	0	9	22	18	1356	19	15	120	197	13	77	67	301	0	4178	20	1011	8	8	14	0	0	0	46	49	0	0	0	0	25	0	22	2.97E+12	18956	5077
C:\Data\ITRAX\ARD_Aug 2013_Mo-tube_Reanalysed_USE\ARD1B\XRF data\L000075.spe	150.04	7.87	1	1	0.018306	-0.003173	0.009933	0.093737	11682.81445	1.14	6	0	6	0	10	0	41	0	118	0	6	0	13	21	1209	30	10	123	169	0	71	100	249	48	4282	90	992	0	0	0	0	15	23	22	36	0	0	0	59	60	0	24	0	19328	5186
C:\Data\ITRAX\ARD_Aug 2013_Mo-tube_Reanalysed_USE\ARD1B\XRF data\L000076.spe	152.04	7.83	1	1	0.018306	-0.003173	0.009933	0.093737	11117.74121	1.23	0	0	0	0	19	0	56	0	146	0	14	0	0	33	1198	62	16	86	208	20	10	45	239	43	4076	0	888	0	0	0	11	0	0	35	38	5	27	101	0	0	0	0	2.40E+14	18212	4916
C:\Data\ITRAX\ARD_Aug 2013_Mo-tube_Reanalysed_USE\ARD1B\XRF data\L000077.spe	154.04	7.77	1	1	0.018306	-0.003173	0.009933	0.093737	12471.77441	1.24	0	26	8	0	30	0	68	19	683	0	102	9	0	157	4540	110	27	237	435	0	93	89	250	24	4608	50	871	5	0	0	14	6	22	39	51	77	0	0	0	82	4	13	0	19191	5043
C:\Data\ITRAX\ARD_Aug 2013_Mo-tube_Reanalysed_USE\ARD1B\XRF data\L000078.spe	156.04	7.76	1	1	0.018306	-0.003173	0.009933	0.093737	13699.91211	1.39	0	0	15	7	20	18	66	22	1038	0	138	10	0	189	7022	105	0	319	502	11	0	98	320	27	4997	43	869	6	0	0	0	8	13	69	26	0	49	28	0	15	20	0	1.13E+15	20253	5432
C:\Data\ITRAX\ARD_Aug 2013_Mo-tube_Reanalysed_USE\ARD1B\XRF data\L000079.spe	158.04	7.73	1	1	0.018306	-0.003173	0.009933	0.093737	13969.19824	1.31	6	5	5	7	26	0	67	35	1381	0	156	0	19	283	7575	57	14	432	658	32	0	122	358	57	4539	0	951	0	0	0	0	10	24	86	55	22	24	0	0	139	44	7	6.87E+14	20420	5453
C:\Data\ITRAX\ARD_Aug 2013_Mo-tube_Reanalysed_USE\ARD1B\XRF data\L000080.spe	160.04	7.73	1	1	0.018306	-0.003173	0.009933	0.093737	13385.12598	1.33	0	0	0	7	31	0	73	15	632	0	85	6	0	103	4633	58	0	276	397	0	127	56	234	36	4716	0	921	0	0	6	0	42	6	26	35	62	0	22	0	20	12	13	1.65E+15	20580	5512
C:\Data\ITRAX\ARD_Aug 2013_Mo-tube_Reanalysed_USE\ARD1B\XRF data\L000081.spe	162.04	7.73	1	1	0.018306	-0.003173	0.009933	0.093737	13418.92578	1.98	0	0	0	0	16	4	63	9	639	23	79	0	32	130	3891	89	0	232	366	37	14	30	300	20	4805	45	932	7	7	0	0	0	0	48	63	12	27	0	62	33	0	0	0	20886	5567
C:\Data\ITRAX\ARD_Aug 2013_Mo-tube_Reanalysed_USE\ARD1B\XRF data\L000082.spe	164.04	7.68	1	1	0.018306	-0.003173	0.009933	0.093737	12013.59473	1.38	0	0	9	0	20	0	83	17	354	11	42	17	6	84	2810	61	0	184	381	22	10	120	250	95	4394	30	913	0	8	0	0	4	19	39	49	47	8	0	0	8	16	9	6.97E+13	19147	5158
C:\Data\ITRAX\ARD_Aug 2013_Mo-tube_Reanalysed_USE\ARD1B\XRF data\L000083.spe	166.04	7.68	1	1	0.018306	-0.003173	0.009933	0.093737	12178.78809	1.31	0	0	5	13	14	0	67	0	234	0	28	5	0	72	2320	59	0	137	281	18	0	20	260	0	4851	76	830	0	0	0	0	8	0	23	25	27	95	0	0	41	0	0	1.59E+15	19454	5336
C:\Data\ITRAX\ARD_Aug 2013_Mo-tube_Reanalysed_USE\ARD1B\XRF data\L000084.spe	168.04	7.72	1	1	0.018306	-0.003173	0.009933	0.093737	10885.55371	1.31	0	0	0	0	19	0	48	0	84	0	0	0	14	26	804	49	0	73	138	0	128	82	270	70	4155	40	879	0	6	0	0	0	10	17	14	6	0	0	0	39	0	0	4.32E+14	17689	4860
C:\Data\ITRAX\ARD_Aug 2013_Mo-tube_Reanalysed_USE\ARD1B\XRF data\L000085.spe	170.04	7.72	1	1	0.018306	-0.003173	0.009933	0.093737	12532.16895	1.28	0	10	0	0	18	0	73	0	182	0	12	0	0	72	1767	51	5	155	253	16	66	0	315	10	5010	0	948	0	0	0	0	33	10	31	37	0	0	0	0	0	0	0	1.26E+15	20199	5351
C:\Data\ITRAX\ARD_Aug 2013_Mo-tube_Reanalysed_USE\ARD1B\XRF data\L000086.spe	172.04	7.72	1	1	0.018306	-0.003173	0.009933	0.093737	11394.12793	1.34	0	0	15	0	18	8	51	0	71	0	9	0	10	31	690	68	0	95	199	0	0	83	347	83	4947	0	939	0	0	0	7	0	58	48	27	0	35	0	25	83	0	13	0	18174	5013
C:\Data\ITRAX\ARD_Aug 2013_Mo-tube_Reanalysed_USE\ARD1B\XRF data\L000087.spe	174.04	7.72	1	1	0.018306	-0.003173	0.009933	0.093737	11171.03809	1.34	14	14	12	13	16	7	90	5	192	0	20	4	0	47	1245	9	0	100	194	42	0	37	219	102	4157	0	991	0	0	0	0	0	0	57	21	24	98	55	14	0	0	6	9.05E+14	18342	5065
C:\Data\ITRAX\ARD_Aug 2013_Mo-tube_Reanalysed_USE\ARD1B\XRF data\L000088.spe	176.04	7.72	1	1	0.018306	-0.003173	0.009933	0.093737	13340.03125	1.22	0	0	6	9	21	0	66	0	128	0	21	8	6	31	1374	31	16	159	227	9	0	41	234	36	4451	0	1012	0	0	0	0	24	0	27	29	9	35	25	93	0	12	0	1.46E+14	21894	5628
C:\Data\ITRAX\ARD_Aug 2013_Mo-tube_Reanalysed_USE\ARD1B\XRF data\L000089.spe	178.04	7.75	1	1	0.018306	-0.003173	0.009933	0.093737	12449.875	1.32	0	6	0	4	26	0	81	0	185	0	13	0	0	91	2445	46	0	101	268	13	70	20	352	109	4799	109	867	0	0	8	8	0	15	42	19	49	0	11	79	22	0	0	8.64E+14	20258	5249
C:\Data\ITRAX\ARD_Aug 2013_Mo-tube_Reanalysed_USE\ARD1B\XRF data\L000090.spe	180.04	7.74	1	1	0.018306	-0.003173	0.009933	0.093737	12152.58789	1.52	18	4	0	0	13	0	92	0	233	0	29	0	0	84	2383	75	10	121	233	11	0	55	258	71	4246	56	943	4	0	0	8	9	0	0	26	9	95	61	0	0	0	9	0	19827	5297
C:\Data\ITRAX\ARD_Aug 2013_Mo-tube_Reanalysed_USE\ARD1B\XRF data\L000091.spe	182.04	7.75	1	1	0.018306	-0.003173	0.009933	0.093737	12467.97461	1.29	0	0	0	6	18	0	59	9	503	0	17	0	0	117	4168	37	18	214	308	0	120	114	408	0	4413	0	896	0	0	9	0	30	23	11	44	0	0	0	0	0	32	0	4.19E+14	19651	5237
C:\Data\ITRAX\ARD_Aug 2013_Mo-tube_Reanalysed_USE\ARD1B\XRF data\L000092.spe	184.04	7.74	1	1	0.018306	-0.003173	0.009933	0.093737	13661.69629	1.37	0	0	6	9	21	0	71	32	1249	0	124	17	10	290	10062	91	10	350	398	0	0	101	436	99	4852	131	978	0	0	5	17	0	0	59	63	40	75	0	0	0	28	6	4.29E+14	19393	5358
C:\Data\ITRAX\ARD_Aug 2013_Mo-tube_Reanalysed_USE\ARD1B\XRF data\L000093.spe	186.04	7.71	1	1	0.018306	-0.003173	0.009933	0.093737	14481.67383	1.6	0	0	0	15	26	0	48	49	1746	0	180	0	11	355	14020	220	0	486	516	43	38	90	340	0	4610	0	993	0	0	7	0	13	0	81	67	31	48	0	0	0	0	0	3.19E+14	19419	5377
C:\Data\ITRAX\ARD_Aug 2013_Mo-tube_Reanalysed_USE\ARD1B\XRF data\L000094.spe	188.04	7.7	1	1	0.018306	-0.003173	0.009933	0.093737	14525.9707	1.44	0	14	0	0	31	0	68	38	1147	0	84	17	0	237	7745	174	0	461	498	32	0	79	348	0	4861	0	941	0	0	0	0	34	0	71	97	0	111	29	0	0	0	15	4.96E+13	21324	5504
C:\Data\ITRAX\ARD_Aug 2013_Mo-tube_Reanalysed_USE\ARD1B\XRF data\L000095.spe	190.04	7.69	1	1	0.018306	-0.003173	0.009933	0.093737	15947.7002	1.29	10	0	21	29	39	0	67	55	1741	5	153	16	14	270	12018	133	0	459	597	0	0	74	453	35	5316	122	1028	7	0	0	54	0	71	39	81	9	78	0	39	0	34	8	0	22602	5810
C:\Data\ITRAX\ARD_Aug 2013_Mo-tube_Reanalysed_USE\ARD1B\XRF data\L000096.spe	192.04	7.7	1	1	0.018306	-0.003173	0.009933	0.093737	13670.0127	1.33	19	0	0	0	27	14	81	28	1207	7	103	0	26	206	7573	71	0	344	520	0	65	100	230	133	4427	0	788	0	0	11	5	0	38	10	66	53	0	50	0	0	37	5	2.14E+14	20146	5238
C:\Data\ITRAX\ARD_Aug 2013_Mo-tube_Reanalysed_USE\ARD1B\XRF data\L000097.spe	194.04	7.67	1	1	0.018306	-0.003173	0.009933	0.093737	14721.85938	1.28	0	0	0	8	41	0	62	31	1338	0	201	0	0	284	9558	169	0	513	634	0	22	85	350	0	4511	128	999	7	0	0	0	31	28	51	80	29	6	0	0	0	31	0	0	21279	5514
C:\Data\ITRAX\ARD_Aug 2013_Mo-tube_Reanalysed_USE\ARD1B\XRF data\L000098.spe	196.04	7.65	1	1	0.018306	-0.003173	0.009933	0.093737	11980.39941	1.27	8	0	0	24	14	0	73	0	201	0	24	0	4	44	1695	16	0	133	236	0	91	68	357	44	4163	0	856	0	0	0	0	0	47	52	83	7	0	35	0	0	6	8	0	19230	5042
C:\Data\ITRAX\ARD_Aug 2013_Mo-tube_Reanalysed_USE\ARD1B\XRF data\L000099.spe	198.04	7.69	0	1	0.018306	-0.003173	0.009933	0.093737	10156.49023	1.1	18	24	14	0	9	5	65	0	22	0	0	4	7	8	353	28	0	52	144	4	60	9	187	34	3579	0	915	0	0	0	0	0	24	15	32	0	0	0	0	0	0	0	9.35E+14	16857	4447
C:\Data\ITRAX\ARD_Aug 2013_Mo-tube_Reanalysed_USE\ARD1B\XRF data\L000100.spe	200.04	7.71	1	1	0.018306	-0.003173	0.009933	0.093737	10746.86035	1.4	0	0	0	0	19	5	68	6	19	0	0	0	0	0	313	16	8	71	181	7	0	57	320	60	4014	47	853	0	0	0	0	20	38	30	44	23	59	16	82	0	0	20	0	17716	4688
C:\Data\ITRAX\ARD_Aug 2013_Mo-tube_Reanalysed_USE\ARD1B\XRF data\L000101.spe	202.04	7.72	0	1	0.018306	-0.003173	0.009933	0.093737	10046.19629	1.19	0	0	8	24	23	0	68	0	38	0	0	6	0	21	446	35	10	85	162	0	16	0	180	0	3964	0	785	0	7	0	0	0	44	82	34	21	0	0	72	65	0	0	0	16435	4609
C:\Data\ITRAX\ARD_Aug 2013_Mo-tube_Reanalysed_USE\ARD1B\XRF data\L000102.spe	204.04	7.74	0	1	0.018306	-0.003173	0.009933	0.093737	9958.7002	1.18	9	10	21	22	21	15	48	0	40	10	4	0	4	20	552	23	5	59	144	0	0	70	197	34	3923	97	802	0	0	0	23	0	0	16	37	12	51	25	11	0	6	0	8.82E+13	16086	4544
C:\Data\ITRAX\ARD_Aug 2013_Mo-tube_Reanalysed_USE\ARD1B\XRF data\L000103.spe	206.04	7.77	1	1	0.018306	-0.003173	0.009933	0.093737	11303.5332	1.38	0	7	11	22	15	7	81	19	489	9	66	24	0	99	4265	90	0	183	304	54	0	95	251	65	3655	9	844	0	0	0	15	0	0	30	88	0	74	51	41	0	7	0	1.79E+14	17001	4732
C:\Data\ITRAX\ARD_Aug 2013_Mo-tube_Reanalysed_USE\ARD1B\XRF data\L000104.spe	208.04	7.78	1	1	0.018306	-0.003173	0.009933	0.093737	12633.16406	1.26	14	0	11	36	29	5	68	7	1092	0	168	6	15	222	7930	148	0	318	389	0	0	41	198	0	3752	50	858	11	0	0	0	15	39	40	128	50	74	93	39	0	0	13	0	17950	4890
C:\Data\ITRAX\ARD_Aug 2013_Mo-tube_Reanalysed_USE\ARD1B\XRF data\L000105.spe	210.04	7.78	1	1	0.018306	-0.003173	0.009933	0.093737	13405.12793	1.41	0	0	10	0	36	0	61	36	1236	5	201	9	17	257	10705	61	9	417	437	14	0	51	211	44	3736	85	822	5	0	5	0	0	38	50	76	124	110	0	62	0	81	0	1.65E+14	19139	5086
C:\Data\ITRAX\ARD_Aug 2013_Mo-tube_Reanalysed_USE\ARD1B\XRF data\L000106.spe	212.04	7.78	1	1	0.018306	-0.003173	0.009933	0.093737	14400.07813	1.41	0	12	15	14	45	5	55	64	1755	15	302	0	8	276	14939	193	0	420	529	0	70	90	286	53	4180	0	818	0	0	8	20	0	19	77	32	17	0	0	0	93	0	11	9.84E+13	19042	5308
C:\Data\ITRAX\ARD_Aug 2013_Mo-tube_Reanalysed_USE\ARD1B\XRF data\L000107.spe	214.04	7.78	1	1	0.018306	-0.003173	0.009933	0.093737	15324.23047	1.41	0	4	5	7	57	9	53	41	1884	26	297	0	30	279	15979	231	17	512	543	13	11	118	265	149	4898	0	854	0	0	0	0	32	22	80	87	65	92	10	0	44	15	10	0	20583	5355
C:\Data\ITRAX\ARD_Aug 2013_Mo-tube_Reanalysed_USE\ARD1B\XRF data\L000108.spe	216.04	7.8	1	1	0.018306	-0.003173	0.009933	0.093737	14780.95898	1.26	0	4	18	0	26	0	75	23	1373	0	159	8	0	212	9364	165	0	423	498	28	37	141	334	66	4810	9	1032	6	0	0	0	10	0	44	11	23	0	0	0	88	9	7	0	21648	5976
C:\Data\ITRAX\ARD_Aug 2013_Mo-tube_Reanalysed_USE\ARD1B\XRF data\L000109.spe	218.04	7.81	1	1	0.018306	-0.003173	0.009933	0.093737	13711.21191	1.39	0	0	0	0	0	0	70	0	566	0	93	0	23	108	5466	55	0	244	328	0	162	106	340	89	4558	28	983	0	0	0	0	19	57	38	78	15	0	45	85	124	8	13	6.42E+14	21163	5679
C:\Data\ITRAX\ARD_Aug 2013_Mo-tube_Reanalysed_USE\ARD1B\XRF data\L000110.spe	220.04	7.75	1	1	0.018306	-0.003173	0.009933	0.093737	12715.95996	1.35	0	0	17	24	35	9	62	0	348	6	40	8	16	64	2695	68	0	173	231	33	0	119	314	0	4557	25	896	7	0	8	0	25	0	0	29	46	41	0	41	13	0	0	3.75E+14	20055	5250
C:\Data\ITRAX\ARD_Aug 2013_Mo-tube_Reanalysed_USE\ARD1B\XRF data\L000111.spe	222.04	7.67	1	1	0.018306	-0.003173	0.009933	0.093737	12507.77148	1.28	34	17	16	22	27	0	84	11	695	0	43	0	0	113	3736	60	0	213	333	0	72	134	280	22	5042	0	923	0	0	0	11	0	29	14	55	15	0	74	0	0	0	0	0	19455	5164
C:\Data\ITRAX\ARD_Aug 2013_Mo-tube_Reanalysed_USE\ARD1B\XRF data\L000112.spe	224.04	7.69	1	1	0.018306	-0.003173	0.009933	0.093737	13857.00293	1.42	0	0	0	15	35	6	80	14	778	5	55	0	0	154	4222	49	0	318	426	0	18	133	440	0	5698	120	948	0	0	5	9	13	54	48	43	31	10	0	13	55	0	0	6.08E+14	21326	5588
C:\Data\ITRAX\ARD_Aug 2013_Mo-tube_Reanalysed_USE\ARD1B\XRF data\L000113.spe	226.04	7.7	1	1	0.018306	-0.003173	0.009933	0.093737	14767.25879	1.57	0	0	0	15	33	12	70	26	971	0	95	4	10	172	5878	121	0	366	479	81	126	105	428	54	5079	0	848	7	13	0	0	12	0	22	107	21	17	0	0	130	0	5	4.40E+14	22561	5966
C:\Data\ITRAX\ARD_Aug 2013_Mo-tube_Reanalysed_USE\ARD1B\XRF data\L000114.spe	228.04	7.68	1	1	0.018306	-0.003173	0.009933	0.093737	13237.03418	1.28	0	0	0	0	8	0	55	15	472	12	42	19	0	88	2751	87	0	208	332	0	0	97	451	0	4857	18	903	0	0	0	0	0	33	20	0	21	68	9	77	0	0	0	3.32E+14	21061	5411
C:\Data\ITRAX\ARD_Aug 2013_Mo-tube_Reanalysed_USE\ARD1B\XRF data\L000115.spe	230.04	7.64	1	1	0.018306	-0.003173	0.009933	0.093737	13962.99805	1.38	0	10	0	10	33	0	53	6	921	0	74	0	16	156	5630	87	0	317	403	17	32	112	457	0	5239	39	850	7	0	0	0	9	0	83	30	38	77	36	70	72	0	12	8.63E+14	21505	5683
C:\Data\ITRAX\ARD_Aug 2013_Mo-tube_Reanalysed_USE\ARD1B\XRF data\L000116.spe	232.04	7.66	1	1	0.018306	-0.003173	0.009933	0.093737	13596.71777	1.33	6	21	5	33	19	12	66	32	916	7	148	0	0	187	7307	89	0	392	449	40	45	34	386	15	4592	0	808	7	0	0	0	16	18	107	50	36	28	0	0	130	0	13	2.83E+14	20419	5190
C:\Data\ITRAX\ARD_Aug 2013_Mo-tube_Reanalysed_USE\ARD1B\XRF data\L000117.spe	234.04	7.66	1	1	0.018306	-0.003173	0.009933	0.093737	13770.00684	1.39	0	0	13	8	16	7	74	21	1282	0	181	8	0	172	9335	51	0	396	471	9	15	67	395	112	4123	0	913	0	0	0	0	21	49	90	41	51	105	50	0	30	53	0	0	19584	5186
C:\Data\ITRAX\ARD_Aug 2013_Mo-tube_Reanalysed_USE\ARD1B\XRF data\L000118.spe	236.04	7.66	1	1	0.018306	-0.003173	0.009933	0.093737	15280.13379	1.42	0	0	10	0	34	0	44	53	1530	0	405	18	11	285	14431	265	0	527	446	0	29	89	399	16	4093	0	863	0	0	0	0	0	22	91	54	0	34	0	0	38	0	0	1.67E+13	20658	5414
C:\Data\ITRAX\ARD_Aug 2013_Mo-tube_Reanalysed_USE\ARD1B\XRF data\L000119.spe	238.04	7.66	1	1	0.018306	-0.003173	0.009933	0.093737	15741.00977	1.33	0	0	0	0	63	0	50	45	1508	11	253	0	21	245	11993	209	9	509	498	0	128	210	426	73	4611	0	850	0	0	0	0	0	0	71	0	24	15	0	16	74	0	0	0	21670	5549
C:\Data\ITRAX\ARD_Aug 2013_Mo-tube_Reanalysed_USE\ARD1B\XRF data\L000120.spe	240.04	7.67	1	1	0.018306	-0.003173	0.009933	0.093737	15319.42969	1.35	15	31	10	0	61	0	68	43	1551	4	151	15	0	244	8162	106	0	558	684	37	29	140	393	49	4440	0	974	6	0	0	0	12	0	82	98	0	23	0	0	43	7	21	7.51E+14	22100	5431
C:\Data\ITRAX\ARD_Aug 2013_Mo-tube_Reanalysed_USE\ARD1B\XRF data\L000121.spe	242.04	7.69	1	1	0.018306	-0.003173	0.009933	0.093737	15422.62402	1.33	0	4	25	20	38	6	77	40	1711	0	148	0	11	292	9822	74	0	485	618	54	71	154	452	13	4958	0	923	7	0	0	0	0	19	58	55	25	0	0	9	5	19	0	0	21673	5754
C:\Data\ITRAX\ARD_Aug 2013_Mo-tube_Reanalysed_USE\ARD1B\XRF data\L000122.spe	244.04	7.68	1	1	0.018306	-0.003173	0.009933	0.093737	15442.52344	1.65	0	0	11	13	52	0	76	51	1823	9	132	21	0	284	8533	102	0	537	647	66	11	84	530	46	5582	0	1095	14	0	6	0	0	0	78	63	17	87	30	14	18	35	9	2.65E+14	22224	5632
C:\Data\ITRAX\ARD_Aug 2013_Mo-tube_Reanalysed_USE\ARD1B\XRF data\L000123.spe	246.04	7.66	1	1	0.018306	-0.003173	0.009933	0.093737	16379.87793	1.35	25	13	29	18	62	4	77	40	2413	0	129	0	19	323	11137	147	0	649	735	25	50	147	503	40	6082	29	877	8	7	15	0	10	0	81	57	55	24	58	82	0	40	12	0	22881	6116
C:\Data\ITRAX\ARD_Aug 2013_Mo-tube_Reanalysed_USE\ARD1B\XRF data\L000124.spe	248.04	7.67	1	1	0.018306	-0.003173	0.009933	0.093737	16553.26758	1.69	0	0	0	11	50	11	58	53	2703	0	201	12	26	370	12475	67	0	714	784	0	0	113	539	0	5734	0	1093	10	0	0	0	33	25	104	91	52	118	11	0	0	37	5	0	22799	5935
C:\Data\ITRAX\ARD_Aug 2013_Mo-tube_Reanalysed_USE\ARD1B\XRF data\L000125.spe	250.04	7.64	1	1	0.018306	-0.003173	0.009933	0.093737	15076.04102	1.49	13	0	0	9	47	0	72	39	2212	7	150	15	14	317	11342	189	17	544	678	0	0	81	459	13	5410	0	823	11	0	0	0	0	14	101	64	47	134	21	21	0	0	0	0	20666	5394
C:\Data\ITRAX\ARD_Aug 2013_Mo-tube_Reanalysed_USE\ARD1B\XRF data\L000126.spe	252.04	7.64	1	1	0.018306	-0.003173	0.009933	0.093737	14531.76855	1.37	22	34	13	18	43	9	75	43	1504	11	123	5	15	275	9107	115	4	479	595	53	0	115	414	40	5090	23	995	5	0	0	0	26	12	92	85	50	114	90	0	0	44	17	1.88E+14	20976	5301
C:\Data\ITRAX\ARD_Aug 2013_Mo-tube_Reanalysed_USE\ARD1B\XRF data\L000127.spe	254.04	7.64	1	1	0.018306	-0.003173	0.009933	0.093737	15376.32715	1.72	0	0	17	28	41	0	82	44	1886	5	126	11	17	259	8541	116	0	522	668	12	74	87	436	52	5536	0	876	10	0	0	0	15	46	106	63	51	42	142	47	0	5	0	0	22419	5677
C:\Data\ITRAX\ARD_Aug 2013_Mo-tube_Reanalysed_USE\ARD1B\XRF data\L000128.spe	256.04	7.65	1	1	0.018306	-0.003173	0.009933	0.093737	14233.48633	1.37	0	5	32	26	45	5	78	19	1560	4	118	17	9	257	7894	88	0	507	532	0	69	34	367	32	5070	0	812	0	0	16	0	38	0	129	70	12	0	0	36	99	51	0	5.82E+14	20393	5347
C:\Data\ITRAX\ARD_Aug 2013_Mo-tube_Reanalysed_USE\ARD1B\XRF data\L000129.spe	258.04	7.66	1	1	0.018306	-0.003173	0.009933	0.093737	15280.53125	1.36	11	28	17	20	40	5	30	18	2071	0	122	0	0	248	9940	130	0	587	635	32	115	120	371	5	5170	41	885	0	0	0	0	12	35	78	77	41	0	0	0	29	19	21	3.33E+14	21672	5695
C:\Data\ITRAX\ARD_Aug 2013_Mo-tube_Reanalysed_USE\ARD1B\XRF data\L000130.spe	260.04	7.63	1	1	0.018306	-0.003173	0.009933	0.093737	15875.50391	2.02	0	0	19	9	59	0	48	39	1604	20	144	28	35	327	11777	43	13	556	727	35	77	122	409	0	4743	0	971	15	5	8	0	63	0	133	8	23	109	76	0	0	86	0	3.78E+14	22507	5642
C:\Data\ITRAX\ARD_Aug 2013_Mo-tube_Reanalysed_USE\ARD1B\XRF data\L000131.spe	262.04	7.64	1	1	0.018306	-0.003173	0.009933	0.093737	16100.88965	1.47	0	0	0	9	31	5	73	39	1763	4	147	0	22	304	9735	117	0	653	695	11	67	146	362	6	4679	0	980	0	0	6	0	35	23	92	34	8	22	54	31	91	17	14	5.27E+14	23664	5816
C:\Data\ITRAX\ARD_Aug 2013_Mo-tube_Reanalysed_USE\ARD1B\XRF data\L000132.spe	264.04	7.66	1	1	0.018306	-0.003173	0.009933	0.093737	16177.08887	1.61	0	0	8	45	51	5	69	52	1959	0	154	5	0	320	14217	121	0	580	640	0	60	77	512	97	5057	0	839	6	0	0	0	0	0	104	128	0	85	0	0	10	90	0	0	22397	5712
C:\Data\ITRAX\ARD_Aug 2013_Mo-tube_Reanalysed_USE\ARD1B\XRF data\L000133.spe	266.04	7.62	1	1	0.018306	-0.003173	0.009933	0.093737	16798.75781	1.47	19	21	13	31	52	17	66	46	2488	0	137	18	26	361	16861	181	0	628	656	53	6	153	522	0	5118	0	844	5	0	16	0	24	0	124	65	39	88	128	28	0	46	0	6.27E+14	22050	5683
C:\Data\ITRAX\ARD_Aug 2013_Mo-tube_Reanalysed_USE\ARD1B\XRF data\L000134.spe	268.04	7.63	1	1	0.018306	-0.003173	0.009933	0.093737	16939.04883	1.45	0	13	12	11	33	0	61	46	2237	9	140	17	20	367	15772	148	0	694	664	24	158	164	546	36	5578	0	872	0	0	0	0	5	0	28	76	29	0	28	36	0	41	9	2.92E+14	22860	5942
C:\Data\ITRAX\ARD_Aug 2013_Mo-tube_Reanalysed_USE\ARD1B\XRF data\L000135.spe	270.04	7.62	1	1	0.018306	-0.003173	0.009933	0.093737	17322.22852	1.57	0	0	0	20	30	0	57	44	2370	0	176	0	0	365	14831	146	0	697	709	0	0	52	472	25	5378	0	915	0	0	14	0	28	0	82	28	19	106	13	0	0	47	0	0	23817	5795
C:\Data\ITRAX\ARD_Aug 2013_Mo-tube_Reanalysed_USE\ARD1B\XRF data\L000136.spe	272.04	7.62	1	1	0.018306	-0.003173	0.009933	0.093737	17092.34375	1.47	0	0	0	32	32	0	47	70	2415	0	173	0	13	365	14595	201	0	713	754	0	0	126	539	77	5551	0	976	10	0	0	21	19	75	61	121	92	127	170	118	0	35	8	0	23364	6102
C:\Data\ITRAX\ARD_Aug 2013_Mo-tube_Reanalysed_USE\ARD1B\XRF data\L000137.spe	274.04	7.62	1	1	0.018306	-0.003173	0.009933	0.093737	17456.52344	1.45	0	15	20	18	51	8	71	49	2133	0	173	29	0	342	16604	141	0	752	791	0	0	190	667	82	5795	126	1010	0	0	0	0	0	35	118	132	66	253	91	99	0	65	25	3.30E+14	23786	5881
C:\Data\ITRAX\ARD_Aug 2013_Mo-tube_Reanalysed_USE\ARD1B\XRF data\L000138.spe	276.04	7.59	1	1	0.018306	-0.003173	0.009933	0.093737	17645.28125	1.46	0	0	0	15	59	0	59	57	2963	0	231	7	27	473	19862	189	0	722	879	0	81	179	561	29	5876	0	881	19	0	0	0	8	0	104	77	0	78	95	0	48	60	11	0	22460	5804
C:\Data\ITRAX\ARD_Aug 2013_Mo-tube_Reanalysed_USE\ARD1B\XRF data\L000139.spe	278.04	7.58	1	1	0.018306	-0.003173	0.009933	0.093737	16477.17383	1.45	7	30	10	12	41	17	68	73	2734	0	218	0	20	406	16197	162	0	705	792	27	128	155	590	0	5450	0	859	8	0	0	0	23	0	99	90	72	0	0	0	71	38	5	4.92E+14	21372	5465
C:\Data\ITRAX\ARD_Aug 2013_Mo-tube_Reanalysed_USE\ARD1B\XRF data\L000140.spe	280.04	7.58	1	1	0.018306	-0.003173	0.009933	0.093737	15680.01172	1.5	0	0	22	29	37	5	68	67	2524	6	264	44	7	396	17083	218	0	682	824	24	56	157	593	20	4969	0	853	4	0	0	0	0	0	101	96	10	85	0	0	15	0	0	1.57E+14	19686	5135
C:\Data\ITRAX\ARD_Aug 2013_Mo-tube_Reanalysed_USE\ARD1B\XRF data\L000141.spe	282.04	7.54	1	1	0.018306	-0.003173	0.009933	0.093737	15522.9209	1.36	0	22	16	8	40	0	45	65	2688	4	254	15	9	463	17013	156	0	725	812	20	0	148	557	0	5280	0	786	20	0	0	0	12	0	72	55	34	102	123	67	0	87	11	2.85E+14	19513	5431
C:\Data\ITRAX\ARD_Aug 2013_Mo-tube_Reanalysed_USE\ARD1B\XRF data\L000142.spe	284.04	7.52	1	1	0.018306	-0.003173	0.009933	0.093737	15879.90332	1.39	6	12	40	9	37	0	55	78	2548	0	299	0	13	421	17077	253	0	694	922	0	0	111	412	121	5350	0	897	0	0	0	0	25	47	63	60	70	184	41	23	0	52	5	0	20946	5440
C:\Data\ITRAX\ARD_Aug 2013_Mo-tube_Reanalysed_USE\ARD1B\XRF data\L000143.spe	286.04	7.52	1	1	0.018306	-0.003173	0.009933	0.093737	16729.56055	1.51	11	0	19	17	79	0	40	55	2379	0	299	0	8	384	16941	296	0	647	807	33	16	214	417	152	5516	0	920	0	0	0	0	0	0	0	36	0	49	101	78	10	0	19	0	21685	5789
C:\Data\ITRAX\ARD_Aug 2013_Mo-tube_Reanalysed_USE\ARD1B\XRF data\L000144.spe	288.04	7.53	1	1	0.018306	-0.003173	0.009933	0.093737	15600.81543	1.41	0	0	8	16	50	0	75	85	2253	0	260	18	15	425	17739	200	0	562	687	0	160	90	447	8	4809	0	852	0	0	0	37	9	32	78	42	49	0	0	62	0	101	11	5.01E+14	20182	5373
C:\Data\ITRAX\ARD_Aug 2013_Mo-tube_Reanalysed_USE\ARD1B\XRF data\L000145.spe	290.04	7.53	1	1	0.018306	-0.003173	0.009933	0.093737	15731.91016	1.55	0	14	23	24	43	0	50	37	2225	0	168	18	5	374	13696	178	0	548	699	10	180	71	547	0	4762	0	687	8	0	8	0	0	19	102	64	0	0	82	0	0	36	0	0	21284	5693
C:\Data\ITRAX\ARD_Aug 2013_Mo-tube_Reanalysed_USE\ARD1B\XRF data\L000146.spe	292.04	7.54	1	1	0.018306	-0.003173	0.009933	0.093737	16178.9873	1.64	0	0	16	15	42	0	62	52	2223	21	206	13	16	369	13253	142	0	627	786	50	50	66	481	0	4844	0	835	4	6	0	0	0	0	65	78	56	29	0	22	0	65	0	0	22036	5647
C:\Data\ITRAX\ARD_Aug 2013_Mo-tube_Reanalysed_USE\ARD1B\XRF data\L000147.spe	294.04	7.54	1	1	0.018306	-0.003173	0.009933	0.093737	16885.15234	1.42	0	0	12	23	48	0	43	37	2472	0	266	0	14	408	15968	158	0	736	869	33	94	229	412	96	5120	0	954	0	0	0	0	0	59	110	111	166	53	124	0	0	51	0	2.27E+14	22527	5663
C:\Data\ITRAX\ARD_Aug 2013_Mo-tube_Reanalysed_USE\ARD1B\XRF data\L000148.spe	296.04	7.54	1	1	0.018306	-0.003173	0.009933	0.093737	16490.67383	1.44	0	0	17	6	40	7	65	62	2365	12	218	5	12	441	13850	126	0	744	897	0	192	88	357	79	4811	0	886	11	0	0	0	0	13	27	86	15	0	0	0	21	90	0	5.68E+14	22608	5347
C:\Data\ITRAX\ARD_Aug 2013_Mo-tube_Reanalysed_USE\ARD1B\XRF data\L000149.spe	298.04	7.54	1	1	0.018306	-0.003173	0.009933	0.093737	17096.44141	1.51	7	8	0	36	49	4	37	37	2456	0	224	0	0	419	17335	145	0	728	832	93	0	134	549	120	5249	27	834	0	0	0	0	0	0	86	103	15	109	0	104	96	91	20	0	22782	5879
C:\Data\ITRAX\ARD_Aug 2013_Mo-tube_Reanalysed_USE\ARD1B\XRF data\L000150.spe	300.04	7.54	1	1	0.018306	-0.003173	0.009933	0.093737	17769.60742	1.54	0	16	17	17	45	11	45	49	2667	0	215	16	11	485	17392	164	18	691	831	38	0	265	584	112	6035	43	999	8	0	11	0	0	0	76	115	77	169	76	75	50	83	0	0	23657	6307
C:\Data\ITRAX\ARD_Aug 2013_Mo-tube_Reanalysed_USE\ARD1B\XRF data\L000151.spe	302.04	7.57	1	1	0.018306	-0.003173	0.009933	0.093737	17956.69922	1.61	0	0	5	28	44	8	28	64	2713	0	196	8	8	479	16571	235	0	639	955	0	0	219	507	129	6109	0	760	9	0	6	0	12	100	69	75	94	81	21	78	0	8	19	0	23993	6118
C:\Data\ITRAX\ARD_Aug 2013_Mo-tube_Reanalysed_USE\ARD1B\XRF data\L000152.spe	304.04	7.53	1	1	0.018306	-0.003173	0.009933	0.093737	17692.00977	1.32	0	0	15	11	50	12	8	46	2388	16	236	0	28	450	15112	229	0	620	843	0	0	66	654	16	5966	4	1056	14	0	0	0	0	101	108	93	40	123	125	37	0	36	8	0	24540	6166
C:\Data\ITRAX\ARD_Aug 2013_Mo-tube_Reanalysed_USE\ARD1B\XRF data\L000153.spe	306.04	7.5	1	1	0.018306	-0.003173	0.009933	0.093737	17862.80469	1.52	0	0	15	39	55	0	25	74	2421	0	305	0	26	414	17548	190	0	676	880	0	131	127	569	97	5927	0	980	0	0	0	0	9	72	70	100	42	0	4	0	143	28	0	0	23271	5881
C:\Data\ITRAX\ARD_Aug 2013_Mo-tube_Reanalysed_USE\ARD1B\XRF data\L000154.spe	308.04	7.52	1	1	0.018306	-0.003173	0.009933	0.093737	18600.36719	1.55	0	0	13	35	33	0	0	53	2840	0	346	9	0	485	19715	220	0	880	1006	52	0	195	561	139	5961	0	978	0	0	0	0	0	0	52	140	56	229	0	19	6	88	0	0	24154	6249
C:\Data\ITRAX\ARD_Aug 2013_Mo-tube_Reanalysed_USE\ARD1B\XRF data\L000155.spe	310.04	7.52	1	1	0.018306	-0.003173	0.009933	0.093737	17859.30078	1.44	0	0	0	14	64	18	32	66	2609	0	262	4	24	481	17606	203	0	741	828	18	79	172	530	113	5654	0	1061	13	0	0	12	0	0	67	77	121	34	0	63	73	0	7	0	23492	6193
C:\Data\ITRAX\ARD_Aug 2013_Mo-tube_Reanalysed_USE\ARD1B\XRF data\L000156.spe	312.04	7.51	1	1	0.018306	-0.003173	0.009933	0.093737	16950.04688	1.42	24	37	16	29	64	0	36	61	2632	0	309	0	8	448	18617	192	0	751	1002	0	134	151	515	120	5558	0	941	0	0	0	46	15	91	64	82	76	20	27	0	0	86	0	1.09E+15	21504	5599
C:\Data\ITRAX\ARD_Aug 2013_Mo-tube_Reanalysed_USE\ARD1B\XRF data\L000157.spe	314.04	7.56	1	1	0.018306	-0.003173	0.009933	0.093737	15358.62793	1.39	0	0	5	0	53	7	51	74	1922	0	222	12	32	339	14775	226	0	586	691	0	104	105	472	0	5006	0	934	9	0	0	0	5	40	58	76	54	0	0	24	93	13	0	0	20048	5268
C:\Data\ITRAX\ARD_Aug 2013_Mo-tube_Reanalysed_USE\ARD1B\XRF data\L000158.spe	316.04	7.59	1	1	0.018306	-0.003173	0.009933	0.093737	15653.91406	1.35	24	34	23	29	53	0	45	57	2523	0	223	7	0	403	16593	223	0	722	707	64	120	146	456	33	4885	0	739	0	0	0	0	9	12	108	79	85	6	93	38	0	8	0	1.10E+15	20334	5248
C:\Data\ITRAX\ARD_Aug 2013_Mo-tube_Reanalysed_USE\ARD1B\XRF data\L000159.spe	318.04	7.6	1	1	0.018306	-0.003173	0.009933	0.093737	15048.64453	1.47	7	7	0	9	35	0	36	70	2540	0	315	0	7	385	14481	122	0	640	698	128	79	73	350	66	4797	0	725	0	0	0	0	30	0	49	35	46	12	35	0	0	76	14	3.88E+14	19598	4968
C:\Data\ITRAX\ARD_Aug 2013_Mo-tube_Reanalysed_USE\ARD1B\XRF data\L000160.spe	320.04	7.62	1	1	0.018306	-0.003173	0.009933	0.093737	14619.66406	1.55	8	18	22	33	46	7	46	71	2536	6	236	20	18	446	16132	62	4	529	626	60	0	118	422	62	4410	0	679	8	0	0	0	20	33	49	61	35	83	35	0	0	132	13	0	18965	4693
C:\Data\ITRAX\ARD_Aug 2013_Mo-tube_Reanalysed_USE\ARD1B\XRF data\L000161.spe	322.04	7.7	1	1	0.018306	-0.003173	0.009933	0.093737	13668.91211	1.38	9	6	17	0	45	0	44	42	2076	0	211	0	0	346	12403	217	0	531	613	57	0	56	258	63	4332	0	724	0	0	0	0	21	0	105	19	41	52	0	0	0	0	0	5.53E+14	18361	4977
C:\Data\ITRAX\ARD_Aug 2013_Mo-tube_Reanalysed_USE\ARD1B\XRF data\L000162.spe	324.04	7.72	1	1	0.018306	-0.003173	0.009933	0.093737	14138.29004	1.37	15	13	14	0	41	0	59	36	2060	0	298	17	0	320	16205	158	0	368	461	51	0	77	326	6	4618	0	852	0	0	0	17	23	0	49	50	112	105	0	0	62	39	18	0	18031	5138
C:\Data\ITRAX\ARD_Aug 2013_Mo-tube_Reanalysed_USE\ARD1B\XRF data\L000163.spe	326.04	7.74	1	1	0.018306	-0.003173	0.009933	0.093737	13194.83789	1.35	0	0	0	8	44	0	63	26	1565	15	170	5	0	264	10220	97	0	475	461	0	0	5	398	0	4420	0	744	0	0	0	0	18	25	77	53	24	174	46	96	0	45	0	7.49E+14	18690	4756
C:\Data\ITRAX\ARD_Aug 2013_Mo-tube_Reanalysed_USE\ARD1B\XRF data\L000164.spe	328.04	7.75	1	1	0.018306	-0.003173	0.009933	0.093737	11367.73047	1.21	21	9	21	7	32	0	67	23	1211	0	162	14	0	189	8239	99	0	314	460	13	20	95	241	0	3671	0	691	0	0	0	0	0	0	42	20	83	36	0	52	74	0	11	0	15840	4248
C:\Data\ITRAX\ARD_Aug 2013_Mo-tube_Reanalysed_USE\ARD1B\XRF data\L000165.spe	330.04	7.75	1	1	0.018306	-0.003173	0.009933	0.093737	14810.15625	1.46	22	0	18	32	53	7	55	69	2266	7	259	0	12	275	17188	188	0	500	573	0	56	125	411	24	4977	0	824	7	0	6	0	0	42	113	125	42	81	18	27	120	23	0	4.99E+14	18710	5293
C:\Data\ITRAX\ARD_Aug 2013_Mo-tube_Reanalysed_USE\ARD1B\XRF data\L000166.spe	332.04	7.75	1	1	0.018306	-0.003173	0.009933	0.093737	16788.25781	1.43	10	6	20	22	73	6	34	91	3020	0	394	10	12	446	24371	214	0	614	650	40	130	94	264	72	5305	0	818	0	0	0	0	0	47	77	62	86	8	0	23	80	87	16	8.44E+14	20133	5574
C:\Data\ITRAX\ARD_Aug 2013_Mo-tube_Reanalysed_USE\ARD1B\XRF data\L000167.spe	334.04	7.75	1	1	0.018306	-0.003173	0.009933	0.093737	15666.21484	1.48	14	15	13	13	49	14	51	60	2769	24	273	20	19	373	17610	116	0	500	755	0	18	139	296	99	5442	0	815	6	0	0	0	0	24	63	62	37	28	70	0	0	109	0	6.17E+14	19759	5394
C:\Data\ITRAX\ARD_Aug 2013_Mo-tube_Reanalysed_USE\ARD1B\XRF data\L000168.spe	336.04	7.77	1	1	0.018306	-0.003173	0.009933	0.093737	14682.56445	1.24	0	26	5	26	39	0	56	58	2496	0	271	11	0	373	13609	135	0	468	732	0	0	105	320	0	4905	8	777	4	0	0	0	0	40	51	47	0	31	62	29	43	76	0	1.49E+14	19632	5287
C:\Data\ITRAX\ARD_Aug 2013_Mo-tube_Reanalysed_USE\ARD1B\XRF data\L000169.spe	338.04	7.78	1	1	0.018306	-0.003173	0.009933	0.093737	15639.31641	1.55	0	0	13	9	47	9	42	83	2711	0	360	0	20	361	16765	213	0	584	676	76	14	78	271	43	5189	0	686	0	0	0	0	0	11	146	86	40	65	48	0	0	0	19	0	19976	5454
C:\Data\ITRAX\ARD_Aug 2013_Mo-tube_Reanalysed_USE\ARD1B\XRF data\L000170.spe	340.04	7.73	1	1	0.018306	-0.003173	0.009933	0.093737	16423.57422	1.52	16	19	13	14	41	17	32	98	3164	0	417	0	14	410	19289	220	0	674	928	26	230	135	423	23	5414	0	749	0	0	13	0	42	39	78	70	16	0	0	0	74	38	0	0	20149	5586
C:\Data\ITRAX\ARD_Aug 2013_Mo-tube_Reanalysed_USE\ARD1B\XRF data\L000171.spe	342.04	7.7	1	1	0.018306	-0.003173	0.009933	0.093737	16491.07227	1.34	0	0	28	33	31	0	40	107	3393	6	467	17	6	422	21074	310	0	606	824	81	16	125	359	36	5115	26	1007	0	0	18	0	19	12	87	128	83	134	12	88	45	61	0	0	20166	5717
C:\Data\ITRAX\ARD_Aug 2013_Mo-tube_Reanalysed_USE\ARD1B\XRF data\L000172.spe	344.04	7.7	1	1	0.018306	-0.003173	0.009933	0.093737	16058.79395	1.31	17	13	18	16	13	0	36	55	2805	32	434	38	26	414	18762	270	0	576	905	47	55	47	350	0	4944	24	787	4	0	0	0	0	36	57	102	57	88	138	98	0	40	23	0	20589	5659
C:\Data\ITRAX\ARD_Aug 2013_Mo-tube_Reanalysed_USE\ARD1B\XRF data\L000173.spe	346.04	7.72	1	1	0.018306	-0.003173	0.009933	0.093737	15519.01953	1.32	8	0	27	0	47	8	53	84	2543	5	520	36	20	370	17969	192	0	446	844	34	0	66	229	96	4849	35	872	13	0	0	0	8	19	88	92	65	163	20	11	0	37	9	0	19191	5520
C:\Data\ITRAX\ARD_Aug 2013_Mo-tube_Reanalysed_USE\ARD1B\XRF data\L000174.spe	348.04	7.72	1	1	0.018306	-0.003173	0.009933	0.093737	15616.71387	1.45	21	0	0	17	31	0	31	59	2934	0	387	31	28	416	17263	239	10	594	876	0	0	91	242	42	4616	56	776	0	0	0	4	9	45	103	114	88	78	94	0	0	23	0	0	19609	5386
C:\Data\ITRAX\ARD_Aug 2013_Mo-tube_Reanalysed_USE\ARD1B\XRF data\L000175.spe	350.04	7.73	1	1	0.018306	-0.003173	0.009933	0.093737	16793.85547	1.43	12	0	53	22	43	9	34	102	3174	0	534	64	8	474	19279	156	0	591	983	0	81	85	277	187	5016	90	919	5	0	0	0	18	53	46	100	42	11	0	0	96	99	0	0	20813	5679
C:\Data\ITRAX\ARD_Aug 2013_Mo-tube_Reanalysed_USE\ARD1B\XRF data\L000176.spe	352.04	7.73	1	1	0.018306	-0.003173	0.009933	0.093737	17091.83984	1.45	0	14	51	0	48	0	35	106	2839	0	545	0	12	499	21474	142	0	599	791	15	81	173	221	55	4746	0	880	0	0	5	0	18	21	84	36	76	21	109	41	0	82	6	5.63E+14	21325	5707
C:\Data\ITRAX\ARD_Aug 2013_Mo-tube_Reanalysed_USE\ARD1B\XRF data\L000177.spe	354.04	7.73	1	1	0.018306	-0.003173	0.009933	0.093737	15570.01855	1.64	6	17	38	24	48	15	65	56	1971	21	370	37	16	382	14802	133	0	441	585	0	68	142	255	0	3671	0	925	17	0	0	8	0	64	66	80	41	11	0	0	33	111	11	0	21153	5811
C:\Data\ITRAX\ARD_Aug 2013_Mo-tube_Reanalysed_USE\ARD1B\XRF data\L000178.spe	356.04	7.74	1	1	0.018306	-0.003173	0.009933	0.093737	16301.58008	1.65	0	0	4	0	48	0	52	43	1366	11	350	18	15	275	14894	191	0	394	458	0	0	183	331	64	3320	69	883	0	0	10	0	38	44	94	73	10	101	0	18	0	0	4	0	22625	5974
C:\Data\ITRAX\ARD_Aug 2013_Mo-tube_Reanalysed_USE\ARD1B\XRF data\L000179.spe	358.04	7.76	1	1	0.018306	-0.003173	0.009933	0.093737	15718.61035	1.54	0	0	13	0	39	0	75	53	1538	0	390	13	7	289	15570	223	0	585	501	0	46	106	342	112	3074	0	909	0	0	0	0	4	31	97	61	59	58	61	0	40	9	12	8.48E+13	20972	5340
C:\Data\ITRAX\ARD_Aug 2013_Mo-tube_Reanalysed_USE\ARD1B\XRF data\L000180.spe	360.04	7.77	1	1	0.018306	-0.003173	0.009933	0.093737	12484.97266	1.25	19	13	39	18	38	13	64	17	951	0	217	11	13	197	11021	92	0	335	354	0	48	25	187	0	2786	0	869	0	0	0	0	28	38	94	23	30	13	0	0	92	57	15	0	17123	4958
C:\Data\ITRAX\ARD_Aug 2013_Mo-tube_Reanalysed_USE\ARD1B\XRF data\L000181.spe	362.04	7.78	1	1	0.018306	-0.003173	0.009933	0.093737	14367.07813	1.32	29	18	31	18	50	0	66	93	2597	0	553	24	24	403	19675	220	0	334	592	13	0	110	308	4	3880	129	851	6	0	0	0	0	20	50	101	34	104	16	0	63	75	17	1.95E+14	16884	4996
C:\Data\ITRAX\ARD_Aug 2013_Mo-tube_Reanalysed_USE\ARD1B\XRF data\L000182.spe	364.04	7.78	1	1	0.018306	-0.003173	0.009933	0.093737	15330.53027	1.37	19	0	24	0	70	8	61	77	2730	6	534	26	20	430	19877	278	0	529	595	41	132	189	340	103	4582	0	846	10	0	0	0	0	0	103	100	0	10	0	114	104	0	18	6.86E+13	18184	5403
C:\Data\ITRAX\ARD_Aug 2013_Mo-tube_Reanalysed_USE\ARD1B\XRF data\L000183.spe	366.04	7.78	1	1	0.018306	-0.003173	0.009933	0.093737	15148.13867	1.4	26	15	28	31	46	18	75	44	2586	0	454	51	13	365	17300	145	5	456	490	0	0	73	239	0	4187	0	744	9	8	0	7	36	46	41	104	50	88	30	10	0	122	9	1.54E+15	19456	5329
C:\Data\ITRAX\ARD_Aug 2013_Mo-tube_Reanalysed_USE\ARD1B\XRF data\L000184.spe	368.04	7.79	1	1	0.018306	-0.003173	0.009933	0.093737	16027.49512	1.39	30	12	50	23	46	12	46	87	3120	0	564	36	10	443	21576	214	0	477	619	0	61	118	414	21	4985	0	1075	12	0	8	0	28	54	99	129	9	35	16	27	18	109	9	0	19294	5590
C:\Data\ITRAX\ARD_Aug 2013_Mo-tube_Reanalysed_USE\ARD1B\XRF data\L000185.spe	370.04	7.8	1	1	0.018306	-0.003173	0.009933	0.093737	13633.61719	1.32	16	22	16	15	44	4	51	33	1741	0	333	32	0	277	11504	167	0	316	388	0	80	102	233	108	4737	0	915	0	0	0	0	22	33	81	55	47	0	0	0	7	5	17	0	18501	5250
C:\Data\ITRAX\ARD_Aug 2013_Mo-tube_Reanalysed_USE\ARD1B\XRF data\L000186.spe	372.04	7.81	1	1	0.018306	-0.003173	0.009933	0.093737	14503.1709	1.28	0	0	28	29	52	7	59	58	2570	0	451	6	7	375	17220	198	9	364	510	0	100	181	359	63	4691	45	826	6	0	5	0	33	71	58	55	36	0	29	58	42	83	0	0	17937	5111
C:\Data\ITRAX\ARD_Aug 2013_Mo-tube_Reanalysed_USE\ARD1B\XRF data\L000187.spe	374.04	7.81	1	1	0.018306	-0.003173	0.009933	0.093737	14474.77246	1.45	0	0	25	35	51	0	25	57	2775	30	490	17	29	442	19773	183	0	399	490	0	0	155	427	24	4246	13	773	20	0	15	0	0	79	70	68	0	156	0	0	0	48	0	0	17058	4993
C:\Data\ITRAX\ARD_Aug 2013_Mo-tube_Reanalysed_USE\ARD1B\XRF data\L000188.spe	376.04	7.81	1	1	0.018306	-0.003173	0.009933	0.093737	15274.73145	1.55	0	0	14	12	54	0	41	77	3292	17	625	6	16	476	23638	168	0	348	513	11	144	149	346	17	4380	0	831	0	0	0	0	0	47	66	99	93	0	0	0	147	126	0	0	17693	5178
C:\Data\ITRAX\ARD_Aug 2013_Mo-tube_Reanalysed_USE\ARD1B\XRF data\L000189.spe	378.04	7.81	1	1	0.018306	-0.003173	0.009933	0.093737	15399.42578	1.52	18	10	35	29	59	0	40	82	3318	0	648	57	0	500	23704	171	0	452	529	14	0	49	367	109	4315	97	1003	0	0	0	0	0	29	74	106	54	139	20	32	41	120	13	0	17563	5201
C:\Data\ITRAX\ARD_Aug 2013_Mo-tube_Reanalysed_USE\ARD1B\XRF data\L000190.spe	380.04	7.81	1	1	0.018306	-0.003173	0.009933	0.093737	15225.43555	1.73	0	0	20	28	68	15	76	117	2516	0	537	46	4	391	22922	274	0	377	474	16	102	70	210	91	4027	0	960	0	0	0	0	0	49	73	141	140	0	0	0	97	11	4	3.19E+14	18033	5375
C:\Data\ITRAX\ARD_Aug 2013_Mo-tube_Reanalysed_USE\ARD1B\XRF data\L000191.spe	382.04	7.81	1	1	0.018306	-0.003173	0.009933	0.093737	16706.95898	1.6	0	14	33	28	67	10	49	92	2649	28	549	38	7	411	22457	237	0	465	482	76	69	154	272	20	4523	0	916	5	0	0	0	0	0	87	98	52	69	14	0	50	44	0	0	20245	5677
C:\Data\ITRAX\ARD_Aug 2013_Mo-tube_Reanalysed_USE\ARD1B\XRF data\L000192.spe	384.04	7.81	1	1	0.018306	-0.003173	0.009933	0.093737	16225.28613	1.45	22	22	35	26	41	11	39	69	2778	0	526	46	21	449	22726	170	0	518	635	0	52	206	321	74	4435	0	950	14	0	0	0	59	76	60	56	49	75	0	70	24	146	0	0	19417	5426
C:\Data\ITRAX\ARD_Aug 2013_Mo-tube_Reanalysed_USE\ARD1B\XRF data\L000193.spe	386.04	7.8	1	1	0.018306	-0.003173	0.009933	0.093737	15406.625	1.55	0	0	20	33	51	17	48	72	2940	0	549	44	4	466	23717	258	0	454	493	0	18	161	300	0	3898	16	783	8	0	7	29	5	23	107	56	50	141	84	0	0	58	0	4.31E+14	18405	4927
C:\Data\ITRAX\ARD_Aug 2013_Mo-tube_Reanalysed_USE\ARD1B\XRF data\L000194.spe	388.04	7.76	1	1	0.018306	-0.003173	0.009933	0.093737	13796.10742	1.28	7	18	30	19	30	0	46	69	2423	0	550	0	20	360	21823	234	0	330	399	79	0	130	407	102	3278	29	966	0	0	0	0	5	0	44	102	19	105	94	100	61	71	0	4.96E+14	16081	4898
C:\Data\ITRAX\ARD_Aug 2013_Mo-tube_Reanalysed_USE\ARD1B\XRF data\L000195.spe	390.04	7.77	1	1	0.018306	-0.003173	0.009933	0.093737	14018.69531	1.44	0	6	23	0	22	0	45	59	2703	0	686	7	7	447	24336	191	0	289	309	44	47	136	275	80	3097	37	855	0	0	0	0	6	0	68	51	39	32	23	86	143	108	0	1.10E+15	15323	4937
C:\Data\ITRAX\ARD_Aug 2013_Mo-tube_Reanalysed_USE\ARD1B\XRF data\L000196.spe	392.04	7.77	1	1	0.018306	-0.003173	0.009933	0.093737	14252.58398	1.52	6	0	38	18	22	0	53	101	2542	0	730	21	33	401	26356	134	0	250	239	25	150	80	228	70	3125	111	934	8	0	15	0	0	8	61	83	0	0	26	0	56	191	0	0	15605	5253
C:\Data\ITRAX\ARD_Aug 2013_Mo-tube_Reanalysed_USE\ARD1B\XRF data\L000197.spe	394.04	7.77	1	1	0.018306	-0.003173	0.009933	0.093737	14391.37695	1.5	19	23	33	34	31	12	29	99	2399	6	767	0	15	398	25637	230	0	154	323	0	81	154	218	47	3040	76	984	0	0	0	11	0	12	22	0	10	0	12	0	81	93	11	0	16121	5227
C:\Data\ITRAX\ARD_Aug 2013_Mo-tube_Reanalysed_USE\ARD1B\XRF data\L000198.spe	396.04	7.77	1	1	0.018306	-0.003173	0.009933	0.093737	15179.23633	1.49	0	0	44	0	32	0	39	115	2492	0	767	58	16	443	27828	389	0	251	276	0	0	59	169	55	3292	40	935	0	0	0	4	0	54	94	101	80	0	0	0	126	53	0	7.21E+14	16791	5406
C:\Data\ITRAX\ARD_Aug 2013_Mo-tube_Reanalysed_USE\ARD1B\XRF data\L000199.spe	398.04	7.77	1	1	0.018306	-0.003173	0.009933	0.093737	15704.61035	1.47	18	20	35	27	48	5	41	93	2632	0	743	40	6	464	28255	187	0	213	249	0	0	61	196	25	3580	48	951	11	0	0	0	0	51	50	111	14	107	105	0	128	134	5	1.20E+15	17743	5520
C:\Data\ITRAX\ARD_Aug 2013_Mo-tube_Reanalysed_USE\ARD1B\XRF data\L000200.spe	400.04	7.8	1	1	0.018306	-0.003173	0.009933	0.093737	15205.83594	1.62	0	0	33	24	31	18	59	88	2756	6	629	19	37	487	23546	252	22	363	503	0	0	78	257	25	3361	0	810	15	0	18	0	0	0	64	91	55	125	50	0	0	102	0	4.81E+14	17714	5351
C:\Data\ITRAX\ARD_Aug 2013_Mo-tube_Reanalysed_USE\ARD1B\XRF data\L000201.spe	402.04	7.82	1	1	0.018306	-0.003173	0.009933	0.093737	15020.04492	1.42	8	27	41	26	49	8	69	89	3017	0	694	38	21	477	26663	240	11	340	499	0	183	35	106	0	3295	28	847	9	0	0	0	5	63	92	103	50	0	137	0	101	100	0	8.65E+14	16078	5087
C:\Data\ITRAX\ARD_Aug 2013_Mo-tube_Reanalysed_USE\ARD1B\XRF data\L000202.spe	404.04	7.82	1	1	0.018306	-0.003173	0.009933	0.093737	13323.33008	1.35	0	12	58	10	23	9	63	78	1896	0	730	8	22	349	23643	214	0	135	310	20	78	80	202	9	2838	47	781	0	0	0	26	14	50	74	85	86	14	5	0	41	140	0	1.67E+14	14732	4978
C:\Data\ITRAX\ARD_Aug 2013_Mo-tube_Reanalysed_USE\ARD1B\XRF data\L000203.spe	406.04	7.82	1	1	0.018306	-0.003173	0.009933	0.093737	14899.25098	1.52	19	13	21	12	29	12	35	90	2365	0	709	30	16	442	24227	115	0	298	483	13	13	125	292	57	3513	53	910	0	0	0	14	27	25	68	57	41	100	75	0	0	182	5	6.64E+14	17414	5427
C:\Data\ITRAX\ARD_Aug 2013_Mo-tube_Reanalysed_USE\ARD1B\XRF data\L000204.spe	408.04	7.83	1	1	0.018306	-0.003173	0.009933	0.093737	14315.37988	1.42	21	16	43	0	37	14	39	83	1946	0	491	8	4	335	19832	131	0	364	359	50	0	74	276	0	3635	28	876	0	0	0	0	4	0	13	80	29	74	95	23	0	112	22	1.14E+15	17597	5317
C:\Data\ITRAX\ARD_Aug 2013_Mo-tube_Reanalysed_USE\ARD1B\XRF data\L000205.spe	410.04	7.91	1	1	0.018306	-0.003173	0.009933	0.093737	13266.5332	1.4	0	0	20	11	15	0	60	60	1834	0	455	11	18	318	17378	263	0	282	413	0	94	47	168	0	3329	0	866	0	0	0	0	35	26	84	53	80	0	27	0	45	9	0	0	15977	4924
C:\Data\ITRAX\ARD_Aug 2013_Mo-tube_Reanalysed_USE\ARD1B\XRF data\L000206.spe	412.04	7.95	1	1	0.018306	-0.003173	0.009933	0.093737	12046.99609	1.5	18	32	31	20	47	7	69	69	1399	0	371	18	7	230	16294	193	0	464	355	71	0	56	208	20	2974	90	724	0	4	0	0	29	0	82	19	21	78	0	14	0	0	0	9.90E+14	15046	4540
C:\Data\ITRAX\ARD_Aug 2013_Mo-tube_Reanalysed_USE\ARD1B\XRF data\L000207.spe	414.04	8	1	1	0.018306	-0.003173	0.009933	0.093737	10652.86621	1.33	0	4	13	5	22	0	43	27	923	0	255	9	10	165	10086	139	10	224	239	0	70	65	143	0	2812	78	656	0	0	0	0	4	34	42	27	39	0	6	4	27	29	9	0	14194	4385
C:\Data\ITRAX\ARD_Aug 2013_Mo-tube_Reanalysed_USE\ARD1B\XRF data\L000208.spe	416.04	8	0	1	0.018306	-0.003173	0.009933	0.093737	9758.60938	1.24	6	9	25	19	31	0	77	42	690	4	197	9	14	182	7573	135	0	123	292	75	115	30	141	54	2620	40	773	0	0	0	10	0	0	40	44	33	0	0	0	59	0	0	4.05E+14	13305	4271
C:\Data\ITRAX\ARD_Aug 2013_Mo-tube_Reanalysed_USE\ARD1B\XRF data\L000209.spe	418.04	8	1	1	0.018306	-0.003173	0.009933	0.093737	11640.41406	1.27	0	0	21	0	35	0	60	51	1431	0	429	0	22	252	15637	153	6	157	383	9	0	80	177	33	2742	41	892	15	0	0	33	39	34	36	69	24	129	28	0	0	72	0	0	14348	4412
C:\Data\ITRAX\ARD_Aug 2013_Mo-tube_Reanalysed_USE\ARD1B\XRF data\L000210.spe	420.04	8	1	1	0.018306	-0.003173	0.009933	0.093737	12141.79102	1.37	22	13	44	7	42	5	77	78	1756	0	523	16	12	344	18902	127	0	231	449	11	0	25	214	0	2672	38	783	10	5	0	22	33	21	88	48	23	91	0	21	5	114	0	0	14117	4301
C:\Data\ITRAX\ARD_Aug 2013_Mo-tube_Reanalysed_USE\ARD1B\XRF data\L000211.spe	422.04	8	1	1	0.018306	-0.003173	0.009933	0.093737	12663.46289	1.49	45	33	47	37	34	13	51	67	1373	0	389	8	8	206	17158	104	0	201	352	0	32	151	148	84	3044	50	804	0	0	9	7	7	76	31	96	55	25	104	0	80	112	0	2.07E+15	15881	4705
C:\Data\ITRAX\ARD_Aug 2013_Mo-tube_Reanalysed_USE\ARD1B\XRF data\L000212.spe	424.04	8	1	1	0.018306	-0.003173	0.009933	0.093737	13436.52539	1.45	0	8	16	0	31	0	38	77	1911	0	588	8	22	322	22653	230	0	347	346	0	19	122	375	0	3112	0	685	0	0	0	0	41	66	99	92	5	82	17	0	17	31	0	3.54E+14	15352	4626
C:\Data\ITRAX\ARD_Aug 2013_Mo-tube_Reanalysed_USE\ARD1B\XRF data\L000213.spe	426.04	8	1	1	0.018306	-0.003173	0.009933	0.093737	14025.49609	1.65	0	0	0	0	14	7	28	72	1791	0	549	24	22	339	21207	195	0	259	271	6	142	112	224	68	3616	77	899	16	0	0	0	20	0	36	30	44	0	0	0	9	117	0	3.90E+14	17274	5322
C:\Data\ITRAX\ARD_Aug 2013_Mo-tube_Reanalysed_USE\ARD1B\XRF data\L000214.spe	428.04	8	1	1	0.018306	-0.003173	0.009933	0.093737	16478.57227	1.51	45	15	58	28	32	0	25	89	2399	0	730	48	16	401	27646	321	0	324	298	0	0	121	305	21	4225	30	999	0	0	0	0	7	27	72	130	32	115	0	74	57	38	0	0	19260	5694
C:\Data\ITRAX\ARD_Aug 2013_Mo-tube_Reanalysed_USE\ARD1B\XRF data\L000215.spe	430.04	8	1	1	0.018306	-0.003173	0.009933	0.093737	15993.69531	1.36	10	0	14	10	24	0	23	92	2340	0	701	19	18	455	27084	260	0	366	351	0	0	148	271	171	4277	69	908	8	0	8	11	8	88	76	36	35	6	0	0	119	126	0	0	18069	5559
C:\Data\ITRAX\ARD_Aug 2013_Mo-tube_Reanalysed_USE\ARD1B\XRF data\L000216.spe	432.04	8	1	1	0.018306	-0.003173	0.009933	0.093737	14450.0752	1.42	0	0	28	5	31	0	71	61	1971	12	581	42	11	322	21037	230	0	358	324	47	102	144	205	45	3997	0	954	10	0	0	0	0	49	81	71	109	33	11	0	24	60	16	4.95E+14	17173	5245
C:\Data\ITRAX\ARD_Aug 2013_Mo-tube_Reanalysed_USE\ARD1B\XRF data\L000217.spe	434.04	8	1	1	0.018306	-0.003173	0.009933	0.093737	15143.33984	1.38	30	26	40	16	29	0	47	93	2274	0	470	0	13	310	22178	143	0	387	314	29	0	135	404	7	4585	61	997	0	0	6	0	32	20	101	49	80	110	0	0	31	166	0	9.59E+14	18187	5793
C:\Data\ITRAX\ARD_Aug 2013_Mo-tube_Reanalysed_USE\ARD1B\XRF data\L000218.spe	436.04	8	1	1	0.018306	-0.003173	0.009933	0.093737	15627.41504	1.5	0	0	34	13	14	0	43	88	2643	0	562	50	13	406	23489	194	0	389	409	27	79	0	281	97	4753	16	984	0	0	0	0	5	0	109	89	33	0	14	0	107	112	0	5.27E+14	18820	5773
C:\Data\ITRAX\ARD_Aug 2013_Mo-tube_Reanalysed_USE\ARD1B\XRF data\L000219.spe	438.04	8	1	1	0.018306	-0.003173	0.009933	0.093737	14219.68359	1.36	0	5	19	10	18	0	39	55	2336	0	556	0	6	361	19880	185	0	313	327	63	25	160	307	117	4296	96	1072	0	0	0	4	11	0	37	89	12	65	9	0	25	88	7	1.36E+14	17475	5327
C:\Data\ITRAX\ARD_Aug 2013_Mo-tube_Reanalysed_USE\ARD1B\XRF data\L000220.spe	440.04	8	1	1	0.018306	-0.003173	0.009933	0.093737	14263.58594	1.45	13	16	32	0	42	0	41	76	2246	0	556	0	26	339	19983	251	0	311	417	39	0	113	194	80	4329	22	909	6	0	0	0	0	0	28	36	65	107	72	67	0	0	10	6.42E+14	17470	5483
C:\Data\ITRAX\ARD_Aug 2013_Mo-tube_Reanalysed_USE\ARD1B\XRF data\L000221.spe	442.04	8	1	1	0.018306	-0.003173	0.009933	0.093737	12911.65039	1.65	8	5	20	0	51	0	74	72	1864	0	495	5	0	339	17942	156	0	201	342	37	41	44	140	65	4050	0	691	6	4	0	0	0	0	42	64	13	11	0	5	80	46	0	7.25E+13	15590	5109
C:\Data\ITRAX\ARD_Aug 2013_Mo-tube_Reanalysed_USE\ARD1B\XRF data\L000222.spe	444.04	8	1	1	0.018306	-0.003173	0.009933	0.093737	13196.33789	1.37	18	0	51	23	18	0	45	79	1986	0	449	21	11	334	17066	92	0	200	295	33	80	121	135	0	3964	5	852	0	0	0	0	29	0	0	14	0	0	54	0	24	113	0	3.67E+14	16630	5228
C:\Data\ITRAX\ARD_Aug 2013_Mo-tube_Reanalysed_USE\ARD1B\XRF data\L000223.spe	446.04	8	1	1	0.018306	-0.003173	0.009933	0.093737	13903	1.37	16	13	43	7	41	0	73	66	2404	0	557	0	13	394	19783	151	0	334	355	26	0	91	219	89	3963	0	767	0	0	0	0	0	0	37	55	34	140	55	82	0	55	4	0	16764	5250
C:\Data\ITRAX\ARD_Aug 2013_Mo-tube_Reanalysed_USE\ARD1B\XRF data\L000224.spe	448.04	8	1	1	0.018306	-0.003173	0.009933	0.093737	12404.97656	1.39	7	27	19	17	27	0	45	45	1508	9	432	27	10	234	15681	188	9	189	272	0	0	82	56	15	3471	116	970	0	0	0	9	35	58	41	24	67	112	31	41	44	75	0	1.44E+15	15697	4923
C:\Data\ITRAX\ARD_Aug 2013_Mo-tube_Reanalysed_USE\ARD1B\XRF data\L000225.spe	450.04	8	1	1	0.018306	-0.003173	0.009933	0.093737	13248.93457	1.5	6	0	28	16	35	0	69	98	2253	5	523	36	8	377	19428	245	0	338	341	109	0	22	212	47	3617	0	866	14	5	0	0	31	0	62	31	25	28	0	0	64	42	0	0	15865	4918
C:\Data\ITRAX\ARD_Aug 2013_Mo-tube_Reanalysed_USE\ARD1B\XRF data\L000226.spe	452.04	8	1	1	0.018306	-0.003173	0.009933	0.093737	12056.39258	1.46	0	0	29	35	11	7	67	55	1879	0	405	34	17	301	15720	174	0	259	348	0	0	24	290	32	3391	0	783	0	0	6	0	44	7	45	26	21	56	104	69	50	23	0	0	14914	4739
C:\Data\ITRAX\ARD_Aug 2013_Mo-tube_Reanalysed_USE\ARD1B\XRF data\L000227.spe	454.04	8	1	1	0.018306	-0.003173	0.009933	0.093737	12198.78809	1.41	0	0	25	0	22	8	54	85	1945	0	403	5	0	313	14591	127	0	239	321	0	14	10	188	0	3448	98	776	0	0	21	19	0	14	31	75	18	0	41	4	20	67	0	0	14988	4811
C:\Data\ITRAX\ARD_Aug 2013_Mo-tube_Reanalysed_USE\ARD1B\XRF data\L000228.spe	456.04	8	1	1	0.018306	-0.003173	0.009933	0.093737	12228.88477	1.54	0	0	17	0	44	11	62	52	1753	0	422	20	19	258	14725	199	0	214	291	10	101	93	225	88	3194	19	891	9	6	0	0	0	54	59	64	16	0	18	0	57	29	0	0	15407	4926
C:\Data\ITRAX\ARD_Aug 2013_Mo-tube_Reanalysed_USE\ARD1B\XRF data\L000229.spe	458.04	7.99	1	1	0.018306	-0.003173	0.009933	0.093737	12721.46191	1.55	7	0	14	18	27	0	58	73	1869	0	471	17	22	334	17306	218	0	249	326	29	36	75	173	54	3244	56	867	0	0	0	0	11	59	38	102	50	20	0	24	28	0	0	2.29E+14	15552	4895
C:\Data\ITRAX\ARD_Aug 2013_Mo-tube_Reanalysed_USE\ARD1B\XRF data\L000230.spe	460.04	7.94	1	1	0.018306	-0.003173	0.009933	0.093737	13298.83105	1.31	0	0	0	0	41	0	72	57	2183	0	508	14	24	371	18227	285	0	247	465	0	21	148	215	100	3812	0	896	0	0	0	0	53	49	8	14	0	0	15	14	10	34	19	0	15418	5136
C:\Data\ITRAX\ARD_Aug 2013_Mo-tube_Reanalysed_USE\ARD1B\XRF data\L000231.spe	462.04	7.91	1	1	0.018306	-0.003173	0.009933	0.093737	12589.46777	1.31	0	6	13	0	30	0	71	65	1665	7	413	23	0	348	16052	130	0	248	449	0	55	55	206	0	3349	93	935	0	0	9	0	7	57	63	57	56	0	53	125	35	63	0	0	15479	4801
C:\Data\ITRAX\ARD_Aug 2013_Mo-tube_Reanalysed_USE\ARD1B\XRF data\L000232.spe	464.04	7.89	1	1	0.018306	-0.003173	0.009933	0.093737	13740.30957	1.43	5	0	10	20	34	0	57	57	1829	0	495	17	17	346	20053	234	0	204	453	0	0	91	198	44	3432	0	890	0	4	0	0	11	41	62	77	0	20	71	67	73	66	12	6.05E+14	16353	5104
C:\Data\ITRAX\ARD_Aug 2013_Mo-tube_Reanalysed_USE\ARD1B\XRF data\L000233.spe	466.04	7.87	1	1	0.018306	-0.003173	0.009933	0.093737	12845.55371	1.33	16	7	11	17	26	0	54	44	1434	0	450	8	0	282	16363	168	0	158	332	37	100	75	203	70	3365	91	765	0	0	0	0	23	36	53	64	30	0	99	0	52	44	0	0	16023	4969
C:\Data\ITRAX\ARD_Aug 2013_Mo-tube_Reanalysed_USE\ARD1B\XRF data\L000234.spe	468.04	7.84	0	1	0.018306	-0.003173	0.009933	0.093737	9021.14648	1.22	8	0	0	10	14	0	78	6	175	0	45	6	10	43	3484	36	0	69	138	0	31	9	141	32	2733	0	673	0	0	0	0	11	0	11	7	0	10	8	0	39	22	0	0	13256	4305
C:\Data\ITRAX\ARD_Aug 2013_Mo-tube_Reanalysed_USE\ARD1B\XRF data\L000235.spe	470.04	7.81	1	1	0.018306	-0.003173	0.009933	0.093737	10541.76953	1.46	0	0	13	0	13	0	58	31	675	0	197	18	0	136	10081	128	0	153	214	0	93	30	104	61	2851	0	850	0	0	0	0	15	87	97	58	40	0	0	123	0	21	6	0	13984	4599
C:\Data\ITRAX\ARD_Aug 2013_Mo-tube_Reanalysed_USE\ARD1B\XRF data\L000236.spe	472.04	7.77	1	1	0.018306	-0.003173	0.009933	0.093737	11218.13574	1.16	16	13	20	14	38	0	58	14	877	4	231	5	9	199	9005	156	0	166	242	19	41	68	175	162	3284	0	781	12	0	0	0	0	0	37	14	33	12	0	0	47	8	0	3.22E+14	15139	4947
C:\Data\ITRAX\ARD_Aug 2013_Mo-tube_Reanalysed_USE\ARD1B\XRF data\L000237.spe	474.04	7.79	1	1	0.018306	-0.003173	0.009933	0.093737	11318.13184	1.36	9	11	16	0	24	6	79	20	726	0	174	8	8	129	8384	134	0	142	244	14	37	70	155	77	3661	13	943	0	0	0	0	18	0	41	12	56	23	0	0	52	31	8	0	15326	4994
C:\Data\ITRAX\ARD_Aug 2013_Mo-tube_Reanalysed_USE\ARD1B\XRF data\L000238.spe	476.04	7.75	1	1	0.018306	-0.003173	0.009933	0.093737	13241.43359	1.3	11	13	32	8	28	0	61	79	2267	0	529	27	10	415	20621	206	0	293	376	85	22	47	339	110	3541	31	837	0	0	0	0	23	12	100	46	0	66	42	0	98	73	0	9.72E+14	15072	4818
C:\Data\ITRAX\ARD_Aug 2013_Mo-tube_Reanalysed_USE\ARD1B\XRF data\L000239.spe	478.04	7.72	1	1	0.018306	-0.003173	0.009933	0.093737	13672.21387	1.39	11	17	20	13	37	0	54	102	2406	10	635	22	19	418	21915	189	0	211	438	36	144	121	92	96	3614	0	948	0	0	0	55	0	0	17	72	61	0	25	17	80	122	19	3.58E+14	15633	5192
C:\Data\ITRAX\ARD_Aug 2013_Mo-tube_Reanalysed_USE\ARD1B\XRF data\L000240.spe	480.04	7.72	1	1	0.018306	-0.003173	0.009933	0.093737	14807.75586	1.4	18	6	35	23	48	5	56	58	2402	0	641	27	12	450	21551	241	0	230	434	46	0	118	185	98	4272	49	916	22	0	0	0	14	0	6	48	52	87	58	96	60	73	0	0	17743	5588
C:\Data\ITRAX\ARD_Aug 2013_Mo-tube_Reanalysed_USE\ARD1B\XRF data\L000241.spe	482.04	7.73	1	1	0.018306	-0.003173	0.009933	0.093737	13824.60352	1.46	0	0	10	14	29	0	61	45	1891	0	503	0	0	361	17513	183	0	353	494	27	71	119	302	76	3911	178	1032	0	0	4	0	35	0	62	42	7	13	38	0	49	86	0	0	17096	5506
C:\Data\ITRAX\ARD_Aug 2013_Mo-tube_Reanalysed_USE\ARD1B\XRF data\L000242.spe	484.04	7.74	1	1	0.018306	-0.003173	0.009933	0.093737	14026.29395	1.44	20	17	32	18	41	13	59	86	2232	0	601	11	21	437	21703	205	0	252	464	15	73	97	271	92	3818	83	785	0	0	0	0	0	36	48	61	26	0	0	0	128	100	0	0	15899	5012
C:\Data\ITRAX\ARD_Aug 2013_Mo-tube_Reanalysed_USE\ARD1B\XRF data\L000243.spe	486.04	7.72	1	1	0.018306	-0.003173	0.009933	0.093737	13739.41016	1.52	19	14	0	8	30	4	62	79	2160	0	584	32	11	415	20364	185	0	204	389	37	59	71	177	140	3628	28	1013	0	0	14	0	0	0	83	64	26	0	0	0	142	96	8	1.18E+13	15801	5150
C:\Data\ITRAX\ARD_Aug 2013_Mo-tube_Reanalysed_USE\ARD1B\XRF data\L000244.spe	488.04	7.73	1	1	0.018306	-0.003173	0.009933	0.093737	13577.81934	1.39	21	5	41	11	27	0	45	58	2146	0	527	30	23	407	20318	266	0	248	429	0	77	60	147	24	3467	0	806	9	0	0	0	5	58	78	80	70	0	0	48	46	32	0	5.20E+14	16239	5043
C:\Data\ITRAX\ARD_Aug 2013_Mo-tube_Reanalysed_USE\ARD1B\XRF data\L000245.spe	490.04	7.7	1	1	0.018306	-0.003173	0.009933	0.093737	14048.49414	1.55	0	0	26	16	35	12	59	80	2148	0	490	22	13	426	19345	108	0	213	344	44	80	92	220	8	3671	0	967	14	0	26	0	0	0	18	96	37	29	49	0	58	91	14	0	16421	5266
C:\Data\ITRAX\ARD_Aug 2013_Mo-tube_Reanalysed_USE\ARD1B\XRF data\L000246.spe	492.04	7.69	1	1	0.018306	-0.003173	0.009933	0.093737	12899.95215	1.46	0	0	22	14	21	0	56	64	2083	0	500	19	4	380	16397	129	14	289	362	0	0	82	263	77	3463	35	900	0	0	0	13	0	60	8	72	36	58	14	0	0	101	8	8.46E+14	15839	4910
C:\Data\ITRAX\ARD_Aug 2013_Mo-tube_Reanalysed_USE\ARD1B\XRF data\L000247.spe	494.04	7.63	1	1	0.018306	-0.003173	0.009933	0.093737	14297.58203	1.48	0	5	46	30	17	5	45	100	2660	0	753	40	12	409	24020	213	0	214	320	0	37	58	252	0	3542	15	956	0	0	0	0	0	68	37	89	83	26	0	0	65	82	16	9.58E+14	16010	5250
C:\Data\ITRAX\ARD_Aug 2013_Mo-tube_Reanalysed_USE\ARD1B\XRF data\L000248.spe	496.04	7.6	1	1	0.018306	-0.003173	0.009933	0.093737	14567.2666	1.52	0	0	24	9	49	0	77	122	2931	0	789	23	8	443	25070	183	0	184	360	82	0	106	173	120	3439	140	960	0	0	0	0	27	0	9	121	35	247	111	33	0	74	0	0	16363	5300
C:\Data\ITRAX\ARD_Aug 2013_Mo-tube_Reanalysed_USE\ARD1B\XRF data\L000249.spe	498.04	7.61	1	1	0.018306	-0.003173	0.009933	0.093737	14136.19141	1.29	0	4	34	10	40	0	35	56	2106	25	603	15	0	332	20951	332	0	151	284	0	33	172	208	0	3343	0	942	0	0	0	17	10	76	69	82	110	93	39	4	0	0	8	9.67E+14	17219	5318
C:\Data\ITRAX\ARD_Aug 2013_Mo-tube_Reanalysed_USE\ARD1B\XRF data\L000250.spe	500.04	7.6	1	1	0.018306	-0.003173	0.009933	0.093737	15400.62598	1.53	4	21	33	9	60	10	62	77	2253	7	545	30	9	411	21903	185	0	363	399	0	59	50	382	71	3477	84	810	0	0	6	0	0	59	23	94	10	0	26	0	103	62	12	0	18514	5446
C:\Data\ITRAX\ARD_Aug 2013_Mo-tube_Reanalysed_USE\ARD1B\XRF data\L000251.spe	502.04	7.59	1	1	0.018306	-0.003173	0.009933	0.093737	15904.20215	1.82	0	4	22	30	81	13	67	58	2441	0	538	10	6	463	21599	253	0	347	518	0	138	133	319	136	3840	7	899	17	8	0	0	0	58	86	65	12	0	9	0	103	7	0	4.22E+13	20259	5613
C:\Data\ITRAX\ARD_Aug 2013_Mo-tube_Reanalysed_USE\ARD1B\XRF data\L000252.spe	504.04	7.6	1	1	0.018306	-0.003173	0.009933	0.093737	14621.9668	1.44	0	0	25	19	30	0	78	32	1796	14	328	9	18	337	16951	185	0	402	425	0	22	72	333	44	3209	0	740	0	0	0	0	0	77	106	117	16	35	45	0	0	32	9	3.81E+14	18947	5205
C:\Data\ITRAX\ARD_Aug 2013_Mo-tube_Reanalysed_USE\ARD1B\XRF data\L000253.spe	506.04	7.59	1	1	0.018306	-0.003173	0.009933	0.093737	15614.11426	1.32	0	0	16	20	75	10	56	59	2327	12	501	24	19	402	21690	211	0	312	484	0	0	65	302	55	3623	0	904	0	0	12	0	15	68	101	42	71	142	0	69	52	85	0	3.37E+14	19950	5458
C:\Data\ITRAX\ARD_Aug 2013_Mo-tube_Reanalysed_USE\ARD1B\XRF data\L000254.spe	508.04	7.58	1	1	0.018306	-0.003173	0.009933	0.093737	16234.88281	1.36	17	0	42	4	65	8	57	83	2517	12	661	37	23	440	25431	163	0	319	514	0	108	178	332	96	3622	111	891	0	0	0	0	21	55	64	102	43	15	0	0	65	101	0	0	19421	5371
C:\Data\ITRAX\ARD_Aug 2013_Mo-tube_Reanalysed_USE\ARD1B\XRF data\L000255.spe	510.04	7.58	1	1	0.018306	-0.003173	0.009933	0.093737	15657.81348	1.47	0	0	34	16	64	0	52	111	2660	0	709	12	23	489	25574	218	0	346	525	0	0	155	223	121	3471	128	932	0	0	0	0	0	33	63	79	92	75	34	0	71	123	0	0	18591	5351
C:\Data\ITRAX\ARD_Aug 2013_Mo-tube_Reanalysed_USE\ARD1B\XRF data\L000256.spe	512.04	7.57	1	1	0.018306	-0.003173	0.009933	0.093737	15527.62109	1.54	22	21	34	30	76	6	54	92	2622	0	700	41	15	451	28865	201	0	317	398	0	33	104	189	22	3209	0	750	0	0	0	0	25	112	79	92	35	43	30	0	88	105	0	0	17390	5275
C:\Data\ITRAX\ARD_Aug 2013_Mo-tube_Reanalysed_USE\ARD1B\XRF data\L000257.spe	514.04	7.59	1	1	0.018306	-0.003173	0.009933	0.093737	14453.87402	1.53	0	7	21	4	74	0	53	72	2153	0	541	32	31	367	23927	235	0	219	457	0	0	140	286	27	3187	68	823	5	0	0	32	0	6	17	31	0	94	148	47	0	69	5	4.49E+13	16828	4898
C:\Data\ITRAX\ARD_Aug 2013_Mo-tube_Reanalysed_USE\ARD1B\XRF data\L000258.spe	516.04	7.62	1	1	0.018306	-0.003173	0.009933	0.093737	13855.50391	1.43	7	25	41	25	65	0	64	44	1947	0	499	39	0	351	21321	223	0	230	375	37	88	136	197	0	2920	0	689	4	0	0	0	5	0	62	49	28	0	16	0	33	98	15	3.06E+14	16700	4874
C:\Data\ITRAX\ARD_Aug 2013_Mo-tube_Reanalysed_USE\ARD1B\XRF data\L000259.spe	518.04	7.63	1	1	0.018306	-0.003173	0.009933	0.093737	13853.80469	1.47	12	15	47	20	48	0	63	74	2086	0	552	39	24	373	20951	276	0	227	330	0	30	56	191	0	3164	20	735	0	0	0	0	16	19	51	38	0	0	17	0	0	63	20	0	16478	4894
C:\Data\ITRAX\ARD_Aug 2013_Mo-tube_Reanalysed_USE\ARD1B\XRF data\L000260.spe	520.04	7.66	1	1	0.018306	-0.003173	0.009933	0.093737	13753.30957	1.42	18	15	37	25	42	0	64	74	2113	0	588	69	9	383	21607	262	0	250	411	0	101	73	285	88	2754	5	954	0	0	0	0	55	63	76	64	27	6	0	15	70	61	0	6.27E+13	16358	4542
C:\Data\ITRAX\ARD_Aug 2013_Mo-tube_Reanalysed_USE\ARD1B\XRF data\L000261.spe	522.04	7.67	1	1	0.018306	-0.003173	0.009933	0.093737	13860.10547	1.47	0	0	10	14	23	0	48	64	1767	0	557	24	31	349	21328	112	0	250	405	5	115	103	231	0	2678	177	974	8	0	0	13	22	67	28	75	71	18	99	17	0	146	0	0	16898	4950
C:\Data\ITRAX\ARD_Aug 2013_Mo-tube_Reanalysed_USE\ARD1B\XRF data\L000262.spe	524.04	7.68	1	1	0.018306	-0.003173	0.009933	0.093737	14556.46973	1.41	10	8	25	0	42	7	71	70	1914	0	602	0	13	322	24201	227	0	226	297	35	0	114	216	46	2894	0	682	6	0	0	0	13	31	54	109	42	58	6	0	60	76	0	5.17E+14	16736	4959
C:\Data\ITRAX\ARD_Aug 2013_Mo-tube_Reanalysed_USE\ARD1B\XRF data\L000263.spe	526.04	7.68	1	1	0.018306	-0.003173	0.009933	0.093737	15563.41895	1.36	0	0	23	40	14	7	41	69	2194	0	526	41	6	369	25674	305	0	236	282	0	0	90	216	44	3544	0	813	4	0	6	16	18	10	63	45	40	125	60	0	0	54	0	0	18194	5379
C:\Data\ITRAX\ARD_Aug 2013_Mo-tube_Reanalysed_USE\ARD1B\XRF data\L000264.spe	528.04	7.68	1	1	0.018306	-0.003173	0.009933	0.093737	14690.96094	1.5	0	5	0	28	42	0	63	41	1567	0	412	19	0	248	17420	207	0	298	333	44	82	184	230	110	3139	0	807	0	0	0	0	0	18	0	92	34	8	35	60	0	24	22	0	19589	5357
C:\Data\ITRAX\ARD_Aug 2013_Mo-tube_Reanalysed_USE\ARD1B\XRF data\L000265.spe	530.04	7.69	1	1	0.018306	-0.003173	0.009933	0.093737	16434.17578	1.32	5	0	31	30	31	0	58	53	1737	0	416	13	10	307	19934	208	0	370	320	33	45	127	477	72	3659	12	1049	0	0	11	0	19	0	137	88	30	0	23	0	28	60	0	0	22049	5864
C:\Data\ITRAX\ARD_Aug 2013_Mo-tube_Reanalysed_USE\ARD1B\XRF data\L000266.spe	532.04	7.7	1	1	0.018306	-0.003173	0.009933	0.093737	16276.78418	1.43	0	0	37	16	37	0	38	53	2731	4	422	26	6	392	18727	234	0	535	487	0	155	162	504	0	4206	11	831	0	0	0	0	0	69	78	74	90	0	0	0	174	45	0	0	20939	5649
C:\Data\ITRAX\ARD_Aug 2013_Mo-tube_Reanalysed_USE\ARD1B\XRF data\L000267.spe	534.04	7.71	1	1	0.018306	-0.003173	0.009933	0.093737	17030.04688	1.36	0	0	29	16	55	12	40	83	2837	11	584	44	0	402	23655	199	0	448	472	51	65	110	369	19	4232	0	784	5	0	0	0	5	9	0	99	92	55	28	72	0	64	0	2.23E+14	21198	5698
C:\Data\ITRAX\ARD_Aug 2013_Mo-tube_Reanalysed_USE\ARD1B\XRF data\L000268.spe	536.04	7.71	1	1	0.018306	-0.003173	0.009933	0.093737	16117.58887	1.36	12	0	12	17	46	0	49	59	2612	5	472	29	0	381	23683	291	20	441	465	0	0	93	474	120	3674	66	949	0	0	0	0	11	0	80	79	34	174	26	16	0	26	7	0	19797	5289
C:\Data\ITRAX\ARD_Aug 2013_Mo-tube_Reanalysed_USE\ARD1B\XRF data\L000269.spe	538.04	7.7	1	1	0.018306	-0.003173	0.009933	0.093737	14726.75879	1.36	8	0	35	8	30	0	56	49	2210	0	448	19	7	331	21020	191	0	281	309	0	59	129	278	0	3396	19	969	7	0	0	0	26	16	16	9	37	0	47	101	16	62	12	0	17853	5271
C:\Data\ITRAX\ARD_Aug 2013_Mo-tube_Reanalysed_USE\ARD1B\XRF data\L000270.spe	540.04	7.68	1	1	0.018306	-0.003173	0.009933	0.093737	14615.56641	1.45	0	0	29	8	49	8	43	59	2292	22	480	0	31	332	20052	196	0	321	350	0	0	156	261	12	3497	0	837	9	0	0	0	0	84	52	135	78	113	37	8	19	16	25	0	18239	5212
C:\Data\ITRAX\ARD_Aug 2013_Mo-tube_Reanalysed_USE\ARD1B\XRF data\L000271.spe	542.04	7.69	1	1	0.018306	-0.003173	0.009933	0.093737	14126.59082	1.25	28	18	15	24	26	0	57	45	1898	0	441	16	19	321	19990	114	0	227	304	0	59	169	255	48	3283	75	807	0	0	0	42	38	55	10	86	32	0	48	0	0	135	0	1.49E+14	17310	5030
C:\Data\ITRAX\ARD_Aug 2013_Mo-tube_Reanalysed_USE\ARD1B\XRF data\L000272.spe	544.04	7.69	1	1	0.018306	-0.003173	0.009933	0.093737	15354.83008	1.5	0	0	14	0	17	0	74	48	2076	0	499	6	18	319	22703	254	0	396	302	70	0	91	223	0	3499	0	833	0	0	8	0	7	12	98	81	95	106	0	0	58	35	4	0	18753	5270
C:\Data\ITRAX\ARD_Aug 2013_Mo-tube_Reanalysed_USE\ARD1B\XRF data\L000273.spe	546.04	7.68	1	1	0.018306	-0.003173	0.009933	0.093737	15466.12305	1.53	0	5	20	24	29	15	52	64	2137	0	566	11	13	353	19661	186	0	281	352	0	0	182	293	0	3167	47	785	8	0	0	25	46	28	28	67	74	71	25	0	75	53	10	0	20233	5315
C:\Data\ITRAX\ARD_Aug 2013_Mo-tube_Reanalysed_USE\ARD1B\XRF data\L000274.spe	548.04	7.68	1	1	0.018306	-0.003173	0.009933	0.093737	15075.22559	1.29	0	18	22	30	31	7	73	50	2312	15	489	0	30	355	19083	232	0	260	337	0	75	65	239	7	3194	89	763	6	0	20	54	0	25	20	62	33	12	0	0	58	56	10	3.19E+14	19060	5339
C:\Data\ITRAX\ARD_Aug 2013_Mo-tube_Reanalysed_USE\ARD1B\XRF data\L000275.spe	550.04	7.66	1	1	0.018306	-0.003173	0.009933	0.093737	15487.72266	1.51	0	0	10	5	60	0	44	68	2533	0	493	38	20	398	19319	220	7	419	541	14	164	113	261	12	3499	72	895	0	0	0	0	25	87	31	93	122	13	65	0	0	21	5	0	19482	5526
C:\Data\ITRAX\ARD_Aug 2013_Mo-tube_Reanalysed_USE\ARD1B\XRF data\L000276.spe	552.04	7.64	1	1	0.018306	-0.003173	0.009933	0.093737	15981.19824	1.51	0	0	37	10	24	10	53	57	2415	0	459	5	14	389	18830	150	16	357	525	40	253	130	271	39	4028	0	950	0	0	0	18	16	62	45	107	121	0	0	0	172	62	16	0	20704	5717
C:\Data\ITRAX\ARD_Aug 2013_Mo-tube_Reanalysed_USE\ARD1B\XRF data\L000277.spe	554.04	7.62	1	1	0.018306	-0.003173	0.009933	0.093737	17093.33984	1.41	0	0	37	0	52	0	50	75	2442	0	562	32	16	468	21659	206	4	481	498	97	42	89	419	61	4289	0	995	0	0	0	0	20	0	31	104	53	75	0	0	79	137	8	9.00E+14	21940	5880
C:\Data\ITRAX\ARD_Aug 2013_Mo-tube_Reanalysed_USE\ARD1B\XRF data\L000278.spe	556.04	7.55	1	1	0.018306	-0.003173	0.009933	0.093737	18153.38867	1.36	0	0	25	17	32	0	8	70	2708	0	536	13	0	478	23066	319	0	440	613	18	71	153	308	107	4285	0	857	0	0	11	0	21	34	111	114	133	77	132	0	0	6	0	0	22692	6310
C:\Data\ITRAX\ARD_Aug 2013_Mo-tube_Reanalysed_USE\ARD1B\XRF data\L000279.spe	558.04	7.52	1	1	0.018306	-0.003173	0.009933	0.093737	17868.90039	1.38	18	31	30	6	76	0	40	83	2901	0	561	21	0	457	22323	52	0	450	669	0	133	141	380	163	3915	0	839	10	0	7	27	9	56	74	80	102	0	50	0	0	196	9	8.33E+14	23223	6303
C:\Data\ITRAX\ARD_Aug 2013_Mo-tube_Reanalysed_USE\ARD1B\XRF data\L000280.spe	560.04	7.52	1	1	0.018306	-0.003173	0.009933	0.093737	16930.55078	1.5	5	15	38	17	92	4	28	86	2791	0	583	48	10	431	24310	192	0	467	484	0	57	197	427	0	3995	0	860	0	0	0	0	22	36	79	133	38	65	0	0	94	87	0	0	20783	5704
C:\Data\ITRAX\ARD_Aug 2013_Mo-tube_Reanalysed_USE\ARD1B\XRF data\L000281.spe	562.04	7.53	1	1	0.018306	-0.003173	0.009933	0.093737	14935.15039	1.49	0	0	25	24	38	0	39	65	2615	0	580	0	29	413	20969	164	0	385	466	0	63	107	470	126	4037	39	799	0	0	0	0	31	110	73	44	45	44	40	93	81	89	0	0	17969	4946
C:\Data\ITRAX\ARD_Aug 2013_Mo-tube_Reanalysed_USE\ARD1B\XRF data\L000282.spe	564.04	7.53	1	1	0.018306	-0.003173	0.009933	0.093737	12076.79395	1.46	5	0	16	13	10	0	37	16	1397	0	301	15	11	242	12239	158	0	190	204	7	0	71	279	0	3039	0	767	0	0	0	0	23	0	24	15	30	36	30	0	0	33	16	0	15946	4594
C:\Data\ITRAX\ARD_Aug 2013_Mo-tube_Reanalysed_USE\ARD1B\XRF data\L000283.spe	566.04	7.53	1	1	0.018306	-0.003173	0.009933	0.093737	15795.20508	1.5	34	31	47	27	54	0	51	49	2745	0	587	21	12	496	23376	186	0	431	401	83	113	191	268	105	3700	21	825	0	0	0	0	23	0	70	21	83	0	0	6	109	152	31	6.85E+14	18922	5395
C:\Data\ITRAX\ARD_Aug 2013_Mo-tube_Reanalysed_USE\ARD1B\XRF data\L000284.spe	568.04	7.55	1	1	0.018306	-0.003173	0.009933	0.093737	15874.10352	1.49	0	0	28	26	57	0	56	65	2867	0	668	45	0	441	23987	261	0	297	363	52	191	109	457	0	3707	63	921	5	0	0	17	0	22	20	93	25	0	10	0	29	48	8	0	19390	5609
C:\Data\ITRAX\ARD_Aug 2013_Mo-tube_Reanalysed_USE\ARD1B\XRF data\L000285.spe	570.04	7.55	1	1	0.018306	-0.003173	0.009933	0.093737	15700.11133	1.51	0	0	12	25	55	7	55	88	2779	9	560	37	6	418	22612	307	0	319	347	12	31	126	242	163	3773	0	859	6	0	0	0	0	20	124	97	73	81	0	0	21	0	0	0	19081	5388
C:\Data\ITRAX\ARD_Aug 2013_Mo-tube_Reanalysed_USE\ARD1B\XRF data\L000286.spe	572.04	7.55	1	1	0.018306	-0.003173	0.009933	0.093737	15940.19824	1.49	17	15	38	11	61	4	47	88	2785	0	611	32	0	381	26958	351	0	302	281	0	38	105	277	62	3495	0	829	0	0	0	0	0	0	91	28	66	51	0	0	74	36	15	1.42E+14	18664	5292
C:\Data\ITRAX\ARD_Aug 2013_Mo-tube_Reanalysed_USE\ARD1B\XRF data\L000287.spe	574.04	7.55	1	1	0.018306	-0.003173	0.009933	0.093737	15691.41309	1.44	29	15	59	18	47	0	48	97	2945	9	662	0	22	408	27656	219	0	307	405	47	13	152	321	184	3482	0	1017	0	0	0	34	28	6	0	29	10	105	49	41	11	178	9	0	17579	5092
C:\Data\ITRAX\ARD_Aug 2013_Mo-tube_Reanalysed_USE\ARD1B\XRF data\L000288.spe	576.04	7.63	1	1	0.018306	-0.003173	0.009933	0.093737	12808.55762	1.29	11	17	17	17	52	8	41	66	2052	0	417	20	0	343	15525	187	0	249	363	70	50	55	279	29	3056	15	731	0	0	6	0	30	0	57	60	0	0	59	13	0	47	20	0	16314	4805
C:\Data\ITRAX\ARD_Aug 2013_Mo-tube_Reanalysed_USE\ARD1B\XRF data\L000289.spe	578.04	7.64	1	1	0.018306	-0.003173	0.009933	0.093737	13688.6123	1.64	0	0	16	6	33	0	72	68	2231	7	466	19	29	365	17342	192	0	221	443	0	167	83	204	13	3218	0	803	21	0	25	21	0	40	39	62	59	0	0	0	21	54	11	1.09E+15	16921	5079
C:\Data\ITRAX\ARD_Aug 2013_Mo-tube_Reanalysed_USE\ARD1B\XRF data\L000290.spe	580.04	7.64	1	1	0.018306	-0.003173	0.009933	0.093737	12988.04883	1.39	0	0	15	7	40	0	53	53	2452	0	518	24	12	375	18764	143	0	300	371	16	71	60	232	74	2893	53	638	11	0	12	0	61	73	103	66	91	4	98	0	0	59	12	2.45E+13	15095	4447
C:\Data\ITRAX\ARD_Aug 2013_Mo-tube_Reanalysed_USE\ARD1B\XRF data\L000291.spe	582.04	7.65	1	1	0.018306	-0.003173	0.009933	0.093737	11116.54199	1.23	0	0	21	18	31	0	77	63	1796	0	397	0	5	267	16900	197	0	220	187	16	26	117	161	27	2404	54	740	0	0	0	5	0	0	21	51	12	39	39	0	0	67	0	2.01E+15	12996	3945
C:\Data\ITRAX\ARD_Aug 2013_Mo-tube_Reanalysed_USE\ARD1B\XRF data\L000292.spe	584.04	7.65	1	1	0.018306	-0.003173	0.009933	0.093737	13066.14355	1.47	0	0	23	8	46	20	43	65	2184	11	482	25	27	314	19751	270	0	265	276	50	97	198	263	17	3075	0	709	18	0	0	0	0	22	10	93	32	23	75	15	0	19	0	4.80E+14	15144	4680
C:\Data\ITRAX\ARD_Aug 2013_Mo-tube_Reanalysed_USE\ARD1B\XRF data\L000293.spe	586.04	7.66	1	1	0.018306	-0.003173	0.009933	0.093737	14202.08496	1.45	23	27	31	29	59	14	36	65	2277	0	596	13	25	334	23389	208	0	234	236	0	77	114	193	0	3147	0	865	0	0	0	29	62	23	22	27	71	48	0	0	59	72	0	7.21E+14	16236	4754
C:\Data\ITRAX\ARD_Aug 2013_Mo-tube_Reanalysed_USE\ARD1B\XRF data\L000294.spe	588.04	7.66	1	1	0.018306	-0.003173	0.009933	0.093737	14914.65137	1.49	17	15	33	16	41	20	45	72	2773	0	716	38	39	411	27739	281	0	271	299	48	0	98	253	121	3094	47	812	0	0	0	0	0	39	82	77	110	134	153	24	0	71	22	7.65E+14	16762	5009
C:\Data\ITRAX\ARD_Aug 2013_Mo-tube_Reanalysed_USE\ARD1B\XRF data\L000295.spe	590.04	7.67	1	1	0.018306	-0.003173	0.009933	0.093737	14958.54785	1.74	0	0	36	17	44	0	48	53	2563	0	645	44	16	408	26588	137	0	274	285	31	54	162	263	11	3051	54	942	4	0	14	22	30	16	31	59	76	66	0	0	13	148	10	5.22E+14	17326	5217
C:\Data\ITRAX\ARD_Aug 2013_Mo-tube_Reanalysed_USE\ARD1B\XRF data\L000296.spe	592.04	7.69	1	1	0.018306	-0.003173	0.009933	0.093737	15184.6377	1.53	0	7	46	35	69	9	56	98	2655	0	640	50	22	409	26525	382	0	304	302	14	50	67	209	10	3133	35	902	11	0	7	7	0	20	82	61	44	62	0	0	54	9	0	0	17397	5361
C:\Data\ITRAX\ARD_Aug 2013_Mo-tube_Reanalysed_USE\ARD1B\XRF data\L000297.spe	594.04	7.7	1	1	0.018306	-0.003173	0.009933	0.093737	15140.94141	1.49	20	17	28	37	37	0	36	84	2928	0	698	34	0	457	26923	130	0	221	311	0	29	128	272	105	3341	58	823	0	0	0	24	15	43	42	95	51	49	0	0	82	148	0	0	16918	5102
C:\Data\ITRAX\ARD_Aug 2013_Mo-tube_Reanalysed_USE\ARD1B\XRF data\L000298.spe	596.04	7.7	1	1	0.018306	-0.003173	0.009933	0.093737	15269.5332	1.37	8	0	52	23	57	9	30	79	3126	0	648	32	22	485	27090	312	0	296	358	40	23	0	317	64	3650	0	807	7	0	0	0	18	27	124	69	31	93	86	72	0	74	0	0	16973	4975
C:\Data\ITRAX\ARD_Aug 2013_Mo-tube_Reanalysed_USE\ARD1B\XRF data\L000299.spe	598.04	7.7	1	1	0.018306	-0.003173	0.009933	0.093737	15804.30566	1.54	9	11	43	31	35	4	39	102	3189	0	673	0	19	508	29851	215	0	371	343	19	45	170	265	50	3614	58	1029	0	0	6	0	18	53	97	84	94	27	0	0	37	99	0	1.26E+15	17642	5246
C:\Data\ITRAX\ARD_Aug 2013_Mo-tube_Reanalysed_USE\ARD1B\XRF data\L000300.spe	600.04	7.7	1	1	0.018306	-0.003173	0.009933	0.093737	15547.31934	1.44	6	0	41	29	43	0	15	105	3489	0	657	34	0	547	25649	289	0	411	480	0	0	141	316	73	3994	0	963	0	0	0	17	9	57	36	99	70	116	0	10	74	91	0	0	17742	5408
C:\Data\ITRAX\ARD_Aug 2013_Mo-tube_Reanalysed_USE\ARD1B\XRF data\L000301.spe	602.04	7.72	1	1	0.018306	-0.003173	0.009933	0.093737	14954.04785	1.42	7	0	31	9	58	0	36	115	3293	0	639	25	22	505	26247	282	17	328	428	0	0	78	247	40	3403	69	812	0	0	10	8	0	78	54	38	40	90	67	22	23	45	4	0	16615	5120
C:\Data\ITRAX\ARD_Aug 2013_Mo-tube_Reanalysed_USE\ARD1B\XRF data\L000302.spe	604.04	7.73	1	1	0.018306	-0.003173	0.009933	0.093737	14734.16113	1.48	0	0	13	4	44	0	63	94	2747	0	775	33	24	424	25115	238	0	279	327	46	0	76	188	28	3155	44	907	9	0	0	0	8	0	86	54	12	72	0	7	52	80	20	4.18E+14	16575	5060
C:\Data\ITRAX\ARD_Aug 2013_Mo-tube_Reanalysed_USE\ARD1B\XRF data\L000303.spe	606.04	7.72	1	1	0.018306	-0.003173	0.009933	0.093737	15034.84277	1.51	5	13	24	21	36	7	51	107	3046	0	790	48	20	478	28505	274	0	188	213	11	23	59	126	0	2992	42	744	0	0	0	0	25	0	10	0	17	31	0	0	26	31	0	1.22E+14	16579	5249
C:\Data\ITRAX\ARD_Aug 2013_Mo-tube_Reanalysed_USE\ARD1B\XRF data\L000304.spe	608.04	7.73	1	1	0.018306	-0.003173	0.009933	0.093737	14740.66113	1.4	19	30	34	33	35	9	85	93	2557	0	623	29	9	402	23130	248	0	248	237	64	19	39	169	123	3052	55	863	0	0	0	0	0	14	72	29	100	32	62	21	93	102	7	0	17729	5314
C:\Data\ITRAX\ARD_Aug 2013_Mo-tube_Reanalysed_USE\ARD1B\XRF data\L000305.spe	610.04	7.73	1	1	0.018306	-0.003173	0.009933	0.093737	14045.19336	1.41	0	0	9	8	28	0	78	75	2392	0	602	26	22	414	22238	218	0	261	316	0	0	125	94	0	2727	73	759	5	0	0	23	10	66	40	46	81	71	0	46	102	80	7	0	16502	4871
C:\Data\ITRAX\ARD_Aug 2013_Mo-tube_Reanalysed_USE\ARD1B\XRF data\L000306.spe	612.04	7.74	1	1	0.018306	-0.003173	0.009933	0.093737	13525.32227	1.51	12	19	47	29	50	15	69	54	2251	0	644	38	26	339	23201	163	0	176	211	11	54	124	207	0	2545	90	841	12	0	11	0	33	49	51	25	53	0	105	91	53	46	0	2.38E+14	15316	4796
C:\Data\ITRAX\ARD_Aug 2013_Mo-tube_Reanalysed_USE\ARD1B\XRF data\L000307.spe	614.04	7.73	1	1	0.018306	-0.003173	0.009933	0.093737	13329.0293	1.42	0	0	28	18	27	14	72	61	1835	0	534	33	22	305	21004	158	33	205	255	0	110	95	201	60	2539	97	671	0	0	0	17	10	96	68	100	18	31	0	0	106	86	0	0	15904	4967
C:\Data\ITRAX\ARD_Aug 2013_Mo-tube_Reanalysed_USE\ARD1B\XRF data\L000308.spe	616.04	7.72	1	1	0.018306	-0.003173	0.009933	0.093737	12983.84668	1.37	0	6	15	10	9	6	58	48	1717	0	543	20	19	296	21073	159	0	152	155	97	90	85	189	81	2253	30	883	0	0	0	0	0	0	59	94	31	5	0	13	154	62	0	0	15882	4943
C:\Data\ITRAX\ARD_Aug 2013_Mo-tube_Reanalysed_USE\ARD1B\XRF data\L000309.spe	618.04	7.68	1	1	0.018306	-0.003173	0.009933	0.093737	13356.33008	1.31	8	0	36	20	27	0	50	83	2028	0	747	53	14	350	24407	264	0	151	172	0	37	127	174	18	2254	0	735	10	0	0	7	0	60	0	40	55	30	57	0	0	77	0	0	15196	4910
C:\Data\ITRAX\ARD_Aug 2013_Mo-tube_Reanalysed_USE\ARD1B\XRF data\L000310.spe	620.04	7.68	1	1	0.018306	-0.003173	0.009933	0.093737	13748.1084	1.37	0	0	38	5	59	0	51	102	2276	0	778	18	31	432	27010	369	0	131	187	32	0	0	151	0	2114	79	942	13	0	0	0	8	15	6	57	32	51	95	46	0	52	5	0	15026	4855
C:\Data\ITRAX\ARD_Aug 2013_Mo-tube_Reanalysed_USE\ARD1B\XRF data\L000311.spe	622.04	7.67	1	1	0.018306	-0.003173	0.009933	0.093737	13885.20215	1.35	6	14	37	7	52	7	58	90	2242	0	781	45	13	395	26457	146	0	108	170	49	47	80	83	0	2084	0	826	7	0	0	19	22	31	21	67	24	0	0	0	65	157	10	0	15203	5097
C:\Data\ITRAX\ARD_Aug 2013_Mo-tube_Reanalysed_USE\ARD1B\XRF data\L000312.spe	624.04	7.67	1	1	0.018306	-0.003173	0.009933	0.093737	13541.4209	1.38	0	8	27	0	21	0	56	100	2160	0	830	63	0	376	27322	180	16	119	162	39	152	126	129	27	2013	82	824	0	0	0	6	11	41	40	76	60	0	0	0	115	145	0	0	14667	4825
C:\Data\ITRAX\ARD_Aug 2013_Mo-tube_Reanalysed_USE\ARD1B\XRF data\L000313.spe	626.04	7.67	1	1	0.018306	-0.003173	0.009933	0.093737	13612.71582	1.46	6	0	29	0	43	8	42	116	2236	7	840	27	16	419	28602	198	0	105	141	0	203	50	165	92	1966	64	975	0	0	0	0	8	61	73	73	60	0	17	0	89	114	0	9.36E+14	14348	4975
C:\Data\ITRAX\ARD_Aug 2013_Mo-tube_Reanalysed_USE\ARD1B\XRF data\L000314.spe	628.04	7.67	1	1	0.018306	-0.003173	0.009933	0.093737	13685.91113	1.35	14	0	45	7	33	9	49	101	2439	0	919	5	42	374	29721	283	0	119	174	12	26	91	74	118	2079	74	983	9	0	0	0	24	61	6	76	34	45	10	91	97	103	15	0	13982	4784
C:\Data\ITRAX\ARD_Aug 2013_Mo-tube_Reanalysed_USE\ARD1B\XRF data\L000315.spe	630.04	7.68	1	1	0.018306	-0.003173	0.009933	0.093737	14327.97852	1.55	9	24	60	25	32	21	53	121	2577	0	916	36	25	448	31011	253	0	91	196	0	91	20	174	0	2207	47	841	0	0	0	19	8	50	67	67	25	17	99	0	46	124	0	6.78E+14	14939	5072
C:\Data\ITRAX\ARD_Aug 2013_Mo-tube_Reanalysed_USE\ARD1B\XRF data\L000316.spe	632.04	7.65	1	1	0.018306	-0.003173	0.009933	0.093737	13974.29688	1.48	0	15	47	9	35	17	64	83	2318	0	907	0	29	421	28797	212	0	161	162	83	57	15	115	0	2144	38	863	0	0	0	0	70	6	41	28	52	18	52	0	42	136	0	0	15172	5074
C:\Data\ITRAX\ARD_Aug 2013_Mo-tube_Reanalysed_USE\ARD1B\XRF data\L000317.spe	634.04	7.65	1	1	0.018306	-0.003173	0.009933	0.093737	14089.99219	1.47	13	10	37	9	48	0	39	67	2262	0	904	35	5	438	28697	221	0	137	188	109	44	135	206	48	2230	235	891	0	0	0	0	0	50	74	138	64	51	17	0	0	149	0	1.43E+14	14865	4861
C:\Data\ITRAX\ARD_Aug 2013_Mo-tube_Reanalysed_USE\ARD1B\XRF data\L000318.spe	636.04	7.64	1	1	0.018306	-0.003173	0.009933	0.093737	13527.91992	1.43	10	0	31	0	16	7	45	76	2162	0	851	36	30	411	27801	380	0	110	174	5	64	107	96	38	1838	0	763	0	0	0	0	42	55	71	29	27	0	0	8	111	0	0	6.69E+14	14131	4982
C:\Data\ITRAX\ARD_Aug 2013_Mo-tube_Reanalysed_USE\ARD1B\XRF data\L000319.spe	638.2	7.62	0	1	0.018306	-0.003173	0.009933	0.093737	8745.75977	1.25	0	7	0	12	6	5	76	22	268	0	150	0	0	54	6126	81	0	39	71	85	22	90	80	9	1449	12	824	0	0	5	13	12	0	24	46	16	51	0	13	44	0	0	2.53E+14	12413	4361
C:\Data\ITRAX\ARD_Aug 2013_Mo-tube_Reanalysed_USE\ARD1B\XRF data\L000320.spe	640.04	7.59	0	1	0.018306	-0.003173	0.009933	0.093737	7302.33398	1.25	0	0	0	0	4	0	80	0	0	0	0	0	0	9	608	56	0	19	28	10	7	34	38	102	1345	63	782	0	0	0	0	0	0	18	27	19	33	36	64	0	0	0	5.60E+14	10756	4078
C:\Data\ITRAX\ARD_Aug 2013_Mo-tube_Reanalysed_USE\ARD1B\XRF data\L000321.spe	642.1	7.59	0	1	0.018306	-0.003173	0.009933	0.093737	6961.0498	1.07	16	23	11	14	13	0	76	0	4	0	0	0	6	0	219	33	9	14	11	0	0	0	6	49	1228	30	588	0	0	4	0	9	23	19	0	11	51	0	0	0	0	4	0	10725	4025
C:\Data\ITRAX\ARD_Aug 2013_Mo-tube_Reanalysed_USE\ARD1B\XRF data\L000322.spe	644.04	7.76	0	1	0.018306	-0.003173	0.009933	0.093737	6106.49414	1.03	6	0	18	0	0	0	59	0	0	0	0	0	0	0	151	0	0	10	8	0	0	0	83	0	1151	0	575	0	0	0	11	4	9	11	19	0	39	32	0	0	0	0	2.98E+14	9030	3535
C:\Data\ITRAX\ARD_Aug 2013_Mo-tube_Reanalysed_USE\ARD1B\XRF data\L000323.spe	646.2	7.89	0	1	0.018306	-0.003173	0.009933	0.093737	5771.41016	0.99	6	15	0	0	9	0	82	0	0	0	4	0	5	0	116	16	0	8	0	27	0	15	29	61	1062	65	739	0	0	0	0	6	0	0	0	0	6	5	0	0	0	0	0	8623	3309
C:\Data\ITRAX\ARD_Aug 2013_Mo-tube_Reanalysed_USE\ARD1B\XRF data\L000324.spe	648.1	7.92	0	1	0.018306	-0.003173	0.009933	0.093737	6805.25781	1.08	12	14	18	12	19	38	78	0	10	4	0	0	0	0	160	19	4	0	22	0	0	0	0	0	1076	63	718	0	0	0	18	10	15	10	0	0	56	0	0	0	0	18	0	10258	3881
C:\Data\ITRAX\ARD_Aug 2013_Mo-tube_Reanalysed_USE\ARD1B\XRF data\L000325.spe	650.2	7.97	0	1	0.018306	-0.003173	0.009933	0.093737	5900.2041	1.64	0	0	0	0	7	1108	81	0	25	0	5	0	5	17	202	7	0	10	137	29	0	24	0	0	174	60	534	0	0	4	5	0	0	0	0	17	236	0	37	5	6	0	5.54E+14	9112	2404