Date:	8/20/2008		Time:	9:58 AM		Version no:	0.00		Project name:	55		Sample name:	222		Section name:	section		Position	0.000000	mm	E0	0.000000	keV	E1	1.000000	keV/channel	sample surface	2.000000	cm	Tube anode:	Mo		Tube voltage:	30	kV	Tube current:	50	mA	gain	20		std. database			resultfile	result		matrix element	11		sample thickness	1.000000		air passage	0.560000	cm	comments	not in position		peaking_time	3.000000	m-sec	trigger_threshold	1229.166667	V	mca_bin_width	22.090000	no:	number_mca_channels	1024.000000	no:	gap_time	0.400000	m-sec	trigger_peaking_time	0.150000	m-sec	GAINDAC	9455		HIGHGAIN	1		TAURC	0		RCTAU	53		RCTAUFRAC	32768		livetime	9.948602	seconds	runtime	10.000502	seconds	input_count_rate	6.554489	cps	output_count_rate	5.900204	cps	triggers	65208	seconds	events_in_run	59005	seconds	channel	content		1.000	0.000
2.000	0.000
3.000	0.000
4.000	0.000
5.000	0.000
6.000	0.000
7.000	0.000
8.000	0.000
9.000	0.000
10.000	0.000
11.000	0.000
12.000	0.000
13.000	0.000
14.000	0.000
15.000	0.000
16.000	0.000
17.000	0.000
18.000	0.000
19.000	0.000
20.000	0.000
21.000	0.000
22.000	0.000
23.000	0.000
24.000	0.000
25.000	0.000
26.000	0.000
27.000	0.000
28.000	0.000
29.000	0.000
30.000	0.000
31.000	154.000
32.000	193.000
33.000	232.000
34.000	288.000
35.000	358.000
36.000	446.000
37.000	498.000
38.000	577.000
39.000	690.000
40.000	745.000
41.000	884.000
42.000	1024.000
43.000	1163.000
44.000	1224.000
45.000	1294.000
46.000	1464.000
47.000	1564.000
48.000	1670.000
49.000	1675.000
50.000	1751.000
51.000	1801.000
52.000	1881.000
53.000	1951.000
54.000	2089.000
55.000	2106.000
56.000	2062.000
57.000	2154.000
58.000	2049.000
59.000	2176.000
60.000	2163.000
61.000	2108.000
62.000	2116.000
63.000	2043.000
64.000	2055.000
65.000	2050.000
66.000	2015.000
67.000	2022.000
68.000	1912.000
69.000	1999.000
70.000	1923.000
71.000	1949.000
72.000	1887.000
73.000	1881.000
74.000	1853.000
75.000	1847.000
76.000	1803.000
77.000	1816.000
78.000	1778.000
79.000	1797.000
80.000	1832.000
81.000	1838.000
82.000	1804.000
83.000	1773.000
84.000	1754.000
85.000	1731.000
86.000	1708.000
87.000	1676.000
88.000	1591.000
89.000	1500.000
90.000	1680.000
91.000	1661.000
92.000	1786.000
93.000	1826.000
94.000	1987.000
95.000	2192.000
96.000	2356.000
97.000	2200.000
98.000	2004.000
99.000	1980.000
100.000	1906.000
101.000	1816.000
102.000	1758.000
103.000	1812.000
104.000	1961.000
105.000	2178.000
106.000	2335.000
107.000	2408.000
108.000	2438.000
109.000	2458.000
110.000	2379.000
111.000	2221.000
112.000	2023.000
113.000	1844.000
114.000	1742.000
115.000	1523.000
116.000	1459.000
117.000	1427.000
118.000	1426.000
119.000	1487.000
120.000	1511.000
121.000	1631.000
122.000	1733.000
123.000	1992.000
124.000	2203.000
125.000	2381.000
126.000	2567.000
127.000	2592.000
128.000	2474.000
129.000	2321.000
130.000	2017.000
131.000	1793.000
132.000	1697.000
133.000	1569.000
134.000	1474.000
135.000	1415.000
136.000	1355.000
137.000	1351.000
138.000	1253.000
139.000	1221.000
140.000	1159.000
141.000	1198.000
142.000	1134.000
143.000	1255.000
144.000	1195.000
145.000	1218.000
146.000	1214.000
147.000	1169.000
148.000	1095.000
149.000	1055.000
150.000	1080.000
151.000	1083.000
152.000	1104.000
153.000	1027.000
154.000	1037.000
155.000	1060.000
156.000	1199.000
157.000	1265.000
158.000	1632.000
159.000	2130.000
160.000	2579.000
161.000	3363.000
162.000	3613.000
163.000	3684.000
164.000	3305.000
165.000	2848.000
166.000	2094.000
167.000	1676.000
168.000	1270.000
169.000	1107.000
170.000	1052.000
171.000	954.000
172.000	1055.000
173.000	1089.000
174.000	1196.000
175.000	1368.000
176.000	1460.000
177.000	1588.000
178.000	1913.000
179.000	2318.000
180.000	2774.000
181.000	3140.000
182.000	3395.000
183.000	3099.000
184.000	2754.000
185.000	2257.000
186.000	1797.000
187.000	1416.000
188.000	1152.000
189.000	1048.000
190.000	1101.000
191.000	1249.000
192.000	1410.000
193.000	1924.000
194.000	2772.000
195.000	4627.000
196.000	8025.000
197.000	13782.000
198.000	23157.000
199.000	36529.000
200.000	51781.000
201.000	66567.000
202.000	76324.000
203.000	78324.000
204.000	71687.000
205.000	58675.000
206.000	42396.000
207.000	27774.000
208.000	16231.000
209.000	9151.000
210.000	4992.000
211.000	2792.000
212.000	2168.000
213.000	2137.000
214.000	2740.000
215.000	3971.000
216.000	5733.000
217.000	7857.000
218.000	10240.000
219.000	12023.000
220.000	13212.000
221.000	13209.000
222.000	11462.000
223.000	9442.000
224.000	6940.000
225.000	4617.000
226.000	3001.000
227.000	2003.000
228.000	1285.000
229.000	1029.000
230.000	889.000
231.000	822.000
232.000	761.000
233.000	749.000
234.000	806.000
235.000	839.000
236.000	886.000
237.000	877.000
238.000	1016.000
239.000	1268.000
240.000	1799.000
241.000	2745.000
242.000	4150.000
243.000	6218.000
244.000	8973.000
245.000	11639.000
246.000	14191.000
247.000	15483.000
248.000	15281.000
249.000	13826.000
250.000	11658.000
251.000	9044.000
252.000	6886.000
253.000	5327.000
254.000	4256.000
255.000	3585.000
256.000	3062.000
257.000	2835.000
258.000	2356.000
259.000	1889.000
260.000	1614.000
261.000	1471.000
262.000	1360.000
263.000	1433.000
264.000	1531.000
265.000	1809.000
266.000	2183.000
267.000	2732.000
268.000	3180.000
269.000	3642.000
270.000	4001.000
271.000	3960.000
272.000	3923.000
273.000	3354.000
274.000	2768.000
275.000	2329.000
276.000	1856.000
277.000	1474.000
278.000	1352.000
279.000	1249.000
280.000	1163.000
281.000	1166.000
282.000	1164.000
283.000	1182.000
284.000	1300.000
285.000	1287.000
286.000	1344.000
287.000	1479.000
288.000	1519.000
289.000	1618.000
290.000	1600.000
291.000	1721.000
292.000	1779.000
293.000	1824.000
294.000	1878.000
295.000	2013.000
296.000	1992.000
297.000	2002.000
298.000	1881.000
299.000	1877.000
300.000	1793.000
301.000	1618.000
302.000	1677.000
303.000	1709.000
304.000	1520.000
305.000	1547.000
306.000	1546.000
307.000	1527.000
308.000	1567.000
309.000	1630.000
310.000	1578.000
311.000	1664.000
312.000	1656.000
313.000	1797.000
314.000	2029.000
315.000	2402.000
316.000	3023.000
317.000	3927.000
318.000	5344.000
319.000	7133.000
320.000	9264.000
321.000	11222.000
322.000	12570.000
323.000	12934.000
324.000	12676.000
325.000	11236.000
326.000	9638.000
327.000	7813.000
328.000	6057.000
329.000	4890.000
330.000	3866.000
331.000	3202.000
332.000	2999.000
333.000	2848.000
334.000	3076.000
335.000	3269.000
336.000	3542.000
337.000	4174.000
338.000	5234.000
339.000	6999.000
340.000	10919.000
341.000	18239.000
342.000	32403.000
343.000	56770.000
344.000	95953.000
345.000	154280.000
346.000	230076.000
347.000	322043.000
348.000	414678.000
349.000	493846.000
350.000	540988.000
351.000	546070.000
352.000	508164.000
353.000	436024.000
354.000	344583.000
355.000	252764.000
356.000	171375.000
357.000	108852.000
358.000	63407.000
359.000	36332.000
360.000	20239.000
361.000	11488.000
362.000	7305.000
363.000	5248.000
364.000	4494.000
365.000	4259.000
366.000	3972.000
367.000	3905.000
368.000	4012.000
369.000	4059.000
370.000	4275.000
371.000	4502.000
372.000	4563.000
373.000	5066.000
374.000	5562.000
375.000	6350.000
376.000	7619.000
377.000	9639.000
378.000	12958.000
379.000	18304.000
380.000	25562.000
381.000	36062.000
382.000	48910.000
383.000	63563.000
384.000	77521.000
385.000	88915.000
386.000	94457.000
387.000	93178.000
388.000	86410.000
389.000	73978.000
390.000	59265.000
391.000	44691.000
392.000	31707.000
393.000	21707.000
394.000	14191.000
395.000	9569.000
396.000	6693.000
397.000	5170.000
398.000	4293.000
399.000	3889.000
400.000	3692.000
401.000	3739.000
402.000	3705.000
403.000	3951.000
404.000	3789.000
405.000	4004.000
406.000	4086.000
407.000	4108.000
408.000	4199.000
409.000	4236.000
410.000	4335.000
411.000	4273.000
412.000	4352.000
413.000	4181.000
414.000	4257.000
415.000	4221.000
416.000	4190.000
417.000	4304.000
418.000	4259.000
419.000	4354.000
420.000	4356.000
421.000	4459.000
422.000	4526.000
423.000	4568.000
424.000	4755.000
425.000	4697.000
426.000	4761.000
427.000	4801.000
428.000	4903.000
429.000	5243.000
430.000	5407.000
431.000	5777.000
432.000	6428.000
433.000	7057.000
434.000	8523.000
435.000	9837.000
436.000	11703.000
437.000	13797.000
438.000	15746.000
439.000	16651.000
440.000	17592.000
441.000	17637.000
442.000	16972.000
443.000	15454.000
444.000	13517.000
445.000	11743.000
446.000	10136.000
447.000	9134.000
448.000	8052.000
449.000	7620.000
450.000	7157.000
451.000	7148.000
452.000	7135.000
453.000	7099.000
454.000	7309.000
455.000	7460.000
456.000	7425.000
457.000	7616.000
458.000	7937.000
459.000	8074.000
460.000	8085.000
461.000	8329.000
462.000	8267.000
463.000	8857.000
464.000	9468.000
465.000	10410.000
466.000	11825.000
467.000	13227.000
468.000	15622.000
469.000	17945.000
470.000	20064.000
471.000	21729.000
472.000	22845.000
473.000	22746.000
474.000	22211.000
475.000	20071.000
476.000	18127.000
477.000	15962.000
478.000	14110.000
479.000	12378.000
480.000	11578.000
481.000	10672.000
482.000	10432.000
483.000	10586.000
484.000	11051.000
485.000	10926.000
486.000	11163.000
487.000	11547.000
488.000	11632.000
489.000	11410.000
490.000	11280.000
491.000	10927.000
492.000	10864.000
493.000	10548.000
494.000	10366.000
495.000	10275.000
496.000	10316.000
497.000	10505.000
498.000	10666.000
499.000	10561.000
500.000	10817.000
501.000	10983.000
502.000	11133.000
503.000	11345.000
504.000	11693.000
505.000	11896.000
506.000	11828.000
507.000	12037.000
508.000	12308.000
509.000	12361.000
510.000	12417.000
511.000	12311.000
512.000	12611.000
513.000	12643.000
514.000	12884.000
515.000	13087.000
516.000	13375.000
517.000	13596.000
518.000	14151.000
519.000	14595.000
520.000	15255.000
521.000	15586.000
522.000	16054.000
523.000	16786.000
524.000	16782.000
525.000	16856.000
526.000	16672.000
527.000	16342.000
528.000	16025.000
529.000	15799.000
530.000	15517.000
531.000	15392.000
532.000	15266.000
533.000	15172.000
534.000	14911.000
535.000	15013.000
536.000	15097.000
537.000	14951.000
538.000	14988.000
539.000	15045.000
540.000	15112.000
541.000	15353.000
542.000	15281.000
543.000	15793.000
544.000	15892.000
545.000	15799.000
546.000	15817.000
547.000	16427.000
548.000	16040.000
549.000	16063.000
550.000	16588.000
551.000	16408.000
552.000	16428.000
553.000	16596.000
554.000	16715.000
555.000	16726.000
556.000	16877.000
557.000	16971.000
558.000	17261.000
559.000	17283.000
560.000	17400.000
561.000	17583.000
562.000	17825.000
563.000	17553.000
564.000	17930.000
565.000	17963.000
566.000	18509.000
567.000	18441.000
568.000	18743.000
569.000	18642.000
570.000	18842.000
571.000	19228.000
572.000	19447.000
573.000	19628.000
574.000	19948.000
575.000	20053.000
576.000	20237.000
577.000	20437.000
578.000	20432.000
579.000	20530.000
580.000	20606.000
581.000	20540.000
582.000	20473.000
583.000	20673.000
584.000	20727.000
585.000	21056.000
586.000	21171.000
587.000	21223.000
588.000	21304.000
589.000	21736.000
590.000	21628.000
591.000	21909.000
592.000	21615.000
593.000	21791.000
594.000	22344.000
595.000	22378.000
596.000	22812.000
597.000	22565.000
598.000	22926.000
599.000	23047.000
600.000	23348.000
601.000	23371.000
602.000	23553.000
603.000	23862.000
604.000	23888.000
605.000	24144.000
606.000	24566.000
607.000	24517.000
608.000	25257.000
609.000	25496.000
610.000	25849.000
611.000	26032.000
612.000	26191.000
613.000	26699.000
614.000	26687.000
615.000	27063.000
616.000	26663.000
617.000	26915.000
618.000	26835.000
619.000	26621.000
620.000	26575.000
621.000	26862.000
622.000	26613.000
623.000	26674.000
624.000	27131.000
625.000	27035.000
626.000	27061.000
627.000	26879.000
628.000	27227.000
629.000	27494.000
630.000	27711.000
631.000	27779.000
632.000	28147.000
633.000	28296.000
634.000	27941.000
635.000	28605.000
636.000	28853.000
637.000	28683.000
638.000	29069.000
639.000	29508.000
640.000	29533.000
641.000	30048.000
642.000	30665.000
643.000	30993.000
644.000	31443.000
645.000	32484.000
646.000	33690.000
647.000	34857.000
648.000	36273.000
649.000	36674.000
650.000	37104.000
651.000	37611.000
652.000	37847.000
653.000	37242.000
654.000	36839.000
655.000	36282.000
656.000	35224.000
657.000	34668.000
658.000	33972.000
659.000	33173.000
660.000	32768.000
661.000	32733.000
662.000	32770.000
663.000	32904.000
664.000	32764.000
665.000	32620.000
666.000	33081.000
667.000	32749.000
668.000	33430.000
669.000	33492.000
670.000	33386.000
671.000	33310.000
672.000	33634.000
673.000	34031.000
674.000	34081.000
675.000	34328.000
676.000	34550.000
677.000	34705.000
678.000	34761.000
679.000	34973.000
680.000	35195.000
681.000	35533.000
682.000	35390.000
683.000	35164.000
684.000	36014.000
685.000	35928.000
686.000	35919.000
687.000	36515.000
688.000	36509.000
689.000	36819.000
690.000	37000.000
691.000	36980.000
692.000	37030.000
693.000	37193.000
694.000	37321.000
695.000	37387.000
696.000	37704.000
697.000	37410.000
698.000	37713.000
699.000	37942.000
700.000	38426.000
701.000	38055.000
702.000	38822.000
703.000	38038.000
704.000	38785.000
705.000	38388.000
706.000	38862.000
707.000	39073.000
708.000	39009.000
709.000	39128.000
710.000	39168.000
711.000	39496.000
712.000	39649.000
713.000	39615.000
714.000	39892.000
715.000	39951.000
716.000	40498.000
717.000	40512.000
718.000	40564.000
719.000	40750.000
720.000	41238.000
721.000	41762.000
722.000	41855.000
723.000	42371.000
724.000	42562.000
725.000	42953.000
726.000	43022.000
727.000	43610.000
728.000	43917.000
729.000	43929.000
730.000	43989.000
731.000	44373.000
732.000	43669.000
733.000	44196.000
734.000	43954.000
735.000	44030.000
736.000	44071.000
737.000	43768.000
738.000	43872.000
739.000	43604.000
740.000	43734.000
741.000	43564.000
742.000	43588.000
743.000	43885.000
744.000	44147.000
745.000	43944.000
746.000	43721.000
747.000	44329.000
748.000	44292.000
749.000	44774.000
750.000	44573.000
751.000	44701.000
752.000	44511.000
753.000	45211.000
754.000	45089.000
755.000	45701.000
756.000	45738.000
757.000	46156.000
758.000	46918.000
759.000	48688.000
760.000	50291.000
761.000	52885.000
762.000	56189.000
763.000	61081.000
764.000	67422.000
765.000	76120.000
766.000	85984.000
767.000	97146.000
768.000	108906.000
769.000	121196.000
770.000	131911.000
771.000	140456.000
772.000	146749.000
773.000	149061.000
774.000	148312.000
775.000	142582.000
776.000	132843.000
777.000	121992.000
778.000	110555.000
779.000	98909.000
780.000	86439.000
781.000	76401.000
782.000	67902.000
783.000	61354.000
784.000	56112.000
785.000	53140.000
786.000	50714.000
787.000	49472.000
788.000	48476.000
789.000	47825.000
790.000	47680.000
791.000	47978.000
792.000	47389.000
793.000	47926.000
794.000	47757.000
795.000	48169.000
796.000	47533.000
797.000	48045.000
798.000	48198.000
799.000	48208.000
800.000	47867.000
801.000	48188.000
802.000	48261.000
803.000	48827.000
804.000	48742.000
805.000	48980.000
806.000	48765.000
807.000	49485.000
808.000	49892.000
809.000	50238.000
810.000	50758.000
811.000	50314.000
812.000	50816.000
813.000	51501.000
814.000	51645.000
815.000	51820.000
816.000	52224.000
817.000	52054.000
818.000	53028.000
819.000	52257.000
820.000	52547.000
821.000	52352.000
822.000	52485.000
823.000	52035.000
824.000	51739.000
825.000	51499.000
826.000	51417.000
827.000	52076.000
828.000	51851.000
829.000	52332.000
830.000	52232.000
831.000	51984.000
832.000	51877.000
833.000	52624.000
834.000	53006.000
835.000	52808.000
836.000	53437.000
837.000	52893.000
838.000	53830.000
839.000	54005.000
840.000	53646.000
841.000	54191.000
842.000	54619.000
843.000	55347.000
844.000	55362.000
845.000	55609.000
846.000	55799.000
847.000	56494.000
848.000	57032.000
849.000	57678.000
850.000	58091.000
851.000	58933.000
852.000	60418.000
853.000	61926.000
854.000	63185.000
855.000	64898.000
856.000	67534.000
857.000	69861.000
858.000	72882.000
859.000	75423.000
860.000	78843.000
861.000	82122.000
862.000	84708.000
863.000	86430.000
864.000	88388.000
865.000	89651.000
866.000	89818.000
867.000	89618.000
868.000	88976.000
869.000	87940.000
870.000	87146.000
871.000	86538.000
872.000	85643.000
873.000	85958.000
874.000	87428.000
875.000	88071.000
876.000	90246.000
877.000	93894.000
878.000	96636.000
879.000	101086.000
880.000	105726.000
881.000	110255.000
882.000	115740.000
883.000	122622.000
884.000	129015.000
885.000	135342.000
886.000	143087.000
887.000	152014.000
888.000	160313.000
889.000	169320.000
890.000	178293.000
891.000	186048.000
892.000	196373.000
893.000	204278.000
894.000	211689.000
895.000	218844.000
896.000	225318.000
897.000	229971.000
898.000	234098.000
899.000	237377.000
900.000	240140.000
901.000	239529.000
902.000	238522.000
903.000	236161.000
904.000	232811.000
905.000	227943.000
906.000	222737.000
907.000	216086.000
908.000	209333.000
909.000	201010.000
910.000	192687.000
911.000	183769.000
912.000	176097.000
913.000	166929.000
914.000	158195.000
915.000	150708.000
916.000	141678.000
917.000	133519.000
918.000	126725.000
919.000	119061.000
920.000	112130.000
921.000	106598.000
922.000	100803.000
923.000	95948.000
924.000	91302.000
925.000	87347.000
926.000	83227.000
927.000	79514.000
928.000	76355.000
929.000	73585.000
930.000	71638.000
931.000	69331.000
932.000	67506.000
933.000	65767.000
934.000	64698.000
935.000	64097.000
936.000	63560.000
937.000	63794.000
938.000	64413.000
939.000	65670.000
940.000	68078.000
941.000	72281.000
942.000	77040.000
943.000	83222.000
944.000	90927.000
945.000	100638.000
946.000	110554.000
947.000	120546.000
948.000	132493.000
949.000	142769.000
950.000	151993.000
951.000	159423.000
952.000	164977.000
953.000	166665.000
954.000	166121.000
955.000	162666.000
956.000	155591.000
957.000	146152.000
958.000	133990.000
959.000	122218.000
960.000	109937.000
961.000	97525.000
962.000	86308.000
963.000	76777.000
964.000	69072.000
965.000	62791.000
966.000	57961.000
967.000	55475.000
968.000	52361.000
969.000	50615.000
970.000	49975.000
971.000	49045.000
972.000	49355.000
973.000	48869.000
974.000	48840.000
975.000	49331.000
976.000	49612.000
977.000	49533.000
978.000	50324.000
979.000	50390.000
980.000	50907.000
981.000	50942.000
982.000	51908.000
983.000	52768.000
984.000	53655.000
985.000	54059.000
986.000	55633.000
987.000	55891.000
988.000	56953.000
989.000	58513.000
990.000	59635.000
991.000	61122.000
992.000	62909.000
993.000	63852.000
994.000	65646.000
995.000	66720.000
996.000	67803.000
997.000	69207.000
998.000	70439.000
999.000	71684.000
1000.000	72394.000
1001.000	73062.000
1002.000	73692.000
1003.000	73279.000
1004.000	74137.000
1005.000	74047.000
1006.000	74015.000
1007.000	73363.000
1008.000	72869.000
1009.000	72328.000
1010.000	70754.000
1011.000	70238.000
1012.000	69195.000
1013.000	66971.000
1014.000	65712.000
1015.000	64337.000
1016.000	62471.000
1017.000	60643.000
1018.000	59226.000
1019.000	57245.000
1020.000	55183.000
1021.000	53664.000
1022.000	52168.000
1023.000	50399.000
1024.000	48251.000
