Date:	8/21/2008		Time:	11:19 AM		Version no:	0.00		Project name:	55		Sample name:	222		Section name:	section		Position	0.000000	mm	E0	0.000000	keV	E1	1.000000	keV/channel	sample surface	2.000000	cm	Tube anode:	Mo		Tube voltage:	30	kV	Tube current:	50	mA	gain	20		std. database			resultfile	result		matrix element	11		sample thickness	1.000000		air passage	0.560000	cm	comments	not in position		peaking_time	3.000000	m-sec	trigger_threshold	1229.166667	V	mca_bin_width	22.090000	no:	number_mca_channels	1024.000000	no:	gap_time	0.400000	m-sec	trigger_peaking_time	0.150000	m-sec	GAINDAC	9455		HIGHGAIN	1		TAURC	0		RCTAU	53		RCTAUFRAC	32768		livetime	9.872720	seconds	runtime	10.000503	seconds	input_count_rate	13.670599	cps	output_count_rate	11.577517	cps	triggers	134966	seconds	events_in_run	115781	seconds	channel	content		1.000	0.000
2.000	0.000
3.000	0.000
4.000	0.000
5.000	0.000
6.000	0.000
7.000	0.000
8.000	0.000
9.000	0.000
10.000	0.000
11.000	0.000
12.000	0.000
13.000	0.000
14.000	0.000
15.000	0.000
16.000	0.000
17.000	0.000
18.000	0.000
19.000	0.000
20.000	0.000
21.000	0.000
22.000	0.000
23.000	0.000
24.000	0.000
25.000	0.000
26.000	0.000
27.000	0.000
28.000	0.000
29.000	0.000
30.000	0.000
31.000	235.000
32.000	302.000
33.000	361.000
34.000	468.000
35.000	566.000
36.000	681.000
37.000	779.000
38.000	937.000
39.000	1080.000
40.000	1258.000
41.000	1321.000
42.000	1467.000
43.000	1710.000
44.000	1861.000
45.000	1966.000
46.000	2110.000
47.000	2337.000
48.000	2456.000
49.000	2559.000
50.000	2671.000
51.000	2808.000
52.000	2919.000
53.000	2895.000
54.000	3031.000
55.000	3031.000
56.000	3019.000
57.000	3185.000
58.000	3145.000
59.000	3120.000
60.000	3067.000
61.000	3105.000
62.000	3098.000
63.000	3021.000
64.000	2965.000
65.000	3000.000
66.000	2933.000
67.000	2927.000
68.000	2856.000
69.000	2922.000
70.000	2903.000
71.000	2752.000
72.000	2761.000
73.000	2744.000
74.000	2737.000
75.000	2726.000
76.000	2653.000
77.000	2596.000
78.000	2646.000
79.000	2645.000
80.000	2535.000
81.000	2642.000
82.000	2632.000
83.000	2651.000
84.000	2463.000
85.000	2564.000
86.000	2477.000
87.000	2417.000
88.000	2402.000
89.000	2426.000
90.000	2335.000
91.000	2443.000
92.000	2497.000
93.000	2947.000
94.000	3201.000
95.000	3405.000
96.000	3581.000
97.000	3439.000
98.000	3285.000
99.000	3020.000
100.000	2806.000
101.000	2671.000
102.000	2696.000
103.000	2830.000
104.000	3044.000
105.000	3348.000
106.000	3582.000
107.000	3767.000
108.000	3667.000
109.000	3572.000
110.000	3254.000
111.000	2977.000
112.000	2775.000
113.000	2501.000
114.000	2439.000
115.000	2208.000
116.000	2165.000
117.000	2201.000
118.000	2091.000
119.000	2188.000
120.000	2235.000
121.000	2291.000
122.000	2470.000
123.000	2785.000
124.000	2990.000
125.000	3357.000
126.000	3333.000
127.000	3325.000
128.000	3140.000
129.000	2897.000
130.000	2726.000
131.000	2570.000
132.000	2257.000
133.000	2257.000
134.000	2136.000
135.000	2138.000
136.000	1914.000
137.000	1940.000
138.000	1891.000
139.000	1834.000
140.000	1689.000
141.000	1675.000
142.000	1667.000
143.000	1740.000
144.000	1660.000
145.000	1719.000
146.000	1672.000
147.000	1592.000
148.000	1694.000
149.000	1699.000
150.000	1793.000
151.000	1810.000
152.000	1716.000
153.000	1698.000
154.000	1707.000
155.000	1735.000
156.000	1700.000
157.000	1642.000
158.000	1817.000
159.000	2005.000
160.000	2415.000
161.000	2555.000
162.000	2693.000
163.000	2750.000
164.000	2714.000
165.000	2334.000
166.000	2085.000
167.000	1770.000
168.000	1666.000
169.000	1437.000
170.000	1482.000
171.000	1502.000
172.000	1479.000
173.000	1605.000
174.000	1724.000
175.000	1877.000
176.000	2192.000
177.000	2768.000
178.000	3460.000
179.000	4497.000
180.000	5631.000
181.000	6504.000
182.000	6864.000
183.000	6507.000
184.000	5715.000
185.000	4615.000
186.000	3474.000
187.000	2666.000
188.000	2102.000
189.000	1992.000
190.000	1844.000
191.000	2069.000
192.000	2482.000
193.000	3352.000
194.000	5100.000
195.000	8364.000
196.000	14813.000
197.000	25895.000
198.000	43704.000
199.000	68097.000
200.000	97304.000
201.000	124275.000
202.000	142606.000
203.000	146756.000
204.000	134375.000
205.000	109311.000
206.000	79247.000
207.000	51837.000
208.000	30826.000
209.000	16958.000
210.000	9172.000
211.000	5373.000
212.000	3896.000
213.000	4036.000
214.000	5099.000
215.000	7247.000
216.000	10477.000
217.000	14873.000
218.000	19542.000
219.000	23228.000
220.000	25371.000
221.000	25105.000
222.000	22090.000
223.000	17571.000
224.000	13179.000
225.000	8943.000
226.000	5892.000
227.000	3729.000
228.000	2492.000
229.000	1876.000
230.000	1521.000
231.000	1373.000
232.000	1341.000
233.000	1375.000
234.000	1371.000
235.000	1386.000
236.000	1450.000
237.000	1676.000
238.000	2107.000
239.000	2824.000
240.000	4138.000
241.000	6858.000
242.000	11167.000
243.000	17046.000
244.000	25150.000
245.000	32802.000
246.000	39556.000
247.000	43572.000
248.000	43243.000
249.000	38856.000
250.000	32530.000
251.000	25217.000
252.000	18972.000
253.000	14277.000
254.000	11210.000
255.000	9281.000
256.000	7813.000
257.000	6703.000
258.000	5508.000
259.000	4482.000
260.000	3727.000
261.000	3098.000
262.000	2833.000
263.000	3089.000
264.000	3346.000
265.000	4112.000
266.000	5350.000
267.000	6848.000
268.000	8456.000
269.000	9680.000
270.000	10634.000
271.000	10747.000
272.000	10157.000
273.000	8777.000
274.000	7227.000
275.000	5683.000
276.000	4390.000
277.000	3416.000
278.000	2827.000
279.000	2485.000
280.000	2272.000
281.000	2272.000
282.000	2326.000
283.000	2285.000
284.000	2396.000
285.000	2572.000
286.000	2650.000
287.000	2855.000
288.000	3113.000
289.000	3121.000
290.000	3428.000
291.000	3558.000
292.000	3715.000
293.000	3907.000
294.000	3987.000
295.000	4086.000
296.000	4095.000
297.000	4076.000
298.000	3897.000
299.000	3840.000
300.000	3669.000
301.000	3465.000
302.000	3327.000
303.000	3151.000
304.000	3101.000
305.000	3083.000
306.000	2996.000
307.000	3070.000
308.000	3034.000
309.000	2999.000
310.000	3086.000
311.000	3129.000
312.000	3329.000
313.000	3421.000
314.000	3858.000
315.000	4908.000
316.000	6144.000
317.000	8357.000
318.000	11551.000
319.000	15493.000
320.000	19961.000
321.000	24337.000
322.000	27626.000
323.000	28352.000
324.000	27825.000
325.000	25239.000
326.000	21230.000
327.000	17008.000
328.000	12986.000
329.000	10020.000
330.000	7982.000
331.000	6874.000
332.000	6265.000
333.000	6199.000
334.000	6536.000
335.000	7220.000
336.000	8046.000
337.000	9534.000
338.000	12109.000
339.000	16982.000
340.000	27650.000
341.000	47920.000
342.000	85509.000
343.000	151488.000
344.000	258811.000
345.000	415896.000
346.000	625377.000
347.000	869991.000
348.000	1119941.000
349.000	1333111.000
350.000	1461986.000
351.000	1479318.000
352.000	1379105.000
353.000	1185401.000
354.000	939615.000
355.000	685726.000
356.000	465582.000
357.000	293501.000
358.000	173774.000
359.000	97180.000
360.000	53743.000
361.000	29745.000
362.000	17814.000
363.000	12684.000
364.000	10085.000
365.000	9230.000
366.000	9048.000
367.000	8759.000
368.000	9126.000
369.000	8973.000
370.000	9363.000
371.000	10024.000
372.000	10390.000
373.000	11406.000
374.000	12947.000
375.000	14862.000
376.000	18506.000
377.000	24042.000
378.000	33501.000
379.000	47780.000
380.000	69001.000
381.000	97490.000
382.000	133466.000
383.000	174380.000
384.000	212829.000
385.000	242589.000
386.000	257610.000
387.000	256742.000
388.000	236436.000
389.000	203567.000
390.000	162199.000
391.000	121553.000
392.000	85119.000
393.000	57346.000
394.000	36580.000
395.000	23635.000
396.000	15434.000
397.000	11160.000
398.000	8866.000
399.000	7756.000
400.000	7021.000
401.000	7063.000
402.000	6986.000
403.000	7217.000
404.000	7421.000
405.000	7538.000
406.000	7734.000
407.000	7961.000
408.000	8195.000
409.000	8159.000
410.000	8225.000
411.000	8124.000
412.000	8247.000
413.000	8165.000
414.000	7877.000
415.000	8014.000
416.000	8037.000
417.000	7960.000
418.000	8140.000
419.000	8329.000
420.000	8125.000
421.000	8252.000
422.000	8416.000
423.000	8540.000
424.000	8530.000
425.000	8681.000
426.000	9056.000
427.000	8891.000
428.000	9137.000
429.000	9342.000
430.000	9582.000
431.000	10122.000
432.000	10778.000
433.000	11650.000
434.000	12986.000
435.000	14674.000
436.000	16688.000
437.000	18678.000
438.000	20332.000
439.000	22086.000
440.000	22844.000
441.000	22786.000
442.000	22013.000
443.000	20809.000
444.000	19242.000
445.000	17363.000
446.000	16155.000
447.000	14933.000
448.000	14069.000
449.000	13673.000
450.000	13292.000
451.000	13244.000
452.000	13503.000
453.000	13459.000
454.000	13756.000
455.000	13919.000
456.000	14321.000
457.000	14994.000
458.000	15308.000
459.000	15600.000
460.000	15364.000
461.000	15593.000
462.000	15644.000
463.000	15904.000
464.000	16354.000
465.000	17023.000
466.000	18071.000
467.000	19994.000
468.000	22156.000
469.000	24759.000
470.000	26559.000
471.000	28463.000
472.000	29126.000
473.000	29892.000
474.000	28946.000
475.000	27057.000
476.000	25414.000
477.000	23310.000
478.000	21572.000
479.000	19965.000
480.000	18772.000
481.000	18505.000
482.000	17992.000
483.000	18142.000
484.000	18517.000
485.000	18634.000
486.000	18949.000
487.000	19417.000
488.000	19609.000
489.000	19165.000
490.000	19527.000
491.000	19006.000
492.000	19106.000
493.000	18881.000
494.000	18990.000
495.000	18923.000
496.000	19033.000
497.000	19319.000
498.000	19534.000
499.000	19762.000
500.000	20063.000
501.000	20378.000
502.000	21004.000
503.000	21753.000
504.000	21779.000
505.000	22043.000
506.000	22361.000
507.000	22534.000
508.000	22712.000
509.000	23082.000
510.000	23039.000
511.000	22968.000
512.000	23306.000
513.000	23341.000
514.000	23285.000
515.000	23592.000
516.000	24026.000
517.000	24484.000
518.000	24966.000
519.000	25462.000
520.000	26102.000
521.000	26764.000
522.000	27619.000
523.000	28081.000
524.000	28232.000
525.000	28435.000
526.000	28309.000
527.000	28474.000
528.000	28431.000
529.000	28424.000
530.000	28060.000
531.000	27695.000
532.000	27540.000
533.000	27231.000
534.000	27300.000
535.000	27182.000
536.000	27232.000
537.000	26875.000
538.000	27300.000
539.000	27326.000
540.000	27944.000
541.000	28279.000
542.000	28187.000
543.000	28284.000
544.000	28528.000
545.000	29322.000
546.000	28848.000
547.000	29087.000
548.000	29407.000
549.000	29097.000
550.000	29467.000
551.000	29289.000
552.000	29757.000
553.000	30032.000
554.000	30020.000
555.000	29909.000
556.000	30730.000
557.000	30310.000
558.000	30446.000
559.000	30713.000
560.000	31315.000
561.000	31324.000
562.000	31113.000
563.000	31608.000
564.000	31765.000
565.000	32036.000
566.000	32200.000
567.000	32282.000
568.000	32434.000
569.000	32532.000
570.000	33265.000
571.000	33845.000
572.000	34337.000
573.000	34715.000
574.000	34946.000
575.000	35179.000
576.000	35536.000
577.000	35593.000
578.000	35351.000
579.000	35928.000
580.000	36054.000
581.000	35969.000
582.000	35934.000
583.000	36017.000
584.000	36274.000
585.000	36397.000
586.000	36440.000
587.000	36472.000
588.000	37226.000
589.000	37464.000
590.000	37317.000
591.000	37696.000
592.000	37865.000
593.000	38401.000
594.000	38668.000
595.000	38988.000
596.000	39431.000
597.000	39421.000
598.000	39537.000
599.000	39904.000
600.000	40441.000
601.000	40387.000
602.000	40666.000
603.000	41175.000
604.000	41102.000
605.000	41704.000
606.000	41409.000
607.000	42222.000
608.000	42437.000
609.000	42698.000
610.000	43553.000
611.000	43425.000
612.000	43819.000
613.000	44287.000
614.000	44309.000
615.000	44366.000
616.000	44903.000
617.000	44902.000
618.000	45121.000
619.000	45236.000
620.000	45072.000
621.000	45376.000
622.000	45274.000
623.000	45909.000
624.000	45396.000
625.000	45888.000
626.000	45906.000
627.000	46503.000
628.000	46498.000
629.000	47319.000
630.000	46841.000
631.000	46971.000
632.000	47541.000
633.000	47199.000
634.000	47923.000
635.000	48082.000
636.000	48526.000
637.000	48778.000
638.000	48697.000
639.000	49405.000
640.000	49188.000
641.000	49815.000
642.000	49847.000
643.000	50276.000
644.000	50852.000
645.000	51906.000
646.000	52775.000
647.000	53303.000
648.000	53995.000
649.000	55061.000
650.000	55553.000
651.000	55734.000
652.000	56155.000
653.000	55879.000
654.000	56072.000
655.000	55036.000
656.000	54902.000
657.000	54049.000
658.000	53915.000
659.000	54006.000
660.000	53612.000
661.000	53559.000
662.000	53514.000
663.000	53428.000
664.000	53999.000
665.000	53799.000
666.000	53601.000
667.000	54574.000
668.000	54539.000
669.000	54765.000
670.000	55101.000
671.000	55153.000
672.000	55669.000
673.000	56225.000
674.000	56081.000
675.000	56125.000
676.000	56492.000
677.000	56414.000
678.000	57270.000
679.000	57014.000
680.000	57432.000
681.000	58107.000
682.000	58027.000
683.000	58269.000
684.000	58897.000
685.000	59263.000
686.000	59304.000
687.000	59392.000
688.000	59475.000
689.000	59449.000
690.000	59919.000
691.000	60150.000
692.000	60401.000
693.000	60654.000
694.000	61110.000
695.000	61425.000
696.000	61332.000
697.000	61625.000
698.000	62292.000
699.000	62145.000
700.000	62643.000
701.000	62912.000
702.000	63116.000
703.000	63069.000
704.000	62836.000
705.000	63275.000
706.000	63078.000
707.000	62503.000
708.000	63459.000
709.000	63084.000
710.000	63222.000
711.000	63563.000
712.000	63557.000
713.000	63720.000
714.000	63855.000
715.000	64430.000
716.000	64534.000
717.000	64943.000
718.000	65196.000
719.000	65239.000
720.000	65803.000
721.000	65789.000
722.000	66956.000
723.000	66785.000
724.000	67203.000
725.000	68025.000
726.000	68161.000
727.000	68534.000
728.000	69069.000
729.000	69676.000
730.000	69326.000
731.000	69339.000
732.000	69917.000
733.000	69864.000
734.000	69891.000
735.000	69897.000
736.000	69086.000
737.000	69190.000
738.000	69118.000
739.000	69379.000
740.000	68981.000
741.000	68782.000
742.000	69214.000
743.000	68891.000
744.000	69643.000
745.000	69029.000
746.000	69210.000
747.000	69911.000
748.000	69495.000
749.000	70245.000
750.000	69974.000
751.000	70677.000
752.000	70596.000
753.000	70326.000
754.000	70687.000
755.000	71643.000
756.000	71709.000
757.000	72608.000
758.000	73196.000
759.000	74345.000
760.000	76451.000
761.000	79502.000
762.000	83046.000
763.000	89662.000
764.000	96873.000
765.000	106721.000
766.000	117496.000
767.000	130726.000
768.000	144655.000
769.000	158427.000
770.000	171624.000
771.000	182355.000
772.000	189230.000
773.000	192439.000
774.000	190602.000
775.000	184147.000
776.000	174743.000
777.000	161800.000
778.000	146744.000
779.000	132954.000
780.000	119601.000
781.000	107804.000
782.000	98163.000
783.000	90218.000
784.000	83838.000
785.000	79551.000
786.000	76980.000
787.000	75639.000
788.000	74659.000
789.000	73788.000
790.000	73834.000
791.000	73718.000
792.000	73614.000
793.000	73421.000
794.000	73745.000
795.000	73941.000
796.000	73316.000
797.000	73860.000
798.000	74044.000
799.000	74074.000
800.000	74097.000
801.000	74545.000
802.000	74276.000
803.000	74829.000
804.000	75360.000
805.000	74636.000
806.000	75463.000
807.000	75855.000
808.000	76650.000
809.000	77023.000
810.000	77629.000
811.000	78610.000
812.000	78363.000
813.000	79320.000
814.000	80291.000
815.000	80939.000
816.000	81256.000
817.000	81209.000
818.000	81489.000
819.000	81167.000
820.000	80950.000
821.000	80863.000
822.000	79522.000
823.000	79163.000
824.000	79218.000
825.000	78723.000
826.000	78266.000
827.000	78281.000
828.000	78181.000
829.000	78154.000
830.000	77974.000
831.000	78458.000
832.000	79291.000
833.000	79051.000
834.000	79316.000
835.000	79165.000
836.000	79939.000
837.000	79989.000
838.000	80493.000
839.000	80833.000
840.000	81293.000
841.000	81875.000
842.000	81915.000
843.000	82801.000
844.000	82854.000
845.000	83540.000
846.000	83906.000
847.000	84197.000
848.000	85600.000
849.000	86550.000
850.000	87581.000
851.000	90003.000
852.000	90707.000
853.000	93576.000
854.000	95983.000
855.000	99325.000
856.000	102183.000
857.000	105763.000
858.000	110063.000
859.000	113725.000
860.000	118026.000
861.000	122188.000
862.000	125030.000
863.000	127219.000
864.000	128713.000
865.000	129073.000
866.000	129700.000
867.000	128634.000
868.000	125942.000
869.000	124868.000
870.000	123686.000
871.000	121218.000
872.000	121808.000
873.000	122042.000
874.000	123137.000
875.000	125582.000
876.000	127738.000
877.000	131377.000
878.000	135893.000
879.000	140949.000
880.000	146410.000
881.000	152464.000
882.000	160149.000
883.000	168998.000
884.000	176160.000
885.000	185971.000
886.000	196869.000
887.000	206738.000
888.000	219298.000
889.000	231314.000
890.000	245000.000
891.000	256885.000
892.000	269305.000
893.000	282228.000
894.000	295278.000
895.000	305451.000
896.000	314777.000
897.000	324163.000
898.000	331416.000
899.000	336928.000
900.000	341526.000
901.000	343539.000
902.000	344612.000
903.000	343410.000
904.000	340241.000
905.000	337649.000
906.000	330755.000
907.000	322155.000
908.000	313511.000
909.000	302537.000
910.000	291782.000
911.000	278912.000
912.000	267122.000
913.000	255309.000
914.000	242118.000
915.000	229106.000
916.000	216842.000
917.000	205895.000
918.000	193608.000
919.000	183084.000
920.000	172661.000
921.000	163051.000
922.000	154683.000
923.000	146776.000
924.000	138676.000
925.000	132179.000
926.000	125866.000
927.000	120692.000
928.000	115769.000
929.000	111768.000
930.000	107275.000
931.000	104893.000
932.000	101038.000
933.000	98960.000
934.000	96663.000
935.000	94826.000
936.000	94680.000
937.000	95050.000
938.000	95662.000
939.000	97700.000
940.000	101536.000
941.000	107113.000
942.000	115015.000
943.000	125440.000
944.000	137968.000
945.000	152542.000
946.000	168447.000
947.000	185906.000
948.000	202805.000
949.000	219933.000
950.000	233395.000
951.000	246201.000
952.000	254812.000
953.000	259910.000
954.000	257743.000
955.000	252614.000
956.000	241087.000
957.000	226369.000
958.000	208489.000
959.000	188550.000
960.000	169286.000
961.000	149308.000
962.000	131813.000
963.000	116858.000
964.000	104744.000
965.000	94612.000
966.000	86523.000
967.000	81049.000
968.000	76964.000
969.000	74192.000
970.000	72366.000
971.000	71324.000
972.000	69979.000
973.000	69933.000
974.000	70172.000
975.000	70310.000
976.000	70135.000
977.000	70582.000
978.000	71024.000
979.000	70964.000
980.000	71819.000
981.000	72331.000
982.000	72848.000
983.000	73724.000
984.000	74811.000
985.000	75706.000
986.000	76656.000
987.000	78243.000
988.000	79577.000
989.000	80811.000
990.000	82124.000
991.000	83903.000
992.000	85706.000
993.000	87363.000
994.000	89151.000
995.000	90967.000
996.000	92928.000
997.000	94746.000
998.000	96078.000
999.000	98092.000
1000.000	99747.000
1001.000	100477.000
1002.000	102203.000
1003.000	102462.000
1004.000	102745.000
1005.000	103476.000
1006.000	103716.000
1007.000	103434.000
1008.000	103136.000
1009.000	102481.000
1010.000	101416.000
1011.000	99865.000
1012.000	97788.000
1013.000	96745.000
1014.000	95632.000
1015.000	93367.000
1016.000	91073.000
1017.000	89036.000
1018.000	86476.000
1019.000	84033.000
1020.000	81154.000
1021.000	77986.000
1022.000	76137.000
1023.000	73872.000
1024.000	71394.000
